2.606813
15, 261
8, 249
163, 270
12, 288
74, 291
95, 107
138, 253
126, 141
29, 158
15, 256
130, 261
77, 112
136, 177
98, 125
234, 262
86, 126
79, 229
205, 242
111, 134
103, 191
60, 279
131, 268
82, 142
27, 277
55, 264
134, 271
46, 159
46, 180
10, 274
110, 181
116, 245
22, 225
97, 118
112, 175
106, 290
95, 147
13, 161
72, 286
49, 98
41, 262
91, 151
244, 281
122, 200
56, 191
235, 291
89, 166
89, 245
10, 210
21, 111
53, 128
33, 145
114, 204
57, 121
200, 238
33, 166
199, 212
140, 150
180, 233
213, 256
23, 276
275, 289
83, 171
164, 185
120, 223
207, 226
81, 86
59, 107
95, 254
192, 207
11, 14
202, 291
223, 270
149, 299
48, 185
48, 262
27, 144
94, 149
31, 194
165, 177
8, 288
163, 272
203, 280
18, 150
2, 225
221, 285
106, 231
78, 280
9, 196
19, 59
139, 268
40, 255
45, 294
29, 202
32, 51
131, 186
44, 240
4, 271
112, 296
38, 196
54, 289
94, 263
224, 249
86, 115
5, 147
72, 134
45, 281
45, 106
5, 168
221, 255
140, 204
27, 90
102, 295
133, 164
38, 152
190, 227
132, 202
137, 293
241, 291
174, 212
85, 210
97, 233
194, 276
121, 195
76, 136
150, 261
1, 36
125, 239
20, 137
60, 140
0, 185
85, 142
125, 134
246, 292
34, 162
231, 289
160, 217
6, 262
130, 270
77, 129
9, 205
146, 256
26, 270
105, 279
184, 190
118, 151
56, 149
197, 271
25, 224
263, 274
158, 256
21, 293
262, 286
278, 285
117, 275
37, 280
111, 224
112, 237
106, 223
102, 128
34, 271
212, 273
2, 44
9, 298
65, 252
34, 90
39, 146
171, 237
211, 273
187, 292
2, 239
216, 236
219, 239
145, 254
76, 260
72, 263
117, 215
267, 299
10, 14
153, 164
49, 193
177, 280
191, 253
157, 259
179, 233
170, 264
8, 130
201, 272
168, 243
43, 280
163, 212
69, 260
107, 265
77, 222
88, 123
63, 188
178, 269
121, 224
140, 188
196, 207
26, 108
105, 145
228, 288
33, 176
26, 255
23, 116
127, 132
51, 220
173, 255
51, 267
154, 186
237, 261
33, 43
133, 230
29, 65
260, 282
49, 80
17, 286
140, 226
154, 177
42, 224
30, 63
93, 156
229, 288
173, 246
257, 276
248, 272
73, 87
148, 153
5, 124
36, 101
123, 244
9, 190
36, 152
85, 87
190, 198
37, 84
47, 267
50, 199
93, 248
206, 213
97, 134
169, 284
71, 102
48, 128
86, 195
221, 269
208, 255
59, 209
287, 294
24, 231
141, 157
176, 181
35, 150
121, 217
16, 90
109, 241
7, 245
122, 201
7, 61
6, 232
135, 168
58, 154
40, 172
113, 240
146, 183
75, 233
99, 211
203, 284
64, 129
5, 104
226, 258
19, 266
62, 234
163, 214
16, 119
33, 283
31, 70
52, 82
247, 269
70, 218
23, 167
55, 240
167, 251
85, 96
3, 152
13, 235
28, 257
155, 217
122, 236
182, 271
250, 263
67, 134
46, 100
98, 143
66, 132
92, 249
93, 189
68, 293
263, 297
