1.397700
27, 832
397, 740
229, 446
332, 485
273, 275
494, 932
54, 916
139, 889
424, 922
142, 554
128, 308
420, 500
29, 618
384, 833
589, 805
536, 552
132, 134
785, 994
87, 434
542, 951
842, 996
195, 333
239, 332
516, 736
290, 402
87, 509
511, 856
407, 990
515, 617
894, 967
47, 670
288, 496
471, 758
483, 486
463, 889
446, 759
74, 994
365, 542
525, 909
126, 302
89, 195
35, 493
330, 996
589, 966
224, 417
248, 737
459, 808
20, 649
234, 901
51, 328
187, 473
238, 926
339, 400
479, 656
308, 782
463, 680
669, 941
71, 850
217, 599
158, 521
289, 359
451, 519
130, 315
309, 787
185, 256
94, 780
746, 809
828, 979
310, 831
15, 369
556, 826
221, 240
634, 999
748, 920
447, 934
135, 147
147, 179
281, 510
11, 585
311, 877
102, 838
222, 837
568, 828
399, 803
431, 902
338, 942
277, 286
131, 513
433, 770
103, 134
481, 859
772, 885
420, 727
67, 379
98, 373
244, 501
483, 887
474, 815
488, 793
501, 785
83, 508
68, 555
122, 175
611, 744
455, 579
477, 756
162, 779
232, 283
60, 327
117, 454
401, 749
122, 982
573, 648
372, 778
53, 96
353, 955
531, 748
103, 499
183, 789
171, 213
218, 288
217, 232
127, 171
63, 834
144, 421
447, 974
103, 128
75, 775
159, 438
248, 354
551, 655
722, 837
741, 852
45, 850
672, 745
160, 728
263, 298
474, 912
787, 872
334, 605
720, 933
593, 697
745, 963
578, 878
96, 703
125, 967
213, 292
168, 927
304, 661
12, 906
37, 128
357, 419
181, 390
668, 791
686, 789
67, 499
575, 740
142, 739
519, 541
92, 599
688, 946
10, 313
146, 679
82, 401
2, 565
305, 956
33, 48
615, 932
227, 966
194, 250
399, 418
559, 698
703, 852
90, 440
147, 208
103, 941
611, 802
109, 333
115, 728
228, 651
539, 707
703, 828
55, 71
486, 529
438, 442
44, 804
82, 987
296, 324
46, 615
48, 690
79, 280
362, 590
105, 236
105, 370
622, 976
278, 368
301, 582
455, 759
926, 993
557, 680
112, 208
94, 178
561, 990
722, 888
76, 946
604, 959
408, 517
123, 778
202, 476
57, 793
382, 566
184, 594
235, 745
320, 570
167, 960
207, 966
105, 284
606, 971
300, 964
132, 167
340, 596
157, 735
224, 225
668, 892
462, 996
62, 765
240, 987
589, 858
265, 623
50, 886
237, 965
289, 632
324, 579
347, 532
187, 369
149, 313
280, 309
470, 740
493, 686
162, 798
408, 411
621, 871
698, 763
44, 782
842, 954
12, 970
448, 882
101, 369
421, 869
705, 918
644, 963
44, 999
680, 955
402, 659
709, 864
81, 588
186, 501
274, 554
74, 370
81, 991
20, 892
262, 390
564, 616
423, 888
164, 180
173, 680
444, 831
256, 812
689, 801
259, 409
476, 850
74, 478
674, 863
425, 807
666, 713
282, 523
404, 683
623, 896
703, 960
305, 929
682, 700
186, 912
685, 906
401, 683
165, 399
835, 942
192, 471
44, 416
197, 535
400, 610
66, 196
750, 805
60, 403
142, 856
736, 790
10, 587
335, 450
46, 522
695, 711
203, 825
47, 220
412, 888
6, 557
312, 362
722, 744
240, 569
332, 955
164, 462
565, 671
572, 783
725, 812
207, 915
487, 839
93, 569
333, 752
148, 972
280, 731
727, 915
494, 554
524, 841
74, 418
669, 693
297, 885
627, 655
725, 887
855, 891
96, 274
716, 832
193, 448
52, 681
451, 742
344, 612
48, 867
299, 337
260, 615
53, 443
91, 287
259, 461
323, 329
390, 976
72, 287
382, 806
564, 674
30, 773
16, 745
451, 654
733, 782
110, 835
140, 997
146, 443
640, 740
123, 615
110, 704
927, 948
412, 675
505, 712
428, 799
425, 578
553, 566
675, 944
173, 972
546, 758
12, 405
119, 560
203, 293
209, 908
394, 510
691, 784
87, 89
225, 955
341, 878
401, 444
655, 920
225, 843
789, 889
713, 774
272, 327
573, 625
26, 721
840, 844
565, 688
741, 985
148, 910
256, 782
353, 941
453, 994
499, 754
159, 713
625, 789
652, 711
311, 394
281, 827
334, 683
660, 866
164, 500
539, 919
280, 984
250, 660
51, 91
609, 709
855, 906
4, 76
421, 608
186, 630
47, 674
78, 572
159, 736
154, 578
129, 255
298, 766
320, 379
426, 572
665, 896
387, 689
127, 422
198, 898
389, 645
466, 980
64, 870
781, 893
243, 876
436, 597
488, 647
191, 847
520, 693
615, 997
71, 115
222, 425
388, 851
379, 646
184, 399
187, 818
490, 642
34, 956
257, 451
462, 978
290, 957
643, 756
408, 795
355, 660
324, 334
334, 744
430, 591
601, 924
656, 841
586, 862
737, 802
168, 419
298, 834
76, 886
33, 276
197, 661
388, 606
626, 988
310, 903
613, 749
26, 247
246, 984
81, 508
377, 521
406, 984
491, 852
380, 424
36, 78
213, 841
64, 179
160, 326
181, 684
266, 518
512, 708
159, 965
336, 477
426, 568
531, 721
564, 907
14, 619
429, 448
77, 306
209, 264
238, 758
405, 700
612, 695
73, 812
101, 972
480, 800
449, 578
220, 346
457, 899
645, 851
5, 424
311, 887
279, 999
350, 955
17, 382
457, 779
469, 923
374, 606
89, 943
392, 809
326, 358
419, 587
176, 227
295, 541
512, 637
595, 727
396, 501
574, 814
270, 820
397, 991
254, 548
31, 371
41, 854
253, 842
80, 672
49, 737
20, 477
11, 658
446, 788
170, 191
274, 371
144, 887
4, 356
933, 994
51, 544
17, 225
517, 602
748, 979
34, 638
164, 979
273, 621
113, 117
516, 923
662, 956
48, 145
150, 238
660, 830
524, 699
827, 872
138, 992
6, 758
528, 731
173, 807
725, 755
389, 742
391, 545
65, 939
240, 521
322, 742
331, 833
354, 876
60, 592
713, 890
769, 872
211, 743
201, 234
626, 812
269, 548
354, 832
67, 292
769, 998
494, 527
672, 911
443, 862
112, 945
239, 427
428, 770
18, 92
198, 631
458, 663
140, 526
11, 185
76, 902
935, 939
381, 418
146, 359
608, 913
516, 809
465, 587
298, 302
335, 987
491, 964
757, 903
60, 143
291, 398
20, 724
121, 710
95, 867
188, 299
259, 504
355, 865
41, 407
554, 850
319, 469
174, 910
151, 250
238, 768
676, 898
870, 954
34, 828
92, 405
988, 994
223, 248
209, 478
277, 752
176, 961
528, 948
460, 581
12, 543
160, 241
8, 944
16, 600
137, 910
326, 533
911, 964
299, 386
637, 793
144, 365
394, 868
657, 731
359, 458
150, 930
583, 828
375, 857
426, 860
30, 982
230, 667
92, 284
301, 791
242, 725
191, 530
342, 556
315, 862
418, 950
193, 240
472, 669
54, 356
255, 798
544, 830
327, 530
423, 711
188, 291
328, 654
422, 457
317, 341
607, 871
65, 698
751, 843
360, 444
365, 564
69, 266
525, 782
293, 489
88, 739
117, 667
140, 410
431, 665
272, 519
288, 733
0, 124
160, 839
221, 689
264, 723
119, 918
86, 587
28, 721
321, 967
914, 921
284, 562
562, 756
208, 822
58, 570
338, 869
695, 977
318, 455
218, 461
327, 965
297, 330
541, 839
51, 98
834, 919
89, 643
597, 975
382, 766
525, 780
232, 792
192, 343
576, 950
580, 737
0, 692
304, 596
45, 433
17, 157
294, 441
325, 783
305, 688
97, 764
225, 824
295, 467
659, 953
624, 845
19, 135
347, 590
177, 249
708, 901
82, 275
528, 854
291, 478
180, 726
138, 363
66, 538
393, 972
177, 923
426, 701
70, 326
614, 898
844, 955
695, 881
770, 921
631, 904
514, 559
83, 84
231, 706
430, 818
59, 657
415, 577
624, 811
781, 942
796, 940
187, 548
191, 316
13, 108
303, 596
701, 705
74, 949
313, 710
346, 618
116, 569
232, 924
201, 522
760, 873
163, 250
33, 462
86, 925
919, 931
99, 101
588, 707
154, 853
218, 475
271, 342
153, 633
502, 896
293, 455
25, 301
408, 423
46, 714
238, 441
495, 671
514, 904
4, 436
667, 864
355, 684
1, 526
231, 596
313, 414
182, 395
233, 895
155, 235
212, 399
419, 677
200, 345
628, 901
140, 898
819, 845
347, 482
85, 190
141, 888
462, 829
102, 309
189, 423
341, 833
90, 811
537, 851
513, 711
306, 337
763, 968
660, 738
319, 415
322, 604
313, 650
714, 794
813, 870
538, 800
554, 603
676, 900
492, 703
347, 506
38, 863
362, 748
194, 636
270, 285
667, 878
229, 261
724, 936
91, 364
361, 377
307, 968
409, 624
130, 376
545, 768
460, 709
329, 582
548, 796
231, 836
526, 673
59, 719
189, 922
0, 277
547, 743
655, 821
78, 498
161, 807
774, 958
32, 771
252, 394
122, 720
456, 564
22, 656
68, 745
52, 341
85, 976
652, 861
214, 930
136, 313
156, 718
75, 855
623, 937
107, 145
66, 978
336, 928
62, 478
198, 395
389, 917
597, 857
412, 712
117, 523
589, 967
201, 349
206, 422
93, 753
383, 943
402, 536
169, 435
572, 653
228, 370
40, 606
75, 620
278, 649
191, 197
55, 718
693, 875
200, 536
547, 830
610, 953
271, 999
428, 973
783, 808
219, 542
687, 710
360, 366
100, 575
72, 413
215, 665
535, 639
894, 952
616, 633
820, 928
97, 797
454, 962
134, 152
552, 725
9, 158
490, 997
267, 720
841, 849
21, 145
503, 943
495, 696
540, 637
283, 629
56, 547
517, 762
135, 734
363, 664
466, 883
268, 372
727, 992
567, 649
3, 296
545, 678
220, 518
617, 733
378, 815
39, 365
194, 767
14, 207
43, 352
310, 884
179, 938
258, 840
429, 810
378, 437
185, 776
83, 859
428, 507
432, 621
57, 534
195, 934
730, 903
435, 437
671, 697
24, 478
905, 999
198, 760
385, 491
162, 563
550, 647
22, 729
166, 665
263, 484
498, 584
755, 947
97, 699
337, 771
16, 251
50, 439
106, 419
722, 848
679, 879
320, 814
366, 816
199, 772
234, 464
111, 191
23, 191
827, 880
742, 980
702, 899
352, 789
823, 829
120, 400
245, 890
445, 776
380, 897
805, 895
114, 738
61, 454
530, 732
118, 211
119, 969
108, 435
42, 45
645, 995
178, 452
261, 761
154, 571
246, 989
497, 500
558, 883
777, 954
226, 763
468, 918
514, 715
125, 786
7, 10
104, 786
204, 949
161, 747
171, 817
20, 635
52, 874
314, 941
887, 983
784, 834
547, 846
328, 598
694, 817
164, 210
216, 330
522, 981
172, 310
74, 133
205, 745
717, 926
314, 641
234, 367
291, 549
351, 411
782, 986
348, 745
