24.367278
586, 3499
1700, 1983
1425, 4041
3602, 4693
1758, 1864
1846, 3829
669, 1268
3685, 3973
1584, 3471
2794, 2934
20, 2250
623, 3002
3087, 4599
465, 4063
1244, 2662
1420, 3101
2504, 3977
3631, 4654
518, 2271
1943, 4689
1250, 2856
1456, 3248
879, 3802
961, 4119
1088, 4620
1203, 3184
907, 1267
1214, 4676
2639, 2673
3046, 3077
3741, 4752
524, 4643
1076, 1198
1025, 3399
263, 4437
480, 1490
994, 2770
159, 3560
1273, 2347
1792, 4890
3486, 4594
1900, 1959
1407, 2365
2339, 4551
1580, 3658
3625, 3914
1585, 4487
384, 4747
2074, 2603
311, 4006
726, 2636
3482, 4550
626, 4852
1125, 4697
922, 1629
1978, 2127
4443, 4885
4483, 4723
817, 3757
1302, 2035
3131, 3195
1597, 4418
698, 4230
2401, 3114
964, 1685
3697, 4239
3717, 4005
353, 3029
30, 3766
362, 4309
940, 4963
919, 4727
3465, 3872
3546, 4239
2674, 3855
1362, 3898
3869, 4698
1625, 3955
862, 3028
564, 4493
569, 2878
2188, 3489
2953, 4919
334, 1647
444, 3633
769, 4983
2614, 2674
4635, 4920
1405, 3843
893, 4824
1688, 2236
363, 2146
290, 4440
4014, 4140
1265, 2164
525, 4766
378, 2613
1170, 4531
666, 872
1909, 2176
388, 4939
2170, 4990
1102, 2845
1587, 4150
71, 4232
177, 3804
2711, 3819
2745, 4495
522, 3697
2394, 3073
641, 3200
1601, 3582
2636, 4981
78, 1814
1425, 2377
1499, 1823
3325, 4605
1403, 4249
3577, 4916
2193, 2220
802, 2859
589, 4260
527, 4496
1460, 3194
2012, 4844
300, 2115
358, 3985
873, 4741
1502, 2587
4120, 4396
2943, 4014
4057, 4472
276, 2249
929, 2522
4916, 4952
1473, 3849
2160, 2828
3819, 4205
3708, 4488
165, 4736
777, 3435
2323, 2969
786, 2192
566, 1772
623, 3040
103, 231
971, 1875
3376, 4717
4533, 4748
643, 2454
525, 1709
896, 4947
78, 835
2411, 3229
1187, 1297
3802, 4858
1381, 3236
1893, 4431
270, 1386
819, 4141
2684, 2778
3958, 4758
1941, 3986
145, 2584
688, 773
2666, 3068
835, 3566
1278, 2838
1799, 2632
250, 3806
2507, 4476
829, 1542
1564, 3547
194, 4259
2107, 4272
2276, 2616
1130, 2396
2972, 4362
2718, 4915
3094, 3865
2161, 3211
1071, 4653
1464, 3390
1508, 4444
1143, 4054
4604, 4768
374, 4189
2583, 4067
1306, 1731
2916, 4966
2390, 4718
838, 1564
1959, 4351
1833, 1874
387, 2817
2346, 2891
2541, 3105
3948, 4799
1088, 2274
2170, 4605
1083, 1856
1077, 3697
2996, 4015
3988, 4976
1223, 4179
1355, 1468
273, 3983
2946, 3139
532, 1424
1623, 1681
463, 948
1873, 2913
2709, 3377
4251, 4322
229, 2401
2779, 3048
3820, 4883
2587, 2623
2268, 4791
1247, 1914
73, 4479
3628, 4872
3731, 3872
277, 3721
1848, 3233
1191, 3417
2483, 4150
1686, 4237
1772, 3426
1300, 3728
3524, 4124
129, 4960
367, 546
1263, 4210
4617, 4880
1281, 2070
2347, 3749
918, 948
4312, 4747
350, 3867
2181, 2464
669, 1944
511, 2081
2522, 2704
79, 4272
2212, 4698
337, 4876
1587, 4479
680, 4487
1137, 4501
3755, 4280
352, 3717
3830, 4257
371, 2849
947, 2352
1731, 4763
2980, 3132
1740, 1823
2216, 4688
77, 2100
557, 1070
831, 1345
379, 836
1966, 2476
2591, 3189
4204, 4705
2814, 4670
2908, 4391
1661, 4429
137, 1699
1636, 2102
3485, 3786
3601, 4686
2397, 2926
1322, 1983
165, 3451
426, 4656
1720, 3924
1998, 4976
3077, 3952
1785, 2220
86, 840
3055, 4531
827, 4244
1321, 1329
2082, 2613
46, 3547
2411, 2689
3287, 4966
1077, 4141
1632, 4580
464, 2378
1011, 2531
335, 1100
2699, 3853
3028, 4351
1091, 3014
1169, 1352
1868, 2896
658, 3486
659, 844
1304, 3387
265, 3764
346, 1579
1522, 2813
32, 914
1633, 4932
1187, 1375
2035, 4409
792, 3577
1997, 2924
495, 1827
3350, 3628
236, 2684
92, 4948
432, 3291
1725, 2905
560, 1588
858, 4563
2424, 3916
1493, 4840
2842, 4512
1946, 3545
1211, 4262
2535, 3232
916, 3040
418, 3997
1804, 4348
633, 4191
605, 1368
2572, 3575
1347, 1602
2507, 2760
3323, 4932
1245, 4069
3640, 4389
790, 1740
3534, 4393
3633, 3762
1013, 2019
1829, 2483
2635, 3660
3016, 4277
3929, 4801
477, 1381
2013, 4226
933, 3076
3952, 4723
855, 2865
2617, 3930
801, 3198
843, 4481
1314, 3668
2455, 4322
2575, 3808
241, 3656
2555, 4288
1202, 1913
2757, 4431
1064, 3274
304, 1311
1490, 2533
552, 1729
888, 3035
4687, 4819
907, 2523
2027, 4353
2484, 3709
3189, 4241
2007, 2931
2003, 3047
991, 4643
2287, 3139
1887, 2810
3312, 4670
2056, 3076
2923, 2954
1187, 2078
224, 2207
699, 2639
2018, 2750
2867, 4526
507, 2557
1562, 3081
4691, 4825
3872, 4017
1590, 2575
1587, 4001
2423, 4904
2746, 2770
326, 1677
3307, 3438
953, 3257
1819, 2790
2380, 4378
1102, 2991
1964, 2065
2249, 3533
2033, 3112
3219, 4437
1029, 4392
1630, 3250
2458, 3616
3789, 4674
759, 1293
2644, 3105
1311, 2813
2081, 2916
2862, 4066
239, 3997
539, 1812
504, 4063
1030, 2597
1088, 2213
3236, 4391
3969, 4024
550, 2612
368, 4628
4673, 4749
3100, 3798
1452, 4262
2006, 2540
1941, 2357
419, 4184
63, 1694
1164, 1165
4349, 4534
2891, 4616
24, 4129
1287, 4446
911, 3516
1081, 4763
2290, 3827
3474, 4080
1251, 3977
801, 3181
1003, 1711
2985, 3690
4, 3256
376, 1479
847, 2243
3409, 3684
4326, 4938
252, 4810
490, 1293
1318, 3109
2126, 3158
1400, 3732
1808, 3075
2315, 3900
2472, 4329
377, 2906
1087, 4785
259, 3946
420, 1126
2275, 3381
1575, 4028
305, 2483
1057, 4478
1780, 2706
3342, 4124
122, 253
459, 4721
2551, 3694
2857, 3924
822, 3641
3688, 4310
4306, 4545
2037, 2302
2444, 4555
435, 4907
2384, 3292
2781, 3981
2121, 4322
1126, 2240
2476, 3078
3117, 3374
1561, 2167
11, 203
3389, 3430
608, 2990
2399, 3659
498, 2020
4592, 4832
92, 3727
2460, 4908
23, 1322
2379, 3589
2311, 3697
387, 3533
2616, 3160
264, 1914
2882, 3974
1324, 3642
370, 3916
1748, 3875
2346, 3331
1098, 2124
2413, 2495
2778, 3077
389, 4397
878, 3509
2698, 3298
381, 3663
4075, 4428
1291, 1706
1824, 2952
2955, 4418
3203, 3441
187, 3233
1189, 3787
1337, 1596
1115, 2694
927, 2645
79, 3689
262, 3393
3552, 4581
441, 4461
628, 1229
2681, 4064
1079, 4390
1638, 2967
2589, 4848
1314, 2259
416, 1778
470, 1447
150, 2131
768, 2393
1395, 2772
3948, 4709
463, 3558
1069, 3013
156, 3177
400, 2920
253, 3471
2415, 3708
4876, 4904
110, 4727
1345, 2962
704, 3378
1884, 2366
544, 2704
687, 2592
650, 881
2297, 3355
3349, 4554
850, 4894
1017, 3060
2483, 4499
1587, 2967
541, 4403
3535, 4253
872, 2322
262, 673
3257, 3336
2192, 2937
2587, 3738
2094, 3819
239, 760
532, 3214
1410, 4645
3286, 3456
1142, 1734
2228, 4817
78, 4520
785, 1591
3774, 4707
11, 1681
1608, 4341
2050, 3868
1485, 4388
1927, 3304
2160, 3530
2954, 3408
3291, 3978
2757, 3562
2029, 2784
1100, 4917
2990, 3754
1746, 4099
3288, 4414
288, 4071
2842, 4741
1628, 2763
117, 528
468, 1777
3389, 3463
3417, 4662
1436, 3984
147, 4315
875, 4038
3629, 3912
1385, 3560
983, 3733
1779, 2808
774, 1415
1573, 4662
228, 3677
891, 960
3568, 3751
636, 4156
1084, 3367
3337, 4541
3120, 3589
414, 4966
838, 2730
1785, 3152
2461, 2590
2838, 4726
248, 2041
508, 1934
681, 3510
2233, 3104
164, 2795
3036, 3115
3979, 4157
1350, 3744
2258, 2784
573, 2014
617, 1081
785, 1785
2078, 3784
413, 1158
1741, 2306
2688, 3724
395, 2765
1521, 2609
4319, 4674
2463, 3821
3810, 4645
1695, 3011
2995, 4948
375, 586
759, 4931
2399, 2928
1335, 2504
780, 3181
3775, 4493
3800, 4622
38, 996
4177, 4860
75, 3872
3676, 4644
410, 4207
961, 2715
306, 756
860, 2879
1173, 3092
1404, 1822
1170, 3463
3311, 4820
2472, 4379
218, 2891
2499, 3720
1207, 2505
1586, 2424
3704, 4760
2354, 4880
145, 680
1592, 4820
450, 4114
1929, 4871
2431, 2483
1397, 3518
413, 4311
193, 587
3667, 4594
678, 3515
218, 314
886, 3583
1624, 3936
1035, 4954
1602, 4245
3270, 3416
3826, 4837
650, 3142
3061, 4777
4006, 4818
402, 3308
956, 4459
732, 4063
294, 2872
19, 933
656, 3954
900, 3249
182, 2207
1511, 4295
2021, 3388
3772, 4427
629, 2601
1559, 2963
0, 659
3328, 3781
1454, 4375
425, 4717
1486, 1520
4073, 4596
418, 1318
1381, 4712
1519, 2820
347, 2073
1882, 4006
291, 805
1987, 2636
2028, 2877
2986, 4113
556, 1176
1549, 3726
1883, 4289
837, 2346
2117, 4206
723, 3888
169, 2936
2627, 3357
983, 3504
1542, 2562
1792, 4830
2268, 4207
2866, 4226
363, 2686
1369, 4163
1321, 4375
1077, 4223
368, 2395
2864, 3677
3058, 4497
652, 1683
4476, 4503
4269, 4718
675, 3231
4641, 4924
339, 3785
876, 4254
2518, 3467
44, 3551
867, 1271
2751, 2780
3815, 4487
2431, 4097
2632, 4310
1504, 1637
1692, 3617
465, 3245
2008, 3579
3434, 4396
875, 4862
2732, 3444
534, 3014
1373, 3854
4600, 4797
1539, 3904
3010, 4327
2956, 3834
56, 4070
273, 1955
986, 3324
1126, 4534
1412, 2937
3525, 3884
1934, 3302
1260, 2125
1623, 4829
1528, 3189
731, 4571
250, 2453
3182, 4225
1104, 2717
3073, 3951
3833, 4505
4415, 4781
1146, 1640
745, 2453
2877, 2921
1352, 4892
2322, 3816
2779, 3936
418, 2295
263, 1644
1050, 2499
1898, 3102
2298, 4069
1536, 1962
1698, 3080
3537, 4415
59, 667
1731, 2486
3597, 4413
850, 4057
1753, 3217
2465, 3144
1208, 4730
2722, 3535
1875, 3118
209, 3875
1652, 2737
2036, 4403
1457, 4152
2194, 4813
222, 3978
1964, 3971
252, 4795
954, 986
902, 3526
2157, 2688
2307, 2674
3762, 4767
283, 3245
1889, 3612
1065, 1142
3009, 3964
1208, 4135
2033, 2069
3857, 4626
2091, 4212
1066, 2645
2887, 3886
4340, 4367
485, 1427
2567, 2732
2488, 3716
425, 3981
539, 4841
3026, 3187
1875, 2463
3963, 4797
1251, 4379
67, 3092
715, 3318
251, 3176
4009, 4286
757, 3964
452, 3394
2978, 4906
3059, 4505
557, 4251
195, 2671
2218, 4221
232, 1569
138, 4583
225, 2089
2659, 3763
1776, 4823
601, 2679
1661, 4083
1092, 2558
132, 1371
365, 682
230, 3903
1174, 1205
1099, 3011
1404, 4997
3000, 3234
2886, 3064
1519, 4136
1741, 1810
3379, 3462
399, 1166
543, 3677
761, 2167
496, 4106
4341, 4689
1306, 3453
2447, 3384
3462, 4033
3736, 4590
697, 3863
532, 3870
1001, 2973
538, 2124
881, 2620
1963, 2945
2546, 2861
111, 1615
790, 1733
141, 4641
2625, 3521
554, 3243
20, 2095
1650, 4982
3215, 4206
129, 267
1662, 2419
483, 2913
1121, 2336
2755, 3943
1317, 1366
2748, 2815
1524, 3571
1742, 2369
2027, 4116
4377, 4643
535, 2928
1514, 2252
2427, 4068
3272, 4320
179, 748
1366, 3881
3947, 4202
2953, 4570
633, 1110
3112, 3747
1240, 2602
1408, 3804
1042, 1221
2216, 4124
3065, 4517
638, 3015
1790, 2150
4504, 4733
3794, 4723
3709, 4076
3828, 4652
3388, 4640
2605, 4898
714, 3644
844, 1035
911, 2854
1089, 4714
1252, 4703
587, 4374
2504, 4868
99, 3078
836, 4792
3272, 4306
1338, 4731
729, 3081
2005, 4261
3154, 4307
527, 2128
1093, 3994
2047, 4169
1247, 3757
888, 1982
2571, 2749
1809, 2176
1827, 3256
252, 1393
3785, 4189
1308, 3132
853, 2651
1280, 2732
2006, 2176
2791, 3447
3411, 4479
3527, 4453
1148, 3726
1482, 1950
607, 1420
310, 3641
419, 3593
2527, 4558
563, 3057
1848, 3582
1989, 2898
655, 3661
720, 3395
1803, 3639
3528, 3960
204, 1242
1172, 4646
395, 1311
1187, 3353
1184, 4037
700, 3260
2503, 3126
4303, 4943
2367, 2917
927, 4869
162, 2456
1956, 3319
2083, 2288
2785, 4659
160, 4341
748, 2402
3102, 3834
3431, 3640
1077, 2281
807, 2553
474, 656
2677, 3738
922, 4256
1172, 1847
1219, 2397
903, 2317
523, 2066
2551, 3081
1163, 1518
1198, 3029
3988, 4637
3591, 3849
339, 3359
837, 3219
391, 2315
2896, 4796
1180, 2219
1456, 4369
1634, 3900
2428, 3556
2531, 3611
654, 4495
1295, 3367
716, 3360
2774, 4833
1683, 4531
635, 3456
3857, 4505
48, 379
0, 1266
1540, 2427
1835, 3273
2017, 2692
3468, 3720
146, 2445
1494, 2984
2244, 4955
587, 2390
197, 220
3853, 3882
178, 2490
1054, 3046
706, 1659
4348, 4577
1098, 4447
482, 1932
395, 701
3508, 3976
662, 4548
767, 2813
849, 3805
473, 4843
230, 3874
1899, 3411
1905, 4528
3402, 4340
935, 3085
543, 4717
655, 3683
2038, 3575
2030, 2779
1630, 2450
1252, 2412
180, 431
1170, 1498
40, 2046
960, 4045
1325, 4540
2412, 4063
543, 2270
517, 4055
731, 1928
3154, 4629
366, 2511
4378, 4441
2265, 2326
1436, 4889
1527, 4324
2799, 2974
3944, 4324
4694, 4796
1985, 3182
1014, 3171
254, 2357
3872, 4016
21, 2750
1895, 4509
69, 476
2298, 3501
2478, 3214
886, 3345
400, 712
274, 1715
559, 2847
1535, 4140
73, 2125
399, 1009
1432, 3289
66, 2670
830, 4692
530, 1524
1921, 4324
3984, 4310
143, 3393
1103, 3980
1571, 3070
364, 562
2020, 2670
706, 4694
1821, 3378
1652, 2918
3436, 3790
245, 4437
3240, 4824
3673, 4915
3764, 3769
655, 659
120, 1249
339, 1753
2809, 3171
394, 3712
3860, 3986
1490, 2133
1666, 2069
1203, 4575
1020, 3367
83, 1991
111, 4611
1303, 4226
1164, 1467
408, 2491
685, 2320
212, 1369
1996, 3454
2712, 4319
758, 4465
1781, 3927
537, 2909
3096, 3736
553, 2342
1013, 4748
1240, 3599
1984, 4533
1179, 2163
360, 4293
1410, 2192
1475, 2099
1579, 1968
1089, 2635
3657, 4517
3126, 3363
3794, 4704
2655, 3102
1680, 4031
657, 4965
2547, 3236
2411, 3531
4219, 4879
138, 1201
1782, 2051
1797, 4440
526, 1189
914, 3897
1458, 4531
2762, 3855
1269, 4078
744, 4746
1689, 2070
1143, 2404
1365, 2011
234, 1447
1592, 2349
115, 898
1660, 4813
2404, 4303
1106, 2632
60, 4205
305, 4120
2403, 4016
1375, 3440
4443, 4939
2240, 4637
496, 1277
1402, 3475
1021, 2653
630, 3781
2084, 4345
839, 3694
2331, 2469
1046, 2846
485, 1538
1140, 4995
2209, 4176
266, 4870
3131, 3274
389, 1090
1072, 2660
1047, 3512
3738, 4883
764, 2850
3075, 3636
1264, 1275
1326, 3602
1367, 4905
1408, 2095
2747, 3140
1131, 3900
1852, 4985
3941, 4746
187, 2024
1972, 3277
3106, 4945
1119, 3766
1714, 3359
2752, 2988
4062, 4539
3026, 3230
470, 3365
1866, 4062
3860, 4360
4213, 4214
1197, 3167
2304, 4105
2605, 3584
2528, 3039
171, 2959
282, 368
735, 2360
3128, 4359
2831, 4285
197, 931
1905, 2739
198, 2949
4399, 4712
644, 965
2968, 4992
4394, 4779
1566, 3146
2507, 3622
1255, 1996
1164, 4670
1797, 3591
174, 883
1537, 2061
43, 3875
2939, 4570
3648, 4375
312, 1199
2077, 2216
2521, 4809
1141, 3575
2234, 2602
154, 2281
250, 2889
1825, 3890
221, 718
1780, 2541
1861, 1998
3067, 4312
965, 1882
4018, 4085
952, 4772
2973, 3781
220, 3128
96, 1535
43, 3934
387, 2978
3920, 4741
2097, 4561
1169, 3694
2840, 4648
2529, 3909
529, 4637
682, 3297
355, 3390
2736, 4833
29, 4109
681, 788
4184, 4219
1544, 3110
497, 2029
4077, 4213
3281, 3430
4132, 4992
1146, 3551
1402, 2963
1548, 4499
2549, 4434
3564, 3894
1148, 2136
623, 3797
33, 2321
2050, 4130
160, 4269
1662, 4278
348, 3949
3710, 4831
130, 1801
2198, 2741
766, 976
1071, 2768
3954, 4112
3147, 3770
1535, 2593
2700, 4201
3808, 3884
134, 1246
295, 2403
3787, 4662
1289, 4843
30, 4798
3439, 4112
1028, 2972
466, 1748
367, 3895
124, 430
503, 2846
3050, 3213
848, 2907
613, 4807
1609, 4110
677, 1436
1288, 2896
2235, 3879
1619, 4463
1896, 2361
952, 3811
308, 3161
3094, 3354
185, 3876
550, 1158
809, 875
410, 4830
2378, 3732
489, 3331
759, 3980
1679, 4041
81, 2220
132, 4035
3559, 4842
3050, 3327
2081, 4623
630, 666
427, 1602
1992, 3564
704, 4864
2715, 3039
1086, 1541
1296, 1892
1139, 1684
2635, 4175
260, 4874
1886, 2571
2589, 4482
3840, 4239
3538, 4671
2482, 3582
1474, 2530
1833, 3328
318, 4316
849, 3537
2076, 3331
2616, 4265
2931, 3748
1448, 2323
3700, 4698
278, 2358
2695, 3491
2604, 4922
1201, 4164
258, 571
3879, 4820
967, 3804
3247, 3795
29, 3959
1069, 1368
37, 4309
1150, 3823
2985, 4732
424, 4053
1522, 2816
366, 2782
2338, 2386
272, 2488
253, 2975
1235, 3676
231, 1188
349, 3744
475, 3147
3889, 4289
504, 970
1971, 2552
3012, 4758
1868, 4735
1402, 4361
1025, 3627
4564, 4623
388, 1227
1734, 2659
1757, 2863
757, 1675
115, 1448
3151, 3245
808, 1309
1036, 2547
3790, 4073
1222, 2218
3506, 4176
155, 1292
27, 176
3901, 4835
672, 4354
4156, 4313
1577, 4464
645, 675
1586, 3027
4442, 4978
2482, 2820
1638, 3912
1243, 1412
2447, 2895
324, 2172
4, 4295
3561, 4627
2983, 4084
3715, 3773
191, 2342
404, 3200
74, 2999
2005, 3996
1163, 4512
2649, 4895
1129, 2664
1717, 4616
866, 2530
1541, 2662
1486, 2451
634, 1086
2457, 3892
674, 3332
1828, 3999
2597, 3020
38, 3731
376, 4538
1180, 2913
455, 3278
1219, 3937
113, 1274
435, 2258
1111, 1718
1528, 4484
95, 1302
967, 3946
786, 1195
2303, 3967
3681, 4698
469, 1045
513, 1146
576, 737
1801, 4496
2050, 2427
1335, 4616
851, 4028
1653, 2382
2997, 3388
2507, 3667
2520, 3658
2356, 2368
1663, 4016
1055, 4380
534, 4565
912, 3484
2090, 2193
89, 1998
527, 1247
2278, 3648
1984, 3046
781, 3918
1007, 1082
1410, 1415
2319, 3889
2737, 3639
192, 1261
142, 2882
414, 1841
3986, 4499
897, 3497
2697, 3481
748, 4449
885, 3380
3575, 3749
3607, 4434
174, 3428
1567, 4249
380, 1551
1639, 2793
1050, 1556
2682, 4860
2809, 3801
4401, 4742
3313, 4264
3926, 4909
1916, 1984
2787, 3001
3410, 4670
1029, 2642
2495, 4980
2247, 3112
2771, 3944
1278, 2608
3404, 4624
1144, 1247
2158, 4685
1790, 2744
2395, 2788
172, 4025
451, 1028
31, 4467
2234, 3321
920, 4007
1904, 2888
3770, 4184
1673, 3677
579, 4914
2695, 3833
1001, 1471
2824, 4242
2278, 4063
34, 2162
434, 519
1039, 1824
1971, 4074
2517, 4641
2730, 3033
248, 4946
1601, 3916
2291, 2756
2343, 2741
1623, 4114
571, 2815
2718, 4328
3020, 3212
2473, 3378
3062, 4167
2401, 3102
432, 2718
446, 1566
105, 2453
507, 1143
648, 3041
1330, 3029
1488, 3221
2953, 3750
246, 3243
2025, 3016
2606, 3722
1877, 2318
1994, 3121
1562, 2997
2190, 3568
620, 4003
2136, 3534
1335, 1533
2126, 4619
986, 1453
1775, 3946
4962, 4964
1256, 4699
340, 4732
365, 4547
1464, 2792
2300, 4826
2601, 2644
3849, 4596
424, 3481
608, 4999
970, 4507
1831, 4971
4104, 4456
3425, 3479
999, 4830
180, 3672
804, 2245
2373, 2511
2603, 3542
1210, 2716
1049, 3172
1077, 1398
3338, 3923
363, 1535
1411, 1680
1650, 1934
2187, 2286
2288, 4029
689, 3802
377, 1870
2152, 2785
3363, 4581
759, 3692
654, 4696
2506, 2902
507, 1118
852, 1020
781, 2826
1764, 4453
147, 2838
1, 4195
2467, 4365
2972, 4719
2513, 3843
1901, 3679
2726, 3852
2224, 4417
553, 2870
3991, 4687
3625, 4919
1580, 1668
1110, 2850
2168, 3488
3801, 4603
61, 4426
224, 3016
4244, 4522
1089, 4967
260, 4681
957, 2037
1023, 3361
4545, 4882
448, 4258
999, 2993
1853, 2154
3060, 3214
1148, 2426
2073, 4145
2275, 4698
3592, 4331
3005, 3954
1082, 3475
2708, 2736
3341, 4565
3653, 3848
728, 4975
2070, 2961
88, 4945
2292, 4203
343, 397
521, 1122
822, 2037
145, 866
2184, 3938
3157, 3402
2036, 3367
1369, 2589
1350, 2304
1680, 2544
2067, 3915
501, 4110
135, 212
2910, 3300
1231, 4867
1820, 3481
469, 3465
590, 4443
133, 1033
282, 3591
779, 1491
731, 4859
2762, 2989
1309, 4464
2940, 4290
1984, 2785
2388, 2427
1282, 1927
50, 3777
488, 998
2987, 4567
131, 4381
2247, 2701
756, 4752
473, 1079
572, 1157
3908, 4872
1095, 2500
2135, 2435
3131, 3946
71, 882
379, 738
330, 1773
959, 1046
2894, 3973
153, 1460
570, 2726
599, 2886
681, 2540
587, 2460
2917, 4799
785, 918
364, 3900
2047, 3490
3926, 4338
10, 862
0, 4590
1694, 4586
2284, 2546
299, 2811
49, 1186
346, 1996
2454, 2583
3210, 3879
4248, 4264
1351, 2455
1408, 2763
1433, 3217
165, 1792
818, 3626
1017, 3316
1109, 4919
1621, 1778
406, 3486
629, 1377
540, 4666
4237, 4461
129, 1205
325, 528
487, 4820
2595, 3769
1393, 3323
3467, 4949
1623, 1757
1772, 4298
493, 4214
326, 1976
2455, 2506
1965, 2399
76, 2647
1164, 3638
1392, 2369
1825, 4070
58, 3298
3592, 4297
283, 1627
423, 3709
3719, 3862
3457, 4465
275, 361
3939, 4296
2611, 2979
553, 2702
2202, 4996
439, 1929
1513, 3777
1923, 4356
3366, 4082
611, 4113
292, 2107
1672, 4319
2488, 3946
3935, 4950
2383, 2600
59, 4250
2897, 4593
3533, 4600
1067, 4026
1075, 1870
757, 2466
1583, 1885
4119, 4378
3310, 4023
2256, 3289
1336, 2457
1106, 1258
765, 3140
1982, 4843
2297, 4438
132, 1354
2280, 2473
4508, 4675
1635, 2321
1602, 3686
4210, 4351
2973, 3909
1189, 2864
2018, 4102
1437, 2382
549, 2213
2589, 4604
716, 4926
2214, 3892
1662, 3297
2309, 4853
2973, 3806
1484, 2111
1256, 1293
1390, 4556
3368, 3576
1204, 2715
516, 2934
724, 2453
871, 1997
553, 4665
1934, 3346
2116, 3595
495, 2433
949, 2437
1820, 2508
3113, 3170
1680, 3450
687, 3840
2526, 2532
3508, 4557
1285, 4699
1429, 4814
4495, 4669
119, 3485
1497, 3482
1201, 2296
294, 4268
2382, 2431
1001, 2518
1175, 4336
1830, 4163
2758, 3243
1408, 2994
839, 4165
2013, 4346
69, 2747
340, 4790
2119, 3566
1177, 2873
3758, 4912
1815, 1932
1199, 1750
208, 4344
1504, 2313
339, 3632
3253, 4851
1003, 2071
1181, 3001
3633, 3776
3867, 4197
2603, 4440
2032, 4778
3821, 4517
3137, 4647
1927, 3842
2304, 3502
515, 3784
3627, 3957
1404, 2443
3122, 3486
2177, 4358
3884, 4271
198, 4212
369, 4189
2616, 3402
1558, 4133
1120, 2614
641, 4893
3198, 3516
4395, 4891
362, 4587
700, 2848
1483, 3168
2693, 2978
324, 1722
1097, 4487
1934, 4067
784, 3523
1556, 4922
189, 252
3590, 4275
445, 2945
3635, 4328
2641, 4642
303, 742
872, 2736
2403, 4527
1467, 4263
4067, 4362
442, 4334
1600, 3900
851, 2818
1404, 2263
2560, 4259
2835, 4082
3253, 3365
1374, 4167
602, 3812
159, 2203
1531, 4136
1616, 4471
475, 812
570, 4926
2334, 3125
1038, 1579
350, 804
527, 4674
500, 1535
940, 1343
1505, 4982
1438, 4040
2001, 2838
342, 4514
1530, 2933
2166, 3907
4453, 4530
864, 901
3026, 3985
497, 3738
1330, 2305
1769, 2322
197, 1184
1565, 4020
4480, 4726
1204, 4830
1477, 4007
931, 2502
2604, 4225
27, 3330
890, 2344
3003, 4242
2971, 3471
1748, 4324
3128, 4093
2771, 4639
809, 2935
961, 2465
2201, 4848
521, 2835
1646, 4848
2530, 3831
214, 1239
2664, 4595
610, 1795
862, 4166
3326, 4989
1673, 3055
3908, 4432
2058, 4453
307, 2180
2195, 2794
153, 884
1282, 4867
3179, 3368
2451, 4431
4119, 4589
3296, 3450
214, 2056
3035, 3468
2042, 3637
1892, 2376
4456, 4561
1180, 4759
717, 2924
2361, 3322
1018, 3548
1243, 4530
1884, 2625
1689, 4133
1453, 2353
509, 942
2623, 3899
732, 3297
833, 1260
3939, 4559
234, 1911
160, 4323
795, 1016
3508, 3887
1223, 1258
2415, 4183
1165, 1608
1468, 1858
64, 4541
696, 1867
221, 2619
1065, 1404
1366, 3978
2683, 4834
1115, 3323
796, 1774
971, 4815
1094, 3234
1239, 4870
1203, 3828
1618, 2390
888, 2658
2357, 4515
1102, 2145
263, 3232
58, 2525
3386, 3968
1209, 2905
1880, 1993
841, 3148
4220, 4606
952, 2197
59, 808
2295, 3472
3549, 3676
1634, 4212
186, 3087
2594, 3616
1001, 3424
657, 4345
693, 3861
2760, 3537
667, 1208
4389, 4553
2842, 4253
639, 774
723, 2545
616, 3588
1792, 3559
3642, 4726
805, 4462
3619, 4935
3399, 4743
947, 2489
562, 1864
1048, 2147
1149, 1915
3259, 4793
866, 1965
3483, 4008
124, 687
444, 3763
1606, 4209
203, 1150
734, 970
667, 4896
2106, 3454
206, 1224
3280, 3653
294, 4526
2774, 3660
2460, 2767
2726, 4157
506, 3193
2606, 4871
3793, 4625
1124, 2249
1426, 3195
577, 4210
2049, 2521
754, 1655
1567, 4461
1623, 3878
1853, 3342
163, 4168
463, 3364
1002, 2057
1719, 4958
3365, 4267
575, 1737
2428, 3081
994, 4817
1593, 4602
2796, 4143
1868, 3806
122, 3243
1472, 4751
904, 1979
445, 4179
674, 1495
1760, 2172
90, 2115
1148, 2550
146, 582
602, 4465
676, 1645
3777, 3906
751, 2065
3896, 4887
2065, 2345
2855, 4972
2399, 4592
1315, 4922
2765, 3975
18, 927
1851, 1888
3275, 4096
10, 4111
741, 3335
1182, 2449
403, 4820
907, 1301
2958, 4051
1802, 2102
3453, 4210
1888, 2023
727, 1700
3249, 4755
733, 2466
736, 890
3445, 4784
2500, 3024
163, 4485
1314, 3988
380, 1154
2136, 3417
392, 552
3431, 3804
2764, 3198
2223, 2379
412, 4664
2061, 4827
783, 2850
3157, 4235
3422, 4275
178, 1125
724, 2653
1066, 3643
3181, 4547
1110, 4409
3848, 4385
1403, 2180
2578, 3111
527, 2164
877, 1705
1779, 3104
4619, 4831
1804, 2798
2616, 4813
1906, 4261
3781, 4953
779, 3808
1499, 2979
1962, 2723
2446, 3148
2876, 4456
6, 4854
2216, 4543
914, 2989
3146, 3418
2164, 3772
239, 1745
1702, 2941
323, 4550
3395, 3479
1822, 4326
901, 1227
601, 4514
1799, 2551
2842, 4774
1370, 3477
3615, 4727
1029, 1703
2539, 4268
56, 862
1081, 2762
1284, 1321
1355, 4716
1715, 4630
2029, 2925
1075, 3250
3525, 4247
349, 4516
2882, 3551
808, 4634
3292, 3707
1660, 2039
1767, 4625
1641, 3664
2712, 3381
268, 3541
686, 2415
1907, 4370
515, 3246
1415, 4276
2545, 2847
292, 2007
789, 1254
1157, 4601
3196, 3864
4081, 4231
15, 665
1998, 3457
506, 1231
3598, 4666
846, 4415
1569, 3228
4100, 4970
1371, 3427
4504, 4888
331, 3615
812, 1333
3623, 3666
910, 4010
2971, 3943
3187, 3441
2676, 4248
1341, 1556
2732, 3925
498, 2720
778, 4412
906, 3801
1808, 4681
44, 2575
1778, 4396
3374, 4060
93, 4102
247, 837
2441, 3837
1135, 4633
1060, 3777
1433, 3389
2896, 4719
4843, 4877
4418, 4519
2813, 3071
3156, 3984
204, 2374
61, 2082
1497, 4492
2298, 3538
2519, 4839
3224, 4465
3257, 4350
2355, 2418
1845, 4414
4678, 4735
63, 3711
1393, 3848
187, 3493
2420, 2771
104, 3830
2424, 3445
2841, 4670
4365, 4958
3486, 4053
2650, 4415
2193, 4659
3867, 4543
3608, 3713
892, 1490
586, 1163
880, 3837
2155, 4484
2780, 3641
777, 2274
413, 2995
1324, 1586
4055, 4860
3414, 4476
1266, 2511
162, 900
1015, 2743
3389, 4894
1378, 1502
1832, 2008
3561, 4327
686, 3949
4061, 4199
335, 2277
2412, 4256
2590, 3499
7, 2260
936, 3659
4489, 4571
998, 4419
1476, 3352
3872, 4667
3707, 4339
311, 4959
3606, 4023
1207, 3206
33, 4448
893, 3445
308, 4822
1869, 3372
2713, 3357
407, 2973
2524, 4288
167, 2086
605, 1575
2585, 3133
106, 2751
1156, 1604
203, 2387
2217, 4059
890, 3868
300, 4987
2413, 3815
289, 3728
308, 1263
1470, 3265
259, 2284
105, 4683
2826, 3515
2807, 2969
594, 4260
955, 1045
3910, 4029
778, 1335
974, 1395
2294, 2893
20, 4385
835, 4871
1416, 1589
2, 3442
349, 967
525, 1019
131, 1527
3108, 4613
507, 4018
2459, 2719
432, 2002
1010, 2331
3099, 4161
1486, 3929
1015, 4887
2151, 4092
2200, 4909
75, 1375
304, 1795
1204, 3765
1304, 2761
1389, 2667
2250, 2614
608, 1748
2387, 4232
2596, 4031
2537, 2727
238, 264
74, 3204
1437, 4703
4270, 4966
3631, 4584
266, 4940
1480, 2150
1231, 2743
238, 4000
1989, 4885
1152, 2270
4405, 4784
1686, 4969
3206, 4271
4427, 4435
4595, 4648
2459, 4460
883, 2176
3683, 4839
58, 3565
988, 3319
3254, 3939
3450, 4798
1264, 2720
689, 815
1455, 3982
1261, 4479
3306, 4662
78, 1011
316, 3881
31, 43
3799, 3818
1450, 3447
92, 4354
1502, 2712
909, 1174
982, 2949
228, 1111
802, 3840
46, 1534
2730, 4211
3025, 4284
3540, 4050
1027, 3252
1813, 1998
112, 2480
1676, 2425
1824, 4648
1132, 1922
970, 4585
883, 1679
1460, 3210
2315, 4827
582, 1550
3118, 4327
163, 846
2470, 2780
1212, 2061
1581, 2958
253, 3344
2264, 3022
2665, 3422
1482, 3408
277, 3043
2449, 3454
2718, 4443
257, 719
1897, 4549
132, 2166
1133, 4267
26, 3343
701, 1550
985, 3605
2474, 4043
3979, 4663
3756, 4267
1462, 4268
2245, 4036
1114, 4498
525, 3509
2594, 3526
1549, 4871
2988, 3512
1188, 3300
3243, 3769
342, 2935
3136, 4971
64, 4279
1255, 3393
1248, 3733
1940, 3951
54, 3313
2063, 4178
3873, 4603
446, 1219
1180, 1435
374, 1865
927, 3639
2354, 3970
3978, 4536
1520, 4298
2063, 2227
391, 498
1405, 4458
2497, 3048
4101, 4222
4073, 4415
455, 3236
1513, 1903
2262, 2902
3288, 3366
897, 3291
1748, 2630
649, 2618
2124, 4558
1670, 4230
984, 4029
2837, 3899
3075, 4325
3030, 4338
2, 2871
1328, 1498
1246, 3052
656, 1482
575, 4442
680, 2773
3538, 4645
3809, 4276
1011, 3833
1973, 2430
4084, 4688
3928, 4896
2177, 3268
3484, 4569
2653, 4810
2620, 4912
2039, 4435
1538, 3780
2720, 3763
574, 639
3151, 4879
747, 4964
1081, 2533
1705, 3710
39, 1981
1548, 2514
1062, 4489
696, 2042
357, 4636
2387, 4558
220, 2913
970, 3100
2649, 3122
667, 3878
776, 2074
2391, 3260
139, 3306
3404, 3927
702, 966
1802, 4262
1960, 3987
748, 3555
2133, 2472
888, 3442
1924, 4637
652, 4460
2045, 4191
1026, 3099
1658, 2394
1299, 1348
2136, 3814
2251, 3971
1825, 3623
1391, 2315
762, 2157
1373, 4659
2862, 4296
3593, 3837
1506, 2089
95, 394
3429, 4172
612, 1444
2910, 4872
1773, 2156
818, 4084
300, 2316
943, 2310
3871, 3935
959, 2281
1077, 3254
2440, 4162
104, 1734
1144, 4251
3968, 4291
2058, 3098
1316, 2043
622, 3756
2065, 2267
4123, 4783
316, 3796
3805, 4954
739, 1264
1224, 2041
2079, 3662
3217, 3629
3213, 3588
792, 2625
422, 2836
72, 2995
4077, 4850
1311, 4273
1943, 2418
255, 2632
3132, 3739
4128, 4313
733, 2449
1296, 2739
2259, 3374
8, 2127
460, 724
3302, 4142
1893, 4299
99, 435
3317, 4509
829, 2067
317, 659
3847, 4326
321, 1713
1520, 1652
547, 2875
2552, 4530
1669, 3122
1947, 4808
2176, 4330
761, 2522
919, 1527
1136, 2277
3210, 4449
4162, 4886
3814, 4854
3518, 3890
1028, 1656
1976, 4008
1149, 3634
2737, 4539
3033, 3482
1066, 2483
2276, 3577
2425, 4945
3255, 4896
2305, 2837
2373, 4055
2649, 4062
1545, 4262
71, 2614
1971, 2806
2160, 3306
3743, 4756
23, 1612
2055, 2876
1270, 2646
1064, 3788
1191, 4052
1955, 3171
983, 2726
964, 3893
1924, 3655
1048, 1930
627, 4894
750, 3887
275, 3630
1364, 2738
377, 2705
503, 2004
3037, 3958
1619, 2551
76, 1172
1514, 4818
2880, 3861
1397, 2667
2552, 3183
688, 3862
295, 1604
1920, 4418
4029, 4445
2605, 4771
1447, 4666
4230, 4440
1462, 4621
3282, 4631
906, 3580
3898, 4820
2547, 2859
2314, 2673
920, 2146
556, 2873
2045, 4066
29, 39
3489, 3839
2852, 4399
2088, 2477
3475, 3577
393, 3835
1946, 4148
4745, 4861
48, 1202
3011, 3036
1031, 2759
3110, 4115
21, 3997
2479, 3296
219, 4151
120, 4974
2628, 2668
478, 829
2773, 4352
3117, 4266
1072, 2484
2508, 4976
2714, 4797
2247, 3157
3165, 4070
129, 4605
1301, 2519
1784, 4319
520, 4855
4355, 4772
1604, 1806
1702, 1920
358, 1941
1383, 4501
383, 4451
1660, 4718
3400, 4441
1263, 2500
3825, 4149
1585, 4636
138, 2468
402, 1218
1461, 2651
1723, 1804
3591, 4617
1375, 1766
3607, 4213
337, 1894
3915, 4029
1047, 4616
3156, 3585
781, 1365
4633, 4864
760, 3143
5, 3870
898, 2594
1294, 2876
1408, 1591
3734, 4601
308, 1454
396, 2397
2057, 2061
106, 3259
392, 2858
763, 2308
1230, 4008
1470, 4091
1770, 3684
372, 4730
1086, 2530
1003, 1032
3417, 3764
3943, 4173
1242, 2256
2366, 3162
2719, 4355
1518, 3666
2546, 4469
97, 488
2482, 4322
3373, 3403
170, 2801
509, 3936
3258, 3767
569, 2467
580, 4931
955, 3843
760, 2431
119, 3014
889, 2563
2537, 3823
3998, 4303
1732, 3584
2341, 4022
380, 2446
3438, 4352
4080, 4836
1325, 2781
1971, 4966
1899, 4629
311, 1955
1045, 3001
2833, 4645
3251, 3285
3928, 4919
2466, 4579
3660, 3713
1502, 2228
1175, 2581
2051, 2296
2741, 4634
104, 1399
4323, 4999
1497, 4477
2161, 4699
498, 3477
2513, 4331
1733, 2736
606, 3255
811, 1476
2108, 3360
3683, 3795
547, 4133
2755, 2871
1309, 2079
1989, 3867
1276, 1627
330, 1589
2795, 2891
1987, 4115
2855, 3230
79, 2680
2097, 2949
940, 4466
3944, 4406
141, 1167
908, 3332
540, 1734
2064, 2367
2554, 4478
87, 2799
1535, 4540
2170, 3178
585, 2113
1134, 2775
1407, 4943
221, 3640
1030, 4125
1203, 3053
3079, 3990
401, 752
1531, 4205
1718, 3938
4138, 4255
20, 3464
2426, 2936
2926, 4946
1484, 4497
567, 3420
1099, 3157
115, 656
3815, 4100
484, 1744
309, 2090
322, 4332
637, 1252
633, 4444
3312, 3383
1975, 2332
4184, 4996
411, 1854
3565, 4344
846, 1708
1309, 2260
2524, 4014
414, 1883
454, 2611
736, 2372
2548, 4713
1778, 2628
2587, 2636
1014, 2535
1477, 1729
1883, 4130
2641, 3978
3738, 4465
2565, 3006
2941, 3138
4751, 4916
3248, 3375
2462, 3253
3528, 4036
1692, 3317
1922, 3932
3688, 3696
353, 3552
2449, 4055
1915, 3117
1427, 2849
304, 3265
1489, 1925
1814, 3556
1084, 3733
2399, 3521
2188, 2729
1902, 3030
1238, 3901
446, 1386
1533, 3628
2157, 4006
3402, 4081
1448, 1651
1747, 4151
1070, 3972
4012, 4377
3448, 4828
1674, 3621
2789, 4092
1, 2796
1180, 2202
1070, 1462
1611, 2395
2274, 3097
212, 1370
306, 2322
1914, 3925
436, 2436
1849, 4158
1823, 3142
958, 1426
1262, 2449
930, 1506
1635, 2833
1899, 2306
2210, 4991
280, 3712
543, 821
60, 547
536, 2304
1200, 4702
981, 1586
214, 4128
2802, 3888
855, 3739
4099, 4993
3370, 3391
77, 2027
1790, 3839
560, 1602
158, 4862
795, 2722
2444, 4262
258, 2332
296, 2708
843, 2138
1439, 3996
2282, 4731
996, 2966
134, 2304
2726, 4331
44, 2029
1294, 3919
3495, 4094
45, 3683
149, 1358
3155, 4652
3906, 4758
746, 2732
2217, 3240
2215, 2853
3844, 4332
114, 3340
1375, 3129
1768, 2870
229, 964
1071, 4851
2811, 3320
3490, 3992
988, 3440
3255, 4123
1061, 2043
3318, 4708
936, 2053
1012, 2787
1761, 2523
401, 2796
3176, 4233
2692, 4136
1553, 3554
253, 1815
1863, 4266
2477, 2790
350, 1334
733, 3039
2378, 3098
788, 1321
1151, 2403
3953, 4215
2039, 4543
3095, 3254
107, 3013
521, 3763
886, 4999
1110, 2037
1444, 4906
2694, 2922
3727, 4496
401, 3473
372, 884
1725, 2356
1878, 4030
2742, 4248
330, 3084
2560, 4852
284, 1921
1358, 2700
1781, 2198
2875, 3598
555, 1112
1507, 2503
2249, 2471
416, 501
103, 398
2693, 2983
2910, 4933
490, 4563
727, 3460
1141, 4419
3074, 4199
4044, 4957
2454, 4903
1383, 1600
2577, 2785
1961, 4138
855, 3751
293, 4191
130, 2765
536, 4484
3871, 4970
4107, 4610
417, 1120
2765, 4573
405, 4854
1044, 2575
1507, 4382
1273, 4799
1910, 3746
445, 4700
2756, 3436
1725, 3565
54, 3846
812, 2182
3732, 3999
4433, 4637
1914, 3550
1770, 3747
1569, 2403
3308, 3530
1302, 1812
2599, 3839
1334, 3385
2027, 3226
1752, 3059
1583, 3076
2129, 4961
1704, 4271
1384, 4857
2588, 3374
2014, 3419
2799, 3809
2506, 2730
389, 2508
3934, 4625
2978, 3596
4223, 4347
2327, 3479
566, 1135
618, 3791
3637, 4893
475, 3290
790, 3587
848, 960
1594, 1767
3835, 4132
1971, 3360
93, 4742
151, 594
1697, 2408
2961, 4862
1405, 3916
2338, 4977
3506, 4321
241, 2193
521, 3042
1302, 3674
394, 2974
542, 2176
2810, 4073
4262, 4441
740, 3643
641, 2881
2638, 4748
1515, 1588
2762, 4648
1638, 1896
2697, 3235
695, 4115
342, 2671
1932, 1946
1183, 1630
1632, 4683
367, 536
1908, 3486
3242, 4382
1492, 4014
1970, 3761
74, 4399
1840, 2672
2716, 4341
1190, 1347
2227, 3100
176, 2761
2171, 3049
4172, 4836
1178, 3475
199, 2202
942, 4086
2437, 4232
2567, 3369
860, 4317
1145, 2174
2606, 3040
1328, 4945
517, 3500
1857, 2545
277, 4097
4351, 4606
683, 1599
2629, 4398
367, 4302
360, 1494
1568, 4920
2386, 4204
2536, 4489
2227, 4664
1432, 1808
1372, 1416
1490, 2847
1304, 1474
1785, 2041
2485, 4751
519, 1707
2039, 4627
636, 3894
748, 1176
4477, 4838
294, 2191
741, 2436
65, 2913
3248, 4698
365, 1780
632, 945
1108, 3552
1771, 2849
3441, 3850
2971, 3379
320, 4158
1285, 3384
4540, 4989
208, 558
3165, 3599
449, 1311
3361, 4941
463, 4873
837, 3004
4070, 4975
1834, 2362
3314, 3987
3075, 4174
3354, 4615
7, 648
2840, 4198
207, 1350
807, 1574
2660, 3690
2014, 4281
2323, 4972
1822, 2917
3114, 4955
479, 3507
1194, 2492
3276, 3401
1308, 3634
443, 4858
337, 4092
1390, 4460
2032, 3667
854, 2436
240, 4100
2931, 4857
208, 4747
2173, 2486
2075, 3748
258, 2211
405, 579
807, 940
945, 2533
4556, 4572
560, 954
247, 2976
3115, 4766
640, 1528
1393, 4185
4347, 4510
71, 1551
874, 3476
2571, 4969
104, 1354
3376, 4549
2467, 3476
1758, 2886
999, 2093
357, 1988
518, 4397
530, 4015
1069, 1181
3367, 4529
3989, 4668
217, 804
881, 1958
452, 751
3028, 4665
756, 4108
26, 1880
303, 3514
304, 1080
1144, 1555
1788, 4801
2705, 2865
645, 1899
37, 2083
2905, 3404
148, 2613
823, 2267
3581, 3950
1121, 3563
1337, 4296
454, 467
474, 1332
108, 1188
720, 1917
808, 3021
3696, 4722
847, 3257
185, 4993
1394, 2923
576, 4542
101, 274
1668, 3213
356, 3016
29, 3587
534, 3728
938, 3527
196, 3673
2845, 4264
707, 964
1997, 3609
3832, 4760
1054, 4438
2538, 3027
317, 2409
2220, 3824
844, 1037
401, 2168
2129, 2957
2538, 3543
43, 1342
895, 4719
1145, 1681
3584, 4369
1878, 4213
2223, 2938
1427, 1462
438, 2353
2290, 2691
237, 3836
916, 2801
4190, 4765
1117, 2206
2430, 4895
1350, 2438
2841, 4290
2010, 3651
887, 4836
2779, 3028
1048, 4148
135, 329
4740, 4939
1027, 2272
100, 2307
3289, 3866
35, 358
3421, 4684
1296, 3382
1473, 3452
2989, 4151
823, 2376
779, 1744
1543, 3228
55, 3465
385, 3740
2237, 3661
39, 1654
1254, 3968
1588, 4302
1649, 3509
2152, 4846
2360, 4979
992, 3213
2810, 4363
243, 2393
773, 4592
638, 3245
4962, 4965
669, 2063
1272, 3112
25, 602
3905, 4895
1334, 2360
1683, 2303
350, 2642
1742, 3631
3594, 3612
2169, 4958
1031, 4509
1805, 2568
2107, 4790
2338, 4956
1170, 2791
2194, 4118
518, 3825
803, 1606
2834, 4615
1678, 3710
689, 3793
2664, 4047
3910, 4289
561, 3595
3142, 4849
1722, 2033
2019, 3998
1271, 4140
1990, 2812
3136, 3178
3281, 3799
171, 328
150, 3411
1580, 2172
1820, 1923
4495, 4939
63, 1387
292, 4418
1917, 2477
994, 4376
1707, 4661
2104, 4516
949, 3644
1501, 3027
217, 1847
789, 4460
1369, 4787
1486, 3220
302, 3983
390, 4667
1041, 1891
4684, 4868
851, 4876
1086, 3260
2895, 3749
3826, 4949
2074, 2633
1833, 2627
1370, 3088
2775, 3928
77, 1488
1667, 3043
2712, 4632
828, 4627
1486, 3474
2758, 3994
1315, 2211
2726, 3459
36, 4786
1396, 3349
690, 1704
2477, 2727
937, 3222
2122, 4974
727, 2896
2384, 3517
971, 3020
340, 2253
665, 1699
711, 2450
1733, 3201
2101, 2532
2411, 3959
959, 3971
2430, 4552
498, 1974
2509, 3287
1488, 3079
1114, 4457
1796, 3350
736, 4548
1079, 1798
2115, 2878
2810, 3191
1762, 2257
3383, 3407
1923, 3373
1524, 4522
2554, 2987
2621, 3080
564, 2091
1388, 4617
3414, 4584
2524, 2911
2251, 4545
2208, 2925
119, 640
173, 3165
442, 2933
70, 345
2502, 4413
1777, 4314
794, 1526
553, 3032
1906, 3404
981, 3680
2242, 2761
826, 4305
2460, 3817
3818, 4009
2722, 3141
2850, 4779
3663, 4689
3766, 3776
5, 2880
694, 3141
1460, 3707
1102, 3565
827, 2842
502, 1827
1011, 3779
4285, 4805
1854, 3736
575, 599
455, 1712
4162, 4270
415, 3295
960, 2462
2268, 4643
1024, 4787
2358, 2806
2510, 4155
384, 4227
1057, 1746
81, 3072
1155, 1858
1578, 4762
24, 3769
2685, 2929
1475, 4396
3257, 3861
1298, 3888
4608, 4891
379, 1800
4076, 4574
1568, 1972
1273, 4410
507, 1617
418, 2793
3265, 3771
85, 2720
3522, 4836
1992, 3063
4727, 4743
2545, 4284
3794, 4571
18, 2717
1698, 2098
3566, 3701
2188, 4256
3570, 4303
3443, 3944
2857, 4238
292, 1132
1881, 4102
2236, 2515
378, 1694
456, 469
1023, 2830
459, 4765
1764, 4770
3941, 4852
1553, 3346
681, 3687
2007, 4801
1402, 4287
77, 842
479, 1334
2720, 3124
211, 986
908, 3946
2601, 4040
1903, 4018
300, 4722
1938, 3430
3190, 4704
1312, 3500
3828, 4559
136, 1086
455, 1724
1406, 4656
1601, 4350
2135, 2408
2475, 4109
2948, 4684
1489, 4698
3891, 4835
518, 4554
927, 4137
2137, 2873
2087, 2379
1742, 2218
3116, 4793
910, 4498
2269, 4117
2186, 4540
48, 1723
1986, 4549
121, 379
2885, 4563
2616, 4807
481, 3852
2901, 3139
2914, 3347
3983, 4569
107, 1536
2203, 2452
1418, 2354
1848, 3294
3412, 4682
445, 2025
2713, 3337
1514, 1547
1500, 3680
3397, 4066
4689, 4962
4149, 4738
1767, 3711
1712, 2759
1767, 4488
3763, 4905
274, 2911
1454, 4819
369, 3813
1493, 2178
2669, 3118
1583, 4075
3049, 3806
2746, 3539
2983, 3880
458, 1271
3491, 4806
3459, 3922
492, 1073
594, 4309
1851, 4216
312, 3888
2047, 2346
265, 313
3301, 3451
3877, 4124
2006, 3792
1154, 2700
2825, 4851
1151, 1818
2757, 3654
1782, 3914
404, 2245
2123, 2234
1878, 4816
674, 4461
565, 2730
861, 2227
3096, 3356
1247, 3127
1050, 3670
1097, 3398
2442, 4337
2778, 3419
3469, 3741
925, 4201
1265, 1739
1797, 1879
118, 2927
2879, 3054
370, 1595
607, 852
504, 3675
523, 4398
4355, 4788
296, 2890
1971, 4792
810, 2705
984, 3371
1363, 1898
3807, 4156
2286, 3190
2888, 4040
1310, 2327
1045, 3595
4561, 4944
40, 711
917, 4200
226, 2369
1378, 4785
36, 4477
4188, 4952
2992, 3409
79, 3271
1130, 2012
2665, 4104
2118, 4662
195, 2318
225, 3933
2173, 4934
3297, 4452
332, 613
916, 2200
671, 4037
1811, 2806
1341, 4078
2374, 3598
2579, 2687
3270, 4918
1221, 1499
2281, 4608
502, 3433
225, 747
1600, 3370
2239, 3464
490, 2209
134, 956
1927, 2562
576, 4772
2221, 4432
1945, 3353
491, 1119
1526, 4572
3358, 4028
2580, 4844
661, 860
256, 3281
368, 4724
2156, 3160
2506, 3199
1468, 2658
1898, 2416
2177, 4946
3886, 4197
434, 1869
2379, 2567
1203, 1504
584, 3461
332, 2062
1162, 2892
2519, 3223
2600, 3779
1481, 3197
551, 1988
1851, 2265
608, 4697
3624, 4551
1228, 3671
2126, 4207
3241, 4038
3829, 4714
3659, 3803
319, 3734
493, 3497
1201, 4812
964, 2365
2853, 4782
111, 844
615, 1410
2301, 2772
550, 826
617, 4576
287, 2766
772, 3803
2236, 2656
2873, 4940
2424, 3573
2343, 4471
2350, 4097
646, 2320
2755, 3752
4034, 4820
4784, 4865
15, 1748
232, 3651
651, 2339
415, 3743
1944, 4609
3911, 4417
4246, 4549
1994, 3861
1681, 3723
1369, 2143
3227, 3760
941, 3443
2099, 2772
1417, 4504
2064, 2805
343, 4304
445, 2574
1715, 1759
2558, 4209
2672, 3816
1092, 1594
1185, 3006
1032, 4087
2282, 3709
3834, 4656
878, 1051
1818, 1832
941, 1422
2570, 3931
1684, 4384
161, 4781
964, 1113
1857, 4918
1148, 2434
619, 2677
4693, 4810
1214, 2885
3448, 3632
336, 1514
1114, 4063
1162, 1394
111, 2071
1554, 1897
1892, 2429
4523, 4738
359, 468
554, 1033
745, 1836
1207, 3536
1534, 4973
598, 2956
955, 4318
1622, 4892
2466, 4366
4841, 4899
364, 4562
2924, 3237
4404, 4620
521, 1827
685, 2454
2269, 2295
3511, 4948
376, 2771
763, 1148
89, 2808
3420, 4851
3202, 4606
1038, 3070
3899, 4056
962, 4228
3010, 4602
1742, 2792
1565, 3630
1656, 3299
1953, 3645
4392, 4917
230, 4377
3279, 4702
2666, 3688
2179, 3595
1327, 4800
3461, 4755
1104, 1380
132, 3125
437, 3715
1942, 3890
3208, 4446
1735, 2970
2513, 4901
3086, 3231
4925, 4956
1248, 1817
3473, 3576
2548, 4288
2640, 3666
52, 70
2068, 4384
375, 1237
2105, 3374
1839, 2369
2863, 3918
105, 4416
1170, 2800
203, 533
1249, 1395
1315, 1990
1759, 2392
2986, 4149
509, 4650
1822, 3192
2564, 3615
2518, 4064
1419, 3853
1484, 1652
2664, 2839
1937, 2543
857, 4972
1844, 2760
594, 625
438, 4473
422, 2024
3518, 4386
601, 3186
3540, 4977
2125, 2823
758, 4762
1429, 2025
1253, 2790
513, 3650
1056, 1969
1138, 1926
635, 1156
2454, 4027
1876, 2618
2331, 2430
3771, 4620
4387, 4702
2326, 3847
3853, 4907
2892, 3941
1053, 3038
251, 1830
180, 3100
551, 2329
2524, 2884
184, 3141
2054, 2679
1253, 3791
315, 2498
2261, 2974
584, 2432
617, 4285
2371, 4482
3197, 4409
703, 2652
1605, 1852
951, 2811
1346, 2725
1185, 1449
514, 2319
1183, 4557
584, 3069
994, 1560
4645, 4658
156, 4413
1006, 2226
1727, 2745
119, 1283
1064, 4317
159, 1249
963, 4878
651, 1913
1442, 3754
719, 2312
2015, 2554
2615, 3414
4003, 4006
49, 4981
1951, 4524
3049, 4504
2005, 3540
1960, 2454
3074, 3294
842, 2723
2096, 4076
977, 1425
313, 4065
4292, 4302
769, 1166
382, 1768
723, 2135
2519, 4802
2278, 4789
1631, 4494
2317, 4800
2597, 4993
293, 2351
326, 827
684, 2076
2009, 3067
170, 4373
769, 2948
1089, 2049
603, 1302
3082, 4438
1895, 4782
3113, 3129
783, 3965
1361, 1543
3135, 3789
2068, 3453
1298, 4025
4143, 4655
183, 1123
499, 612
940, 3238
171, 2086
3699, 3752
46, 1852
1544, 2543
909, 4815
2573, 4386
926, 1470
315, 3117
1058, 3598
2059, 3294
8, 3356
2514, 4190
2148, 3604
4053, 4994
923, 3648
3006, 4936
104, 4863
3185, 3880
3368, 3618
1092, 3266
2999, 3090
517, 2803
1067, 4866
164, 1970
2234, 2977
1004, 3270
1441, 3615
1520, 2279
4080, 4711
4640, 4647
318, 3265
2195, 4164
3093, 4119
3930, 4433
1091, 3340
112, 2533
2663, 2979
1311, 3740
1052, 3342
2622, 2698
1787, 3785
213, 3528
3265, 3693
939, 4038
2227, 4803
14, 4293
639, 2501
3487, 4806
2222, 2354
2957, 3518
2782, 3955
3031, 3729
1478, 2122
1558, 2964
429, 2421
1563, 4381
730, 4649
3094, 3272
3679, 4515
765, 1351
437, 4687
709, 2407
1977, 2115
3940, 4545
4013, 4849
2034, 4712
674, 1364
1516, 2237
2181, 3049
1082, 4614
3202, 3594
998, 3237
1076, 4158
1344, 2054
949, 1056
3606, 4994
3261, 4487
3329, 4747
3931, 4624
1616, 4170
2651, 2940
1313, 2036
763, 1483
365, 4725
1189, 4372
1880, 4003
4245, 4591
751, 900
2221, 4155
2556, 3044
2279, 3282
1721, 2140
787, 1723
1523, 3555
560, 4641
1374, 1577
2006, 2493
2701, 3859
3425, 3961
881, 3401
1670, 4706
1259, 3809
568, 865
279, 3483
496, 2516
2407, 3601
149, 709
536, 2312
1709, 4897
2893, 3553
1220, 4950
472, 1991
1749, 1910
4167, 4823
2800, 3309
1805, 4051
2363, 2760
434, 2265
3488, 3603
1281, 2821
896, 3563
271, 3928
1859, 3996
1441, 4968
2942, 4530
1487, 3202
1554, 3335
1450, 2163
764, 4429
3471, 3604
2112, 4555
1568, 4991
1594, 2822
1734, 2654
1254, 1552
715, 2066
1382, 4190
1978, 3175
972, 2833
797, 3641
2542, 3341
1351, 3569
413, 1765
1202, 2292
929, 3390
732, 2340
1301, 4193
242, 1838
397, 2176
1995, 2967
792, 4004
3180, 4505
116, 2125
476, 3449
2266, 4717
359, 1407
2811, 3458
1789, 2488
1949, 3818
607, 782
2379, 2512
156, 2231
1771, 3073
523, 660
210, 4829
286, 2336
753, 3965
1238, 3042
1291, 2396
3145, 4832
2405, 4543
1751, 1768
543, 3706
1465, 4608
167, 4776
831, 2611
1586, 2330
1042, 2735
916, 2317
1316, 3683
2359, 4674
202, 1682
264, 4929
459, 4143
3454, 4194
358, 3377
987, 4332
820, 1829
2175, 4947
66, 1421
3339, 4803
322, 865
345, 3162
2624, 4916
1399, 2586
529, 2944
127, 3920
602, 4240
285, 4807
2822, 3225
1793, 3721
386, 3146
949, 2139
3503, 3804
1492, 2678
1729, 2582
1025, 4346
1502, 3832
2928, 4208
2868, 4726
1730, 2196
1157, 2502
2306, 4400
673, 3759
3091, 4445
2778, 3022
799, 1510
377, 4334
331, 985
2685, 4188
521, 3169
2439, 4293
1933, 4116
2318, 4333
621, 3973
1469, 3407
3089, 3244
3137, 3406
1022, 2530
2099, 4612
305, 4490
2470, 3621
1838, 3010
2273, 3416
1432, 4525
1547, 4910
609, 3718
122, 755
932, 4179
341, 1071
407, 2016
2795, 4486
2587, 4300
905, 1848
1128, 4014
1446, 2207
168, 1168
1693, 4746
1149, 4357
2115, 4274
1041, 3535
1794, 2957
125, 1687
1844, 3047
355, 1918
840, 1665
155, 4578
1755, 3463
1016, 2553
3696, 4107
730, 3316
328, 2696
2997, 4134
885, 3807
1664, 3413
974, 1241
2548, 4578
328, 4550
3205, 3231
400, 3895
3649, 4400
2417, 3055
1715, 3352
1455, 2775
67, 4673
2132, 4735
2246, 2435
608, 3767
277, 1991
53, 3492
3804, 4729
118, 3532
478, 4090
523, 3348
1719, 4474
2393, 2471
3080, 3267
1039, 3003
1774, 3672
193, 1807
865, 4972
200, 2223
943, 1012
2188, 3541
645, 3216
867, 1026
593, 4913
3234, 4649
1160, 3046
3150, 4103
3892, 4143
3620, 3785
2599, 2626
1698, 3761
127, 528
1730, 2517
1870, 2909
2661, 3154
932, 2827
1369, 3760
3461, 3863
4644, 4864
1631, 1771
816, 1634
692, 1661
1557, 3131
2375, 3053
373, 4824
135, 428
1679, 4147
1650, 2138
78, 4657
1215, 2985
2547, 3089
364, 494
2036, 2422
2141, 2906
2277, 2439
1179, 2927
2117, 4231
2370, 3128
1008, 3862
2728, 4515
1938, 2364
2073, 4592
642, 3498
832, 1687
896, 4564
436, 3361
13, 132
2724, 4714
1687, 2237
1999, 2930
1582, 2576
1200, 2518
1040, 1709
2241, 3593
1966, 3103
1389, 1728
1755, 2481
1368, 4761
1582, 4812
703, 2786
471, 2981
1495, 2998
274, 3995
3574, 3660
190, 2410
2721, 4922
257, 2257
2230, 4345
1279, 3441
1423, 2669
2829, 4295
3950, 4192
3038, 3779
2636, 4691
145, 3159
1434, 3817
741, 4254
1161, 2971
3753, 4032
966, 2340
823, 3691
297, 1504
708, 1169
1583, 3647
109, 347
2189, 3103
647, 3298
3049, 4826
951, 3179
1382, 4588
653, 744
1414, 4644
668, 3242
153, 2832
1843, 2896
802, 2287
1876, 3111
1581, 2518
1929, 3768
713, 1730
1677, 1907
605, 1842
2601, 4878
1003, 1353
1629, 4181
1493, 3791
1349, 3566
2157, 4229
84, 2707
2860, 3180
2648, 3876
976, 1777
1803, 4992
3034, 3806
866, 2563
2856, 4037
1487, 2561
344, 1335
433, 3717
2097, 4998
383, 1561
875, 2028
588, 2175
361, 4988
104, 3514
1517, 1977
2714, 3252
995, 4291
1677, 1936
2566, 4843
769, 4728
3321, 4436
334, 1977
241, 1319
1138, 4304
1355, 3239
4138, 4291
2915, 4881
2969, 4764
29, 3362
1383, 2255
3045, 3820
1996, 2982
2491, 4062
1424, 2786
1739, 4455
2766, 4274
1951, 2687
109, 3044
3940, 4439
4424, 4910
99, 4096
1759, 4856
2779, 3008
309, 784
1225, 3421
1922, 2534
18, 3222
1826, 4000
2574, 2609
1523, 4106
2971, 3953
351, 498
4121, 4354
825, 1276
2841, 4511
2347, 4745
4238, 4512
1816, 3233
2200, 4502
2814, 3702
1210, 4920
1173, 3961
166, 1595
2669, 4753
272, 3947
764, 3264
477, 4139
705, 3940
4159, 4792
1431, 1442
2691, 4238
495, 4692
1808, 2843
2043, 4811
2915, 4770
1783, 1994
361, 3220
1648, 1726
2562, 2580
1356, 4206
442, 1512
1691, 2150
931, 3678
1106, 3836
577, 1735
3806, 4935
1929, 4715
2981, 4950
918, 1572
3285, 4042
4541, 4680
1081, 4283
2630, 4280
3544, 4617
1496, 1771
1820, 1860
555, 3644
296, 3567
822, 1449
2667, 4521
3057, 3083
51, 3488
149, 947
326, 3613
134, 921
863, 2651
679, 2879
41, 2614
1331, 3517
1229, 3090
1128, 3284
2153, 2192
3088, 4421
2424, 4343
1284, 1546
915, 2742
3348, 4539
1984, 2740
12, 4309
3883, 4379
3327, 4750
453, 4473
946, 3125
3665, 3807
2631, 3611
1171, 3581
3985, 4088
2324, 4192
799, 3752
1253, 2683
1232, 2435
1085, 2879
2362, 3000
1620, 3468
409, 1407
950, 2379
3413, 4402
2134, 2695
4720, 4825
181, 3153
1696, 4607
2757, 4126
809, 3904
175, 2196
4217, 4635
874, 1721
4144, 4807
1373, 4095
3921, 4550
1083, 4341
2195, 2904
1140, 2046
1338, 2130
3719, 4855
791, 4968
164, 3581
197, 2690
168, 2215
4160, 4535
352, 784
167, 4508
1775, 3108
2118, 2844
2299, 4048
3669, 4559
1430, 1563
215, 1381
434, 1206
244, 1526
2560, 4420
658, 1034
2209, 4423
710, 1179
1005, 3324
338, 1401
1665, 4399
234, 3470
3572, 4403
270, 354
281, 4472
1811, 3529
600, 4015
3023, 3481
2375, 4222
2916, 4335
1884, 3251
363, 1305
447, 1977
2669, 3705
1440, 2225
3209, 3349
94, 1484
1320, 2115
1606, 3838
152, 2799
3519, 4081
2248, 4698
2222, 3269
1902, 2919
1033, 4417
143, 1307
144, 3721
3, 2619
2414, 3792
1803, 1890
928, 1427
1964, 4228
3831, 4026
3450, 4875
770, 3835
4138, 4690
3411, 3646
462, 3655
946, 2526
1413, 3125
2474, 2586
1320, 4744
1876, 3055
1599, 4511
2754, 4929
868, 959
3005, 3856
421, 2047
1919, 2115
2914, 3075
1401, 4779
2569, 4682
621, 3642
1910, 4040
1748, 3392
1786, 4715
2816, 3167
213, 3305
1999, 4593
141, 1690
333, 3174
1596, 2109
856, 4773
2070, 3405
1096, 4754
4122, 4846
0, 1643
1384, 2900
2298, 2657
2599, 3437
1596, 2869
3353, 3415
2651, 4337
1101, 2315
1359, 4662
9, 4675
687, 4252
3312, 4773
3166, 4708
1939, 3531
140, 1805
4244, 4927
170, 4048
595, 3965
36, 2930
1763, 3307
2158, 3905
61, 2804
384, 2162
2663, 4079
1710, 3899
1554, 3051
2000, 3218
997, 1594
1440, 2531
429, 2696
3182, 4757
3331, 4342
2236, 4689
1340, 2603
2883, 4597
1125, 1871
1061, 2238
2667, 2903
1613, 3063
1869, 2634
2947, 4492
1146, 4154
1348, 1584
514, 3610
510, 3229
1005, 2031
98, 4415
74, 1357
2159, 2641
524, 4794
477, 1463
1598, 4294
1117, 2549
813, 1898
286, 1127
3372, 4046
891, 4236
616, 4928
4196, 4223
729, 1147
3941, 4301
1206, 3018
1234, 3903
1655, 2860
2175, 3652
2123, 4368
1503, 3869
1031, 3173
1309, 4002
1648, 2070
1595, 2883
1029, 2185
62, 1316
563, 4281
1055, 4716
2496, 4106
2843, 3993
3095, 4930
2215, 2932
80, 3918
128, 3865
2070, 2607
1616, 3066
2492, 2534
917, 986
3230, 3263
743, 3958
2031, 2734
1323, 2706
3303, 4252
2783, 3081
1345, 3188
298, 3798
699, 2806
157, 4573
1428, 3085
2120, 4913
670, 823
787, 3682
581, 3052
1130, 3412
800, 4605
4600, 4607
154, 913
1614, 2837
2235, 2385
960, 2183
292, 2448
1274, 1970
1122, 3196
825, 3714
440, 4173
1140, 2950
1978, 4672
1603, 3642
2106, 2337
921, 4769
3141, 3698
1499, 1664
824, 1390
771, 4511
700, 2776
505, 3131
91, 3886
3150, 4990
4679, 4706
1202, 4282
1236, 2369
331, 4032
1459, 4665
2110, 2510
1357, 2325
2092, 2698
183, 2988
1153, 3350
1159, 3075
2731, 4277
242, 1756
2777, 3724
4100, 4707
1088, 3017
3822, 4303
66, 3695
25, 1059
4668, 4744
2199, 4487
1504, 4535
1125, 4430
160, 845
477, 4847
2819, 3126
1290, 4574
725, 3161
57, 3280
4039, 4346
1253, 2637
3432, 3839
2152, 3645
1754, 3861
2080, 2694
255, 3902
1736, 4558
2887, 4153
291, 4778
4784, 4884
1361, 1872
1772, 1862
2072, 3557
3958, 4804
2211, 3163
555, 4500
1073, 3095
2514, 4845
190, 1557
2149, 4916
894, 3023
3718, 4647
2769, 4565
1839, 2120
2456, 3885
2083, 3423
973, 2145
664, 1276
3745, 3834
1793, 4019
924, 4855
2499, 4524
591, 1119
3759, 4566
269, 2687
3861, 4308
596, 2265
181, 3246
274, 4937
1365, 4187
722, 4334
3499, 4388
486, 843
1379, 2689
40, 4957
775, 4463
3262, 4060
2022, 3422
1011, 1339
229, 4446
2664, 4058
1754, 3218
1453, 4072
2348, 3468
978, 4019
876, 1226
1184, 1645
3374, 4598
2552, 3841
2406, 2588
531, 571
979, 1066
2128, 2144
3019, 3677
3085, 4853
1192, 3980
2662, 3945
1438, 1743
2511, 4425
1261, 4951
2426, 4422
869, 3106
1912, 4018
327, 2084
166, 4454
1049, 2521
1162, 4470
2438, 4677
1270, 2533
623, 1451
711, 721
3742, 4724
582, 935
1384, 1835
1610, 2513
3204, 3956
381, 749
989, 4315
2168, 3553
17, 2066
4071, 4192
3142, 4821
312, 2899
3031, 4551
202, 702
4019, 4186
3295, 3438
1598, 1643
1024, 1216
2400, 2755
904, 1615
168, 1525
3054, 3800
249, 3011
1068, 3168
1514, 4407
547, 3600
1791, 1980
2487, 4783
1768, 3056
166, 1850
205, 4237
322, 2675
834, 3586
1162, 4923
2585, 2954
834, 4490
301, 895
68, 700
4665, 4737
3403, 4942
2956, 4754
1509, 2585
969, 1873
551, 968
1466, 1497
3851, 3911
2229, 4522
437, 4171
3782, 4131
3492, 4328
638, 1217
84, 4049
1798, 4243
1413, 3494
3466, 4050
4078, 4900
2541, 3174
2850, 3664
310, 4127
3548, 3721
1307, 1642
2610, 2891
47, 2873
2649, 4739
2797, 3653
2627, 3455
2165, 2623
1107, 3501
170, 3917
909, 4094
227, 2973
2644, 4152
3493, 4491
1088, 1713
1980, 2160
2160, 3149
2381, 2884
2398, 4170
585, 1788
3059, 4775
2026, 2090
123, 2973
644, 2085
1280, 1952
790, 2389
840, 2494
3130, 3472
2104, 3962
575, 899
1716, 4487
457, 2751
1041, 3446
185, 1286
2204, 4181
925, 3725
2101, 3913
82, 3407
453, 1175
2693, 3333
1402, 3480
2651, 2960
1957, 3087
2328, 3364
592, 2650
2851, 3309
4218, 4499
1116, 4356
1041, 1105
914, 4902
1409, 3809
1855, 4533
1068, 3338
186, 3836
550, 4734
652, 934
896, 2044
2605, 3845
2052, 2152
512, 4789
2333, 2593
4089, 4816
1193, 3009
1865, 3966
376, 4371
1719, 2335
1257, 4819
571, 4513
663, 1210
2912, 4812
604, 1792
2941, 3513
3081, 4021
235, 2622
1242, 4921
980, 3095
1017, 4660
2246, 4408
2447, 4022
875, 4544
1666, 4224
223, 527
2707, 4429
870, 3362
2111, 4582
2142, 2767
3134, 3777
2703, 4512
1464, 4411
3877, 4011
4180, 4489
2283, 3775
1935, 4800
3164, 3976
3498, 4014
1657, 2193
2088, 4383
121, 4518
42, 2877
1006, 2211
3578, 4397
112, 859
3792, 4638
2369, 4532
1014, 4182
1524, 4911
1783, 3007
1967, 4153
1445, 3477
1689, 3505
1041, 3496
131, 2254
1466, 3207
3783, 4642
2762, 3293
1947, 4199
28, 4627
126, 2639
1000, 4290
4967, 4986
1312, 2048
2037, 2753
273, 4364
1895, 3671
2519, 4146
1742, 3858
1376, 1808
545, 2430
3520, 4708
806, 4589
1054, 1607
798, 4796
1513, 1931
2126, 3315
1626, 3859
521, 1074
2301, 4258
4067, 4618
463, 1360
2148, 3283
2075, 2710
188, 3139
144, 3703
1087, 3351
855, 1233
2733, 3109
2953, 3334
975, 4422
118, 624
1966, 3735
16, 2359
340, 1196
614, 4824
1529, 4254
3557, 4416
1078, 1976
993, 4381
155, 4701
3043, 4506
1437, 2285
2273, 4131
1707, 2103
944, 1898
3634, 4475
1219, 1532
1570, 2346
109, 3969
1321, 4546
1671, 2416
1283, 3396
1770, 4984
1932, 3614
2060, 4032
1247, 4695
111, 2874
1576, 2294
127, 4537
548, 2398
796, 2114
1063, 1968
190, 4098
3730, 4948
102, 4485
22, 4254
1738, 1935
597, 4296
2725, 4280
2052, 4710
852, 2205
1415, 2232
1701, 1921
3075, 3737
814, 3429
1534, 3478
2289, 4344
174, 461
3119, 3746
691, 1864
216, 4344
2040, 2151
233, 1153
2276, 4777
201, 1657
3107, 4079
2810, 4234
583, 3467
261, 4769
4030, 4450
793, 2488
2151, 3778
1443, 3391
3454, 4468
4780, 4784
1223, 2598
1611, 4651
1948, 3197
2559, 4499
2951, 2975
2293, 3073
2965, 4338
1605, 2643
875, 1837
990, 2744
631, 3705
996, 3942
1213, 1926
1652, 1954
3123, 4307
1175, 4568
3880, 4560
1043, 4779
578, 726
