24.616999
171, 271
183, 268
46, 232
102, 194
106, 180
27, 39
131, 232
86, 279
18, 259
62, 115
152, 158
18, 129
243, 283
150, 219
141, 237
59, 241
50, 246
137, 235
29, 269
31, 222
31, 84
54, 268
5, 170
258, 289
37, 80
68, 160
32, 138
46, 190
133, 254
8, 104
167, 228
243, 285
200, 237
112, 290
65, 168
130, 157
140, 299
49, 223
183, 260
125, 231
110, 123
15, 187
259, 280
45, 208
12, 164
46, 291
7, 262
39, 183
104, 128
80, 136
126, 242
56, 88
1, 292
39, 170
237, 278
196, 235
43, 113
114, 235
76, 201
74, 179
6, 210
9, 97
140, 156
15, 292
190, 249
47, 93
124, 289
188, 265
239, 244
216, 244
203, 212
8, 245
174, 183
64, 226
95, 220
32, 82
107, 143
187, 289
41, 215
212, 283
30, 90
7, 92
42, 248
58, 87
218, 256
56, 60
235, 256
86, 209
78, 262
98, 184
41, 189
59, 168
77, 189
68, 263
158, 201
18, 180
19, 51
85, 255
187, 264
56, 210
9, 154
46, 63
15, 126
38, 181
82, 225
227, 292
6, 238
111, 237
32, 294
92, 239
231, 256
84, 147
215, 271
117, 225
19, 142
83, 135
73, 97
48, 100
90, 257
125, 246
129, 211
51, 287
14, 77
20, 49
235, 292
48, 239
157, 244
33, 147
119, 187
189, 260
222, 251
42, 74
192, 294
119, 230
216, 230
29, 180
29, 273
118, 251
79, 132
165, 231
106, 178
226, 280
103, 222
16, 171
191, 235
38, 55
112, 144
167, 168
38, 57
143, 156
67, 84
174, 184
115, 206
230, 266
21, 47
60, 197
98, 211
57, 186
60, 261
95, 183
145, 190
109, 279
55, 93
48, 285
103, 298
228, 277
258, 276
171, 214
155, 265
121, 244
2, 266
66, 289
158, 171
146, 272
43, 58
234, 244
91, 130
85, 287
142, 172
39, 118
264, 265
21, 287
51, 173
119, 195
253, 297
80, 203
262, 268
130, 146
36, 118
24, 198
63, 261
30, 148
9, 77
29, 151
57, 202
190, 263
30, 227
6, 275
253, 276
266, 296
128, 273
98, 139
43, 167
125, 135
118, 123
44, 189
225, 255
84, 156
101, 132
152, 206
94, 254
138, 209
0, 41
84, 228
22, 144
110, 149
5, 161
122, 132
49, 147
225, 285
156, 166
108, 243
44, 160
159, 237
102, 263
252, 288
293, 294
34, 93
137, 288
137, 179
132, 282
36, 120
65, 112
169, 213
219, 269
71, 172
81, 189
236, 249
164, 240
200, 269
39, 96
40, 158
23, 171
59, 284
282, 296
67, 89
52, 240
162, 253
133, 196
197, 247
54, 75
13, 266
24, 78
126, 153
60, 274
72, 254
163, 176
221, 229
61, 282
189, 199
11, 47
175, 285
124, 169
182, 194
224, 251
31, 233
164, 197
127, 247
18, 177
185, 294
26, 55
149, 207
10, 90
53, 147
35, 162
260, 295
27, 204
4, 38
94, 281
134, 145
163, 294
193, 205
25, 63
69, 145
28, 49
154, 270
187, 205
17, 239
194, 221
116, 135
149, 286
99, 220
5, 70
133, 267
217, 289
68, 250
3, 251
38, 208
105, 223
