2.406185
534, 2027
561, 2541
467, 1129
1267, 1346
408, 662
727, 1628
1521, 1525
29, 333
414, 1009
152, 2040
180, 1797
916, 2809
1334, 1979
673, 2733
63, 1571
1161, 2880
67, 2010
146, 2022
1124, 1363
1997, 2450
871, 927
1436, 2714
1597, 2798
2278, 2946
104, 2186
536, 1969
1707, 1786
788, 1071
1018, 2557
0, 1378
2348, 2397
151, 1004
631, 1149
1195, 1545
2269, 2665
5, 1801
145, 572
1868, 2506
784, 984
884, 1848
1698, 2730
72, 2368
300, 1532
1377, 2574
2053, 2681
11, 1974
623, 666
1176, 2255
82, 1061
624, 756
819, 1701
837, 2785
265, 1281
603, 2816
1001, 2898
1541, 2221
365, 445
853, 2222
1129, 2318
1252, 2590
1297, 2025
1586, 2467
164, 2070
367, 2349
900, 1849
919, 2369
1192, 1724
1213, 2744
156, 1594
462, 2248
493, 1292
1100, 2190
16, 2507
870, 2609
1505, 2044
1327, 1997
1772, 2508
2735, 2850
435, 1627
713, 738
1362, 1605
765, 1393
872, 2177
189, 1863
371, 1954
989, 1400
1595, 1980
2609, 2694
250, 417
466, 2036
408, 813
1242, 1970
273, 697
1491, 2360
805, 1001
2, 2361
987, 1933
909, 1488
1377, 2450
1380, 1390
458, 854
499, 1842
500, 1199
965, 2046
1767, 1957
561, 2226
875, 2897
275, 2599
793, 2420
1356, 1522
1470, 1776
277, 443
794, 2919
640, 1491
992, 1182
1319, 1919
2182, 2719
691, 2753
2258, 2361
320, 425
429, 2359
1456, 1560
456, 2312
794, 2437
1212, 2229
1443, 2117
219, 1205
731, 2442
1508, 2337
656, 921
833, 1011
160, 736
611, 995
1371, 2383
2049, 2759
9, 1259
189, 1969
321, 964
746, 1084
1147, 2519
1815, 2543
167, 870
1051, 1939
570, 1738
781, 1255
428, 2918
447, 1379
1874, 2924
760, 2600
1102, 1425
1159, 2047
238, 404
1045, 2396
1066, 1666
1558, 1899
2164, 2748
2232, 2952
69, 2509
502, 2314
1161, 2377
169, 1794
464, 2424
1145, 1798
2854, 2948
282, 1736
455, 2145
546, 2187
1003, 1195
1162, 2701
1227, 2554
52, 1502
809, 2741
1010, 2481
1130, 1772
1252, 1966
746, 2202
768, 1750
1034, 1728
104, 2179
919, 2001
1026, 1310
1484, 2099
246, 2459
407, 2814
1472, 2605
1954, 2519
2116, 2316
157, 1678
1420, 1501
997, 1484
1504, 2729
252, 1054
2009, 2081
700, 2002
1286, 1322
1056, 2243
1291, 2527
763, 1352
955, 957
1208, 1754
878, 2112
2045, 2543
251, 1462
1771, 2926
1059, 1610
1407, 1441
1434, 1882
61, 909
985, 1447
440, 902
1362, 2443
2384, 2920
789, 2009
923, 1611
1648, 2034
642, 2499
1483, 2701
1896, 2184
88, 2927
953, 1780
1191, 1360
1439, 1538
763, 1533
488, 2161
2080, 2596
156, 1247
2532, 2674
20, 1475
2158, 2605
2627, 2932
38, 763
321, 1373
574, 1159
1189, 2384
232, 2236
1157, 1996
2111, 2260
2151, 2335
2644, 2681
1972, 2120
2101, 2472
25, 1498
2636, 2697
621, 1661
1231, 1889
2694, 2917
992, 1123
1084, 1618
1144, 2792
13, 2512
549, 1048
787, 1538
1310, 2005
1884, 2360
139, 490
365, 849
487, 2724
885, 892
1648, 2005
139, 2016
291, 2946
307, 993
608, 2308
14, 1567
1580, 2927
2180, 2876
2609, 2994
551, 2957
1309, 1452
1476, 1731
2064, 2403
122, 345
328, 1383
713, 1586
1310, 2033
1729, 2009
1900, 2276
953, 1160
2098, 2377
2377, 2766
1242, 1365
990, 2552
767, 2627
248, 2044
387, 2707
619, 2256
2717, 2768
564, 1642
698, 1066
851, 1081
1110, 1194
2352, 2432
260, 1298
1265, 1981
404, 715
1580, 2135
423, 2155
504, 2627
1161, 1744
8, 1536
421, 1334
755, 1441
1616, 2206
699, 2618
927, 1147
942, 2090
1461, 1651
169, 2430
636, 1178
2109, 2658
409, 2011
806, 1834
1331, 2157
398, 2551
785, 999
1154, 2472
1396, 2117
1746, 2011
1873, 2395
431, 2034
568, 1540
687, 819
1772, 2886
1789, 2512
14, 2008
1298, 2639
79, 2994
451, 2127
1474, 2367
1924, 2710
721, 2979
34, 310
974, 1393
1253, 2787
1645, 1955
1998, 2395
1095, 1171
2227, 2625
174, 274
833, 2203
1788, 2559
1596, 2487
453, 1482
1046, 1161
1997, 2916
1600, 1906
1907, 2146
2347, 2386
396, 1934
1016, 2806
1843, 2946
70, 317
972, 1526
2252, 2296
391, 1071
797, 2420
1651, 2157
2019, 2980
12, 1586
559, 2566
1004, 1308
1035, 2283
2688, 2703
476, 912
1213, 2484
1835, 2374
664, 805
646, 917
1139, 2677
1694, 2630
1114, 2995
1173, 1355
2182, 2186
810, 1707
476, 2846
1559, 2345
1964, 2510
1861, 2370
572, 1321
1650, 1857
1988, 2853
1251, 2831
1615, 2280
2902, 2950
1616, 2686
2431, 2479
95, 1766
135, 2364
2750, 2983
202, 787
431, 541
2761, 2837
23, 2784
506, 2684
522, 1506
1058, 2427
2202, 2620
816, 2687
1788, 2483
2001, 2260
195, 688
640, 1945
1587, 2658
163, 2320
799, 945
1031, 2608
351, 2208
2198, 2548
1397, 2398
915, 2738
1352, 2158
1641, 1922
281, 1397
610, 891
2695, 2956
56, 806
2046, 2494
246, 947
1815, 2560
2337, 2854
1422, 1563
8, 2672
332, 1916
338, 2727
663, 1686
705, 2861
729, 1031
809, 1907
1602, 2376
502, 1623
618, 1242
482, 698
1030, 2707
1339, 1562
1324, 2819
229, 1487
270, 2262
335, 1953
865, 1585
1241, 2569
1383, 2952
50, 1655
127, 2090
1053, 2960
79, 1339
94, 486
1213, 2837
1453, 2663
1, 1205
903, 925
842, 2881
907, 2112
1728, 2065
2232, 2944
2352, 2794
2452, 2623
405, 2568
1804, 2055
2386, 2827
467, 2347
508, 921
1057, 2794
987, 1793
242, 964
473, 1600
644, 2532
455, 846
572, 2136
530, 719
956, 2770
995, 1650
1086, 2197
2, 1806
1102, 1222
1523, 1666
1689, 2616
682, 2887
1984, 2516
970, 1003
1670, 2921
1691, 2109
2116, 2203
43, 273
324, 1535
417, 2973
2, 1607
1640, 2640
455, 971
12, 2764
173, 1786
603, 736
955, 2805
1191, 2928
1662, 1755
644, 1255
685, 2947
828, 1281
2072, 2340
1147, 2462
1227, 2315
1106, 2695
715, 1770
859, 2071
1234, 2979
379, 1718
1527, 1742
929, 2356
1208, 2893
1663, 2061
661, 1739
294, 2327
1182, 2894
842, 1351
1550, 2617
1637, 2512
1254, 2961
600, 749
630, 1979
1135, 1599
2069, 2302
2442, 2915
113, 968
225, 1159
344, 1344
1114, 2089
1306, 2042
1389, 2085
175, 604
401, 2891
2472, 2697
991, 1313
722, 731
773, 1001
516, 2255
1376, 2719
58, 1231
244, 1465
705, 2878
1093, 1962
867, 1440
1336, 1538
2199, 2323
2269, 2356
373, 833
975, 1804
1289, 1700
1692, 2022
1747, 2383
1785, 2851
2852, 2960
1469, 2861
1484, 2933
1664, 2227
1938, 2921
342, 1576
1206, 1432
1246, 1494
1439, 1964
157, 774
594, 1725
637, 2920
731, 2798
762, 1257
485, 1036
548, 2785
2099, 2814
2291, 2655
101, 2277
2655, 2784
853, 1331
1662, 2245
39, 2996
127, 447
129, 1027
346, 2835
778, 2269
1308, 2339
358, 1502
1161, 1834
1319, 2746
2425, 2775
259, 2950
1514, 2366
1690, 1715
234, 873
326, 2979
557, 2979
2219, 2349
143, 432
254, 2097
1470, 2157
796, 2237
1264, 2325
12, 578
293, 335
1215, 2318
679, 2403
1136, 2572
207, 244
281, 2923
768, 816
320, 685
1316, 1736
124, 2156
313, 772
641, 2311
1116, 2131
313, 2556
2404, 2596
138, 459
1271, 1461
2558, 2699
628, 2791
1132, 1567
471, 2324
779, 1760
272, 805
381, 1391
795, 1161
892, 2357
318, 530
625, 2905
921, 1008
1085, 1354
1331, 2424
1836, 2614
2171, 2740
1494, 2104
1712, 1728
5, 2224
898, 1333
1009, 2465
1182, 2216
1237, 2749
2950, 2991
555, 1738
1471, 2179
1897, 2840
659, 2410
668, 1105
694, 938
1354, 1447
1358, 1640
35, 273
902, 2539
1151, 2281
1742, 1865
6, 1508
1424, 2355
1622, 1730
498, 637
870, 2128
1283, 2950
356, 1590
459, 2136
148, 2802
44, 2414
346, 1726
1503, 2388
152, 566
165, 2089
365, 1624
2475, 2662
822, 1406
1659, 2880
1949, 2091
332, 2685
1204, 1730
1830, 2158
2076, 2804
408, 868
1676, 2820
345, 1931
488, 2090
694, 2724
976, 2058
451, 2041
1888, 2110
2104, 2213
412, 1494
698, 945
1037, 2671
862, 1758
1492, 2810
1250, 2052
1614, 1776
1632, 2560
1730, 1818
2153, 2853
2349, 2684
516, 544
984, 2783
1299, 1490
823, 1581
1177, 2102
535, 1507
615, 1444
278, 440
1676, 1720
556, 1242
565, 1012
2616, 2976
2712, 2909
507, 1967
1918, 2390
508, 2403
938, 2571
140, 1281
594, 1532
1756, 2782
251, 397
1069, 2243
1305, 2277
572, 748
580, 2957
744, 1569
29, 1018
326, 1106
1029, 1260
1235, 1748
25, 1083
126, 2673
728, 2020
912, 1499
1264, 2575
2089, 2989
838, 844
1218, 1767
2605, 2875
2593, 2732
525, 2735
1704, 2519
1024, 1876
412, 1470
1036, 2999
306, 1319
2635, 2860
878, 2014
1180, 2454
1518, 2205
555, 2904
1356, 2621
447, 1101
1269, 1491
513, 2649
1216, 1941
2411, 2585
61, 1220
1165, 2365
390, 626
72, 2868
141, 1991
2046, 2513
74, 1736
336, 598
829, 2540
848, 2754
849, 2652
1046, 2597
351, 2312
2412, 2783
1090, 1639
2700, 2790
40, 715
1006, 1947
503, 1062
647, 1581
2449, 2841
578, 1344
535, 2687
1730, 2175
1275, 1939
2451, 2800
49, 2205
311, 2296
1170, 2264
1884, 2260
523, 980
653, 2635
883, 1896
165, 1477
247, 853
396, 1675
821, 2960
2632, 2834
153, 2370
200, 1714
291, 2534
1184, 2307
1029, 2130
55, 1120
693, 2837
700, 2944
440, 1522
1040, 1415
1120, 2070
807, 2832
300, 2029
832, 1046
1785, 1787
2369, 2945
1167, 1685
1874, 2963
1979, 2496
22, 688
543, 2059
725, 1625
134, 1496
285, 1509
1165, 2975
523, 781
459, 1562
1089, 2447
2243, 2855
440, 2757
1563, 2588
2647, 2938
178, 1223
95, 1519
306, 2920
31, 1361
418, 2981
949, 1440
1224, 2164
1450, 1727
2072, 2822
392, 1181
1318, 2707
1871, 1965
622, 2983
1040, 1278
1098, 2684
231, 505
592, 1649
144, 670
375, 1538
393, 1254
1525, 2714
2546, 2869
122, 274
1769, 2279
1226, 1588
1398, 2769
260, 2918
1619, 2978
1611, 1686
357, 1316
582, 1088
752, 780
1677, 2061
1955, 2173
20, 1572
566, 2623
1272, 2505
94, 306
692, 1742
969, 2315
233, 2605
567, 1827
1976, 2676
1245, 1742
2468, 2810
2792, 2888
466, 2712
375, 408
448, 2270
389, 2946
1243, 1753
623, 2526
723, 1020
1376, 2885
107, 414
151, 1330
321, 2872
859, 1272
908, 1083
1525, 1992
189, 2666
718, 1407
1011, 1473
1041, 2108
1224, 2104
1260, 1764
1609, 2816
1634, 2517
1667, 2174
1445, 2668
1783, 2742
1894, 2188
1997, 2027
208, 1874
598, 1959
1823, 1998
820, 1082
305, 2425
972, 2683
362, 1535
664, 2772
691, 1425
901, 1922
1839, 2355
504, 1701
2188, 2242
104, 339
511, 1986
987, 2751
205, 1350
345, 2388
1411, 1807
1998, 2575
2167, 2932
39, 901
71, 805
1583, 2908
105, 2760
381, 2824
1067, 2656
1588, 2279
752, 987
6, 1200
949, 1938
979, 2466
1054, 2893
2487, 2628
828, 2526
1482, 2257
407, 2839
2065, 2360
2178, 2922
598, 1752
129, 234
198, 2441
903, 1732
1985, 2820
331, 939
334, 2531
476, 2720
1550, 1604
143, 421
986, 1679
997, 1333
2390, 2885
608, 1032
94, 2102
190, 2933
355, 1778
1205, 1262
1570, 1750
2502, 2535
9, 2585
128, 830
1089, 2469
1452, 2109
1033, 1258
1036, 2043
1279, 1769
1633, 2315
491, 1271
1812, 2557
262, 698
419, 2440
1111, 1452
1287, 2988
1640, 2327
80, 2314
1383, 2245
2426, 2745
597, 2342
2334, 2990
129, 2804
1571, 2653
959, 2006
1195, 1447
2892, 2990
863, 2084
1090, 2615
1448, 2056
479, 1910
847, 2104
1819, 2831
2069, 2608
514, 1145
1130, 1505
649, 1956
1526, 1909
1698, 2445
1755, 2930
2504, 2828
679, 1448
1176, 1736
267, 2902
826, 2113
440, 2093
877, 2822
944, 2186
945, 1747
300, 2591
1765, 2712
2107, 2434
1524, 1940
109, 914
431, 2456
458, 2217
1383, 2832
26, 2381
478, 1610
823, 2907
737, 1508
1051, 2993
1073, 2935
1385, 2852
1823, 2603
2599, 2764
1289, 1566
621, 1413
878, 1268
1178, 1524
1443, 1853
482, 792
1500, 1798
1983, 2335
693, 882
896, 1610
1004, 1210
2197, 2310
60, 1841
373, 1438
1353, 2780
287, 1636
888, 1327
1393, 2610
1917, 2071
11, 2227
1158, 2501
58, 2433
365, 475
513, 2624
802, 2644
1860, 2735
2731, 2956
1932, 2128
640, 1809
2152, 2766
662, 2293
779, 1253
1709, 2446
719, 1864
1460, 2406
1049, 2356
1446, 1547
2040, 2114
811, 2290
234, 2553
65, 1076
186, 1232
1090, 2928
24, 69
394, 1792
601, 1312
483, 2350
2172, 2995
2343, 2966
468, 2324
596, 1920
650, 2895
1313, 2363
805, 1780
982, 2022
1203, 1980
215, 260
867, 2586
911, 1533
1180, 2039
617, 2514
577, 1615
1184, 1758
301, 2350
2213, 2736
592, 1548
1057, 2023
1733, 2040
2226, 2261
528, 2060
1080, 1176
1450, 2412
1488, 1835
1864, 2282
1530, 2810
2132, 2146
195, 891
306, 1153
921, 2953
831, 1208
1904, 2756
787, 2670
1854, 2571
1281, 2262
2322, 2339
842, 2553
1094, 1145
36, 172
457, 784
1294, 1688
1859, 2336
1105, 1112
2533, 2796
1728, 2728
130, 1290
329, 2343
386, 913
573, 2231
1098, 1649
2042, 2064
868, 1756
2192, 2397
2812, 2991
607, 1741
1105, 2178
1883, 2241
751, 1215
1658, 2156
2273, 2589
2343, 2709
865, 2207
2471, 2886
99, 1287
2064, 2666
64, 1263
140, 481
388, 1580
392, 1724
65, 158
786, 2078
256, 2888
797, 2944
256, 2191
325, 951
471, 1743
548, 2635
1213, 2551
604, 767
1123, 1657
2457, 2647
179, 740
82, 2226
856, 2526
1237, 2766
930, 2119
761, 1823
1151, 2663
417, 2117
1338, 2872
1452, 1537
103, 2884
544, 754
597, 798
760, 960
2613, 2994
675, 1489
849, 2912
1697, 2043
2589, 2678
277, 1405
861, 1136
2209, 2810
650, 2919
952, 2395
1752, 2269
887, 2976
1169, 1725
2206, 2888
2231, 2725
75, 1781
393, 1711
398, 2812
543, 1249
608, 1814
1124, 1466
2240, 2398
629, 1495
711, 1272
1522, 1663
2031, 2314
2249, 2328
358, 2732
153, 1256
1224, 1938
517, 1705
846, 943
242, 1524
704, 962
1081, 1485
932, 1231
601, 2119
619, 2941
1224, 1976
1853, 2049
894, 1809
234, 1358
1226, 1482
1347, 2299
1745, 2465
7, 1554
1374, 2465
4, 1904
75, 2953
97, 2631
440, 1898
1000, 2145
2556, 2928
193, 1819
44, 2746
1026, 2801
193, 635
1041, 2278
273, 643
422, 607
452, 2636
1900, 2804
1561, 1636
530, 1031
670, 2041
1712, 2584
765, 793
868, 2022
910, 1491
77, 937
358, 970
1164, 2423
1250, 1498
1757, 2753
74, 1786
238, 2961
594, 1073
815, 2745
2438, 2980
23, 899
831, 1889
1263, 2139
1284, 1426
1320, 1848
1321, 2293
889, 1987
1067, 2885
576, 2860
2023, 2074
537, 2658
545, 1648
928, 2634
1112, 2305
1798, 2930
1817, 1937
10, 2358
242, 722
1140, 2672
1183, 2396
1187, 2674
797, 1968
819, 2543
1834, 2991
417, 1105
1102, 2286
1367, 2873
165, 2019
1115, 2555
2832, 2943
988, 2612
1016, 1680
403, 663
1591, 2100
1870, 1910
1370, 2098
2315, 2358
255, 2340
440, 1314
671, 1823
721, 2670
1707, 2573
197, 1763
693, 2260
1247, 2607
1815, 2998
614, 1589
1199, 2834
2416, 2734
136, 1348
144, 2154
224, 722
129, 2357
941, 1569
407, 586
827, 2965
970, 2861
695, 1340
894, 1578
1275, 1913
1142, 1811
156, 1599
530, 642
741, 1050
1144, 1181
1485, 2185
1742, 2995
2354, 2455
452, 1216
472, 2922
1028, 2679
146, 255
366, 2816
1565, 1776
1763, 1808
608, 1861
1648, 2565
171, 878
446, 1311
454, 1540
43, 203
1125, 1322
1163, 1486
1356, 1538
287, 2224
64, 1519
710, 2723
1434, 2307
687, 2023
1153, 1674
2170, 2287
590, 2143
965, 2220
2606, 2823
813, 2692
2344, 2579
167, 1173
220, 1447
303, 1164
614, 1049
545, 2015
585, 2191
249, 1402
1390, 2574
2082, 2816
378, 444
468, 2282
854, 2275
416, 2719
1737, 2752
325, 1550
1789, 2514
1829, 2146
540, 2792
314, 774
131, 2229
975, 1904
1612, 2298
2568, 2821
205, 1205
922, 2393
1320, 1436
299, 404
873, 1248
1866, 2786
1954, 2053
324, 2849
455, 550
965, 2102
1574, 2877
1684, 2801
436, 2416
720, 842
172, 2495
678, 1335
822, 954
948, 1927
2041, 2551
115, 2949
1125, 2986
1325, 2016
627, 1882
637, 2795
1093, 1487
115, 563
139, 2400
416, 1144
548, 2906
1597, 2932
702, 1628
1053, 2201
238, 1860
603, 2797
1539, 1646
1004, 2844
861, 1548
1339, 2660
1838, 2596
2146, 2805
252, 1913
1986, 2896
696, 2108
2016, 2088
868, 1613
582, 2889
680, 2909
32, 379
731, 2316
1206, 2261
1842, 2194
1105, 2115
1802, 2589
372, 1780
1915, 2919
246, 447
404, 776
911, 929
1997, 2169
2010, 2111
178, 2438
203, 601
772, 1249
1094, 1940
1561, 2957
1537, 2275
999, 1225
1007, 1931
1611, 2380
2134, 2280
1095, 1939
1734, 2099
2655, 2999
674, 2479
881, 2348
1215, 2124
872, 2616
206, 2383
370, 2783
679, 2660
726, 2960
1802, 2882
2140, 2168
391, 1775
411, 2233
306, 1001
428, 2878
497, 2418
1889, 1998
895, 1216
1227, 2822
743, 2557
971, 2070
1197, 2623
155, 2600
1109, 2437
1210, 2219
504, 1455
1002, 2485
1821, 2893
710, 732
862, 1838
779, 1509
1426, 2436
1983, 2433
2125, 2445
266, 1088
719, 1376
1318, 1385
124, 537
103, 1337
1022, 2362
1207, 2751
442, 2292
893, 2009
206, 2714
1536, 2362
753, 2045
2307, 2840
764, 1304
818, 1878
1231, 2091
2170, 2979
1629, 2372
1032, 1455
21, 1767
591, 612
1286, 2489
1706, 2183
48, 2698
137, 2996
200, 815
218, 464
1355, 2124
1195, 1560
501, 1142
938, 2978
1584, 1694
749, 2787
1596, 2794
1732, 2053
1095, 2016
1515, 2110
401, 564
449, 1580
2378, 2787
1860, 2745
2129, 2834
1428, 2810
1599, 1797
327, 2126
530, 2983
102, 1859
2681, 2782
1363, 2829
2088, 2384
416, 1713
620, 2566
580, 1617
934, 1073
937, 2171
142, 1768
13, 2878
795, 2897
853, 1059
1583, 2945
1606, 2452
2338, 2798
620, 2298
333, 1923
631, 2849
807, 2926
2439, 2506
121, 2446
462, 2986
762, 2549
1120, 1238
2124, 2687
2504, 2748
904, 2549
1291, 2473
1319, 1326
1352, 1800
1158, 2284
96, 2518
1300, 2677
209, 698
442, 2935
2064, 2646
542, 633
1097, 1743
1119, 2551
114, 2526
1027, 1839
991, 2531
144, 2927
179, 1783
672, 2126
589, 2794
1208, 2967
1328, 2477
20, 553
1160, 1503
1332, 2112
1436, 1911
324, 2055
1143, 1692
1999, 2512
772, 2796
2234, 2991
556, 1200
971, 1819
1064, 2151
1008, 1553
2243, 2452
2528, 2820
227, 1199
393, 564
857, 1659
1167, 2790
1439, 2174
1025, 1325
698, 2472
1366, 2408
1753, 2292
279, 286
822, 1361
392, 2626
1154, 1253
644, 2996
1714, 2988
1125, 1963
598, 2134
2441, 2890
1344, 2883
79, 2491
268, 2530
389, 1434
1477, 2974
384, 1876
1393, 2195
1578, 2117
2117, 2948
459, 1333
939, 1958
1127, 1890
230, 2641
1041, 2856
1447, 2117
581, 1976
698, 2031
1784, 2119
176, 1787
243, 1700
521, 1257
2739, 2967
60, 2715
204, 444
523, 1696
1370, 2219
1869, 2129
251, 2230
766, 2664
1181, 1696
1712, 2899
2009, 2845
2152, 2650
347, 1199
779, 1650
1387, 2073
2063, 2193
218, 1881
393, 871
199, 916
78, 1973
1194, 1851
1421, 1865
1550, 2922
943, 2316
1186, 1718
2359, 2588
942, 1291
1178, 1422
55, 1351
1247, 1850
296, 2118
1047, 2355
322, 1897
389, 1267
115, 144
644, 657
974, 2539
951, 2556
1014, 2056
516, 1000
699, 2901
14, 2068
682, 1286
725, 1008
16, 2566
371, 2228
13, 2585
284, 2388
298, 2568
2298, 2371
401, 658
699, 2420
1580, 2198
1662, 1875
2765, 2961
520, 2261
1576, 2240
2078, 2202
17, 57
407, 987
819, 2498
1169, 2275
1657, 2249
1864, 2497
2307, 2995
1646, 2338
160, 1367
1722, 2164
500, 2088
1122, 2474
1281, 2243
2155, 2350
645, 892
451, 2620
1670, 2854
1772, 2026
773, 1984
1833, 2459
1734, 1930
26, 2628
136, 1911
156, 1603
710, 1402
384, 2818
346, 824
955, 1703
529, 1839
867, 1971
1674, 2407
1489, 2787
445, 2896
994, 2956
894, 2547
1886, 2803
178, 2885
304, 2044
817, 2007
901, 2774
985, 1127
1414, 1794
1989, 2387
412, 789
1273, 2934
1497, 1964
1709, 2531
1755, 2924
2045, 2455
560, 1334
57, 500
1166, 1609
1356, 1462
893, 1778
1359, 2962
1659, 2517
1199, 2241
2269, 2946
295, 1941
1024, 2520
810, 1320
2042, 2058
297, 509
1119, 1930
1824, 2407
2721, 2972
111, 729
288, 2295
639, 2022
1199, 1462
364, 408
22, 1902
287, 381
1254, 2570
1325, 1444
1567, 2804
1594, 2758
607, 1528
76, 914
529, 1630
2632, 2702
112, 196
678, 2992
2173, 2502
1124, 1521
704, 1920
1283, 2698
2558, 2570
58, 541
315, 2825
968, 2320
1636, 2712
91, 695
149, 2711
210, 905
691, 1580
1738, 2134
302, 542
1073, 2310
1375, 1799
108, 305
108, 2936
479, 1251
2171, 2189
214, 1147
1400, 1932
119, 551
1542, 2667
2140, 2794
2705, 2966
623, 1380
2504, 2521
123, 2233
354, 2950
432, 2789
1697, 2678
1734, 2786
2256, 2596
1850, 2044
1945, 2574
1475, 2723
196, 1725
1837, 2963
77, 2063
545, 1746
703, 1153
1438, 1982
1191, 2780
2179, 2301
1453, 2631
619, 1861
823, 1148
305, 2178
2036, 2854
2366, 2834
880, 2434
1066, 1741
421, 2867
1095, 2062
194, 215
34, 2902
212, 2391
601, 748
979, 2692
1284, 1961
810, 1204
1745, 2369
127, 2472
737, 2569
1118, 2581
1457, 2241
1326, 1709
1767, 2475
413, 875
291, 1822
311, 1194
392, 2238
886, 913
1359, 1658
1730, 2849
2058, 2835
192, 268
501, 2093
1346, 2770
520, 963
138, 2817
2115, 2911
965, 2047
757, 1462
2585, 2826
146, 2887
770, 1958
1761, 1861
2007, 2473
516, 2014
1568, 2056
279, 1758
887, 1852
1962, 2556
2237, 2804
2526, 2813
6, 730
124, 927
182, 1915
412, 1016
650, 1968
537, 2250
1022, 2099
156, 256
63, 2856
187, 1028
928, 1005
1212, 1498
1803, 2690
419, 494
1836, 2433
626, 1978
2770, 2864
635, 2873
1368, 2626
483, 1547
1740, 1938
236, 2290
1918, 2252
2017, 2461
2125, 2436
18, 1175
158, 1514
307, 1822
567, 1312
797, 820
1675, 2908
427, 1223
731, 1116
2217, 2321
368, 534
2691, 2696
52, 2582
2022, 2387
289, 392
2261, 2896
1699, 1950
760, 2582
832, 843
874, 1023
169, 2204
1792, 2736
110, 963
138, 990
1101, 2212
1134, 1366
1155, 2889
486, 2405
2344, 2725
2483, 2780
807, 1010
1585, 2881
670, 1165
2057, 2871
2481, 2821
16, 1207
110, 614
2458, 2956
194, 2634
503, 1443
583, 2362
2028, 2203
814, 2957
1896, 2908
361, 1446
512, 979
545, 1573
937, 2894
1814, 2461
154, 1499
2309, 2606
2397, 2770
7, 1612
2183, 2916
350, 2200
910, 2662
18, 2523
1800, 1899
2879, 2898
533, 1522
711, 2454
2592, 2766
324, 973
2316, 2890
1990, 2634
602, 2100
1474, 2820
891, 2007
156, 2419
967, 1551
618, 1052
181, 864
857, 1813
2261, 2865
623, 1628
1, 2338
291, 2227
1860, 1977
726, 946
859, 2963
2013, 2650
2764, 2826
1102, 1257
76, 220
1419, 1645
529, 2493
73, 2173
587, 1876
351, 2588
696, 1413
1194, 1329
2613, 2741
568, 2362
1914, 2356
406, 1952
391, 1862
1105, 1304
657, 2914
659, 779
886, 2850
73, 179
96, 831
834, 1501
1157, 1506
1060, 2289
1065, 1855
1513, 1875
1603, 2181
195, 1620
480, 2869
1234, 1453
2216, 2654
2071, 2092
1927, 2480
371, 2155
1892, 2470
261, 1413
1496, 2513
163, 2889
793, 1876
1624, 2730
1362, 2704
249, 1098
177, 1876
868, 1013
1364, 1975
1836, 2563
1788, 1994
829, 1963
1386, 2911
887, 2353
989, 2379
1178, 2691
1616, 1947
461, 2005
1125, 1862
167, 1065
216, 2589
580, 1123
596, 1272
935, 1070
1686, 2630
108, 2085
782, 1552
1965, 2026
684, 2337
1806, 2151
110, 2422
2262, 2966
377, 1228
2802, 2954
2110, 2446
217, 411
855, 1547
1676, 2754
106, 1443
474, 551
842, 2180
1335, 2720
1127, 2409
1233, 2230
1382, 1869
907, 2476
926, 1491
45, 2256
736, 1671
391, 613
739, 1300
188, 1092
1418, 2111
1697, 2124
2777, 2829
357, 1230
453, 1303
1400, 2122
1611, 1965
2243, 2964
215, 2351
399, 1700
427, 2869
1482, 1545
863, 2393
1163, 2764
123, 2543
1746, 2021
24, 2573
519, 653
1529, 2477
721, 872
773, 1459
1236, 2854
25, 1092
142, 2095
291, 2223
1488, 2376
774, 1140
1665, 2785
335, 2259
61, 787
125, 817
180, 2368
450, 2954
1430, 2767
28, 1608
87, 1416
1103, 2776
379, 1907
501, 724
83, 1546
349, 1284
571, 1949
750, 1633
421, 1268
1137, 2547
1808, 2446
102, 581
399, 534
1370, 2673
570, 1055
309, 820
425, 1531
782, 1569
2006, 2508
15, 914
353, 692
792, 1235
159, 1438
942, 1832
363, 2537
1358, 1427
2020, 2384
2668, 2697
832, 2427
1150, 1864
93, 1031
453, 2214
118, 704
122, 1924
232, 2401
241, 2576
400, 1849
697, 835
1263, 2948
41, 1933
191, 370
2300, 2326
718, 1528
1602, 2703
837, 2946
936, 1429
207, 1824
270, 2320
825, 1763
1167, 2214
435, 2946
2422, 2997
649, 2209
497, 577
718, 1277
114, 1790
682, 2251
1452, 2836
1030, 1691
363, 2359
0, 440
1222, 1858
1351, 2752
747, 2893
202, 1302
441, 2059
558, 1625
1036, 1431
712, 1773
2075, 2550
1120, 1451
1739, 2437
37, 46
2297, 2298
998, 2239
2250, 2677
1537, 2439
1094, 2773
1452, 1679
2768, 2877
66, 367
2646, 2913
27, 904
29, 205
141, 1942
1001, 1518
235, 981
2847, 2986
1158, 1964
833, 2431
374, 1021
377, 590
990, 1260
316, 1164
920, 1717
46, 2669
508, 1928
532, 2224
315, 1159
1381, 1450
2513, 2580
965, 2680
1403, 1711
186, 1799
238, 439
1138, 2099
1311, 2523
1481, 1614
1625, 2079
331, 688
527, 834
1217, 2460
1256, 2003
1944, 2771
35, 487
655, 2337
1353, 2763
2319, 2646
2679, 2721
381, 1551
654, 889
871, 2704
1106, 2103
1372, 1834
1773, 2242
429, 1936
626, 678
1420, 2920
2097, 2744
1214, 2426
1409, 2116
790, 2955
1252, 1281
1767, 2331
1785, 2778
236, 2613
1891, 2141
1387, 2292
726, 2612
1512, 2250
366, 1133
1696, 2345
2141, 2242
3, 70
1099, 2424
430, 1840
1905, 2594
1172, 1649
1563, 2399
1442, 1562
210, 423
1152, 2166
2180, 2246
1492, 1751
426, 942
182, 1070
507, 2606
732, 1282
810, 1987
1999, 2987
516, 2862
1044, 2160
2337, 2643
1002, 2450
448, 490
648, 2086
314, 1040
2041, 2221
389, 2373
2285, 2386
1528, 1967
89, 1240
1716, 1837
2010, 2833
170, 1172
335, 1016
905, 2451
179, 1927
1039, 1529
470, 1625
576, 2807
1738, 2289
115, 1877
392, 1228
1519, 2457
619, 1856
2423, 2751
68, 2011
706, 1771
728, 1113
505, 2039
2096, 2695
118, 1042
352, 976
1219, 2621
632, 2235
136, 2392
411, 1721
564, 2160
915, 1369
2306, 2763
137, 2544
497, 2871
1009, 1454
523, 2783
60, 2939
280, 2743
549, 2840
1470, 1598
1295, 1330
1699, 2374
438, 1055
1281, 2538
727, 782
433, 2184
2058, 2727
408, 2434
1419, 2654
1096, 2073
1657, 2990
2730, 2982
1168, 1420
615, 1045
1429, 2519
1500, 2583
1727, 2671
1505, 2218
718, 2106
954, 959
575, 2257
841, 1060
167, 981
489, 2357
1131, 1729
165, 2229
176, 2674
1397, 2654
1610, 2706
567, 2992
591, 2956
1117, 2612
1824, 2391
1517, 2938
214, 1423
833, 2659
2146, 2447
2047, 2413
1672, 1720
82, 609
324, 1430
1302, 2884
1551, 1656
1593, 2806
1686, 2905
1417, 1426
628, 945
733, 2324
1788, 2682
33, 2114
1708, 2408
1015, 1206
1828, 2754
1838, 2737
1663, 2382
1148, 2122
1618, 2925
136, 1676
253, 2441
606, 2753
512, 2951
1054, 2561
663, 1595
1955, 2959
2166, 2490
2341, 2360
463, 510
1840, 1953
605, 944
1323, 1553
1479, 1779
1033, 2506
239, 408
680, 2176
791, 1813
1705, 2597
785, 2496
2271, 2680
2077, 2097
1047, 2495
1119, 2965
1374, 2900
619, 1244
2165, 2190
1347, 2936
91, 2751
119, 1012
226, 501
446, 522
1404, 1523
890, 2014
996, 1329
119, 1952
340, 945
946, 2162
1033, 2448
270, 1401
1122, 1893
1416, 1633
406, 2406
779, 2793
48, 2701
1417, 1894
1296, 1556
128, 2735
1239, 2969
444, 1461
495, 862
936, 2874
460, 2647
1018, 2768
1363, 2810
360, 2483
1108, 2801
531, 2428
145, 302
350, 2855
629, 2411
1554, 1906
213, 2086
630, 2123
1746, 1972
369, 2218
1831, 2904
2417, 2535
388, 2939
32, 1240
114, 850
961, 1899
1122, 1403
410, 534
1121, 2978
465, 1251
1944, 2151
18, 1043
2937, 2938
35, 1141
301, 1993
620, 689
652, 1075
2184, 2940
415, 2959
1163, 2329
597, 2466
330, 1138
1579, 2390
2329, 2330
677, 733
2466, 2725
33, 1774
1034, 2477
1299, 1574
1317, 1720
182, 667
2277, 2372
1366, 2889
28, 2070
288, 2892
419, 959
972, 1204
1258, 1629
362, 1844
448, 2416
1294, 1814
1908, 2899
790, 1757
23, 2303
85, 570
177, 2166
1635, 2352
2278, 2802
801, 1651
466, 1449
1640, 1925
275, 2083
141, 943
546, 931
1504, 2918
1276, 1842
1087, 1894
487, 1458
685, 882
205, 2853
1655, 2389
1903, 2930
1435, 1704
1905, 1916
2018, 2325
1131, 1311
600, 2486
1078, 1956
1341, 1892
340, 1846
117, 1518
262, 1464
885, 2094
845, 1176
1825, 2502
676, 1621
2299, 2858
62, 2281
1037, 2870
149, 1484
940, 2411
554, 869
207, 2713
582, 2511
1698, 1872
510, 755
777, 1021
538, 1715
859, 1795
63, 1217
1651, 2199
2075, 2378
1315, 2207
782, 2970
1193, 1975
309, 1266
83, 419
581, 2685
2207, 2536
373, 1196
714, 2657
1191, 2150
349, 2187
359, 1461
648, 1035
1921, 2311
438, 1805
1511, 2219
515, 1939
1200, 2190
1508, 1543
1700, 1948
71, 2215
840, 1899
548, 1476
1020, 1847
169, 1756
383, 2005
343, 2328
297, 2736
1273, 2503
1521, 1654
254, 2958
230, 2104
1413, 1946
600, 1038
37, 1902
387, 2598
2277, 2972
348, 1155
323, 2187
1285, 2187
30, 2448
2235, 2535
443, 2309
452, 499
1980, 2429
13, 241
2587, 2768
185, 1964
1463, 2959
1824, 2595
186, 1660
528, 1588
1149, 1807
327, 1550
936, 1690
270, 950
1544, 1694
63, 1935
815, 818
677, 1375
758, 2509
838, 2561
918, 2107
2524, 2551
557, 1912
1599, 2385
306, 2515
1402, 2555
387, 1849
1478, 1789
2841, 2872
681, 1751
24, 2819
1103, 1723
1052, 1280
1103, 1826
964, 1719
1290, 1909
1170, 1419
2163, 2242
374, 531
1560, 2095
1756, 2747
987, 2788
1251, 2326
625, 1901
785, 1077
826, 2753
1847, 1969
1202, 2103
759, 2596
2025, 2492
1181, 1981
836, 2529
487, 1669
1740, 2903
50, 176
484, 1704
2196, 2638
202, 624
607, 1845
1377, 1549
92, 1580
2718, 2856
1147, 1343
344, 602
526, 2247
2442, 2985
569, 2694
749, 1185
745, 1937
627, 2762
749, 1542
526, 2352
245, 965
1201, 1536
420, 936
1810, 2678
1926, 2122
2300, 2689
2415, 2419
1325, 2210
221, 997
1182, 2137
2268, 2351
1057, 2121
1198, 1227
552, 2144
2210, 2611
2776, 2784
1964, 2809
1468, 1643
263, 1940
911, 1601
1771, 2675
268, 2172
395, 1708
410, 2283
729, 2394
1613, 2012
105, 284
1173, 1556
211, 2299
839, 2614
44, 858
983, 2876
2346, 2808
293, 1364
812, 2716
2025, 2873
2705, 2929
133, 338
652, 1139
281, 380
658, 1779
1886, 2950
1307, 2664
2191, 2811
685, 1174
1190, 1860
187, 2225
1107, 2696
1749, 1930
2089, 2863
2266, 2692
669, 2089
1818, 2564
247, 1887
258, 2487
1368, 2859
1157, 1892
595, 2981
292, 584
2203, 2545
1108, 2030
673, 2274
1444, 1943
54, 2662
1288, 1371
469, 1325
2490, 2716
1342, 2255
2681, 2910
2149, 2888
987, 2453
717, 2484
524, 2045
276, 1283
876, 2323
377, 2743
493, 1538
1127, 1816
40, 1384
1063, 2518
1951, 2429
424, 2094
2239, 2748
593, 1262
1757, 1973
2573, 2601
690, 2221
886, 2857
158, 1687
1407, 2375
100, 1662
1895, 2766
1510, 1700
2300, 2830
1095, 2274
2308, 2522
402, 586
77, 1577
683, 1623
658, 1520
147, 957
1307, 2432
370, 852
59, 2828
496, 2085
503, 1929
808, 1718
1285, 2004
477, 799
513, 913
92, 2500
47, 472
290, 1055
437, 672
2443, 2633
181, 2968
1410, 2538
714, 2955
376, 1274
1759, 2706
769, 2516
783, 2339
735, 2485
831, 2648
922, 2067
257, 1408
84, 2225
155, 2690
51, 408
568, 2038
1079, 2529
519, 2148
2180, 2981
1561, 2346
1740, 2313
730, 1555
588, 870
1190, 1644
329, 2977
920, 2623
688, 2661
286, 1369
492, 1056
1020, 2304
2211, 2476
1969, 2263
266, 2478
1850, 2525
913, 1534
716, 1229
376, 2601
1179, 2035
1541, 1791
2001, 2843
529, 1146
648, 2604
1188, 1757
1312, 2196
1430, 1817
39, 2693
2187, 2602
184, 2288
741, 1471
1516, 2122
1682, 2235
792, 1681
1353, 2267
1760, 2971
2330, 2637
168, 865
1683, 2605
800, 1561
2317, 2427
139, 1126
1626, 2147
237, 2170
1793, 2087
409, 2402
251, 579
795, 869
7, 356
923, 1019
337, 1920
374, 2703
666, 2035
122, 312
502, 2464
1695, 2390
1412, 2988
1703, 2185
1797, 2815
863, 1811
2866, 2994
1111, 1345
218, 638
1735, 2976
1229, 1677
897, 1929
532, 1209
9, 2581
949, 2651
212, 385
1713, 2463
296, 496
1657, 2032
864, 1578
889, 2726
1702, 2075
708, 882
335, 2542
709, 1990
1108, 2769
257, 355
74, 132
78, 977
329, 1653
978, 2297
893, 2037
1592, 2880
1017, 2547
240, 2406
1626, 1696
498, 804
686, 691
673, 879
1218, 2645
660, 2708
750, 771
1731, 2755
1668, 2965
827, 2708
2332, 2900
547, 2254
2311, 2954
228, 1423
1068, 1815
1116, 2142
1735, 1995
98, 542
1301, 2377
1564, 2333
1868, 2265
518, 766
81, 1918
860, 1281
383, 1493
864, 1867
836, 2714
2253, 2763
1693, 2481
2578, 2941
960, 1394
230, 2133
966, 1664
1777, 2393
917, 2275
701, 2239
1986, 2421
424, 2482
2272, 2987
1951, 2619
1104, 1837
53, 2737
1465, 1575
200, 2050
547, 1813
665, 1693
162, 964
1273, 2073
874, 2250
598, 1074
1239, 2532
319, 2622
531, 2848
1369, 1879
1357, 2321
1128, 2108
2066, 2695
120, 1297
518, 2444
150, 2667
1437, 1874
743, 1392
271, 2487
67, 1467
1782, 2458
201, 2526
135, 2797
183, 2570
1557, 2594
866, 1993
814, 2562
986, 1652
1129, 1395
347, 382
1737, 2567
1621, 2788
1465, 2799
2411, 2931
691, 2781
1880, 1882
213, 292
1796, 2605
1768, 2051
70, 1491
1308, 2435
269, 346
775, 1956
1270, 2898
118, 1631
616, 1267
42, 1152
1960, 2359
1433, 1636
257, 2048
539, 880
924, 2043
308, 2616
116, 185
535, 1072
1820, 2521
1399, 2341
1113, 2054
1632, 1762
1020, 1885
742, 2797
958, 1180
933, 2878
1484, 2984
19, 2587
1455, 2838
60, 1647
223, 1262
2629, 2770
1582, 2774
1260, 2236
264, 2732
161, 1497
1643, 2395
707, 1074
803, 1501
349, 2000
1638, 2531
562, 688
538, 2244
283, 631
1361, 1673
166, 1770
1710, 2129
271, 1349
1091, 2596
1261, 1388
1211, 1366
2398, 2779
1293, 2777
86, 1854
1051, 1221
160, 552
157, 634
2159, 2255
2169, 2642
437, 2138
1156, 2175
741, 2024
1769, 2105
529, 2842
90, 2439
651, 1578
184, 2149
362, 1564
1447, 2942
222, 2515
1885, 2488
2193, 2722
599, 718
734, 975
741, 1388
1024, 1480
88, 2294
906, 2465
319, 755
341, 2880
328, 2577
434, 451
