2.454554
543, 1497
213, 1379
263, 3411
295, 2589
2017, 4854
3729, 4185
3824, 4520
73, 2036
135, 3076
143, 2620
268, 2606
268, 3654
1153, 1966
1874, 1940
2824, 2925
3900, 4880
4664, 4734
271, 4770
958, 4609
1280, 1315
2122, 3167
2132, 4262
206, 1688
1047, 4908
2280, 4119
2569, 3907
2778, 4732
3987, 4281
4930, 4996
224, 3152
251, 2605
542, 3194
721, 4587
828, 1428
1220, 2267
1853, 4065
1928, 3553
2172, 4255
3210, 4848
853, 4291
1149, 2899
1407, 4006
1715, 2803
2108, 4056
2509, 3256
3001, 4112
1153, 1346
2028, 3862
3245, 3758
3957, 4828
4158, 4408
732, 4225
1012, 2668
1583, 2290
2508, 4644
286, 3527
1139, 2161
2819, 3179
3077, 4551
128, 3073
596, 3422
804, 3225
917, 2977
1559, 1990
1953, 3091
2038, 4315
2106, 2231
2150, 3960
274, 3194
1413, 4434
2278, 4405
2674, 4527
2873, 3285
179, 936
774, 1650
2209, 4835
2572, 2796
2576, 4501
3030, 3174
91, 136
406, 704
669, 1678
784, 4144
3178, 3829
464, 3165
1926, 4339
2132, 3521
3369, 4364
4191, 4500
4240, 4641
231, 412
740, 4703
798, 1174
1463, 2665
2400, 3175
4176, 4818
4637, 4724
98, 3551
524, 3280
556, 1987
1404, 3484
1452, 3162
4156, 4986
4327, 4825
1385, 4256
2314, 4784
2448, 3474
2774, 3723
3100, 3156
3116, 4203
4133, 4273
299, 3274
424, 4731
817, 2391
833, 1042
970, 3778
1828, 2830
3546, 4139
436, 533
1325, 4925
1854, 2947
3016, 4530
3435, 3558
104, 3293
220, 2240
789, 1035
893, 3479
1137, 3825
1331, 2093
1373, 2467
1852, 2935
2159, 3647
2435, 3939
3186, 3559
1479, 1560
2473, 3908
706, 3899
872, 2046
1637, 2178
2627, 4113
3393, 3680
174, 2621
186, 3390
284, 2696
665, 4602
1349, 4614
1455, 2097
1482, 3663
2132, 2752
2696, 3731
131, 3279
642, 1363
1496, 2122
1531, 3387
1751, 2741
1798, 4171
2196, 3814
2246, 4939
3508, 4822
3667, 4595
4182, 4632
111, 1665
646, 1401
1743, 3224
405, 2321
885, 3604
2178, 2517
3802, 4514
4290, 4760
284, 4976
738, 4494
1495, 3275
1642, 2208
3833, 4628
262, 1815
618, 2147
1525, 2792
2482, 4762
2529, 2768
2627, 3856
169, 1630
984, 4897
1020, 1411
1162, 3224
2509, 2798
2529, 2745
2660, 3107
254, 4783
450, 2587
812, 4932
819, 2332
1885, 4979
2130, 2813
3094, 3362
4527, 4856
337, 3968
2599, 3269
3330, 4049
3392, 4767
3777, 4593
879, 2454
1438, 2896
1633, 4808
2127, 4786
2547, 3498
2723, 4579
4, 455
62, 2590
169, 2731
343, 1260
639, 2315
748, 4320
1017, 3017
1671, 1702
1976, 2801
3006, 3612
3354, 4458
266, 948
1868, 3298
2081, 4369
2457, 2731
2877, 4861
1427, 2346
1502, 1611
1576, 2983
2992, 4190
1308, 3576
1502, 3164
1513, 4085
1533, 2330
1964, 2758
2667, 3157
3069, 3605
3506, 4225
4468, 4757
101, 1176
315, 768
1242, 3437
1766, 4380
2692, 3184
3229, 4373
3333, 4440
3365, 4103
685, 2310
989, 3262
1087, 2093
1104, 4574
2942, 3933
106, 4100
659, 1704
661, 4732
614, 628
1598, 3774
2084, 2718
4399, 4423
4774, 4964
1137, 3084
1243, 4102
1443, 1737
1651, 3125
2521, 3439
2803, 4475
156, 3389
329, 3072
616, 4593
720, 4920
724, 1523
1540, 4895
1602, 3024
1690, 4275
3003, 4247
3325, 3914
3667, 4338
4387, 4513
184, 1082
297, 1981
539, 1111
960, 1027
1153, 3122
348, 4957
349, 1841
359, 3948
927, 3281
1196, 1895
1730, 3556
6, 2848
920, 3124
921, 2137
1216, 2640
1912, 2859
2301, 2580
2641, 2910
2924, 3147
3665, 4977
4673, 4686
327, 947
410, 894
438, 2560
443, 3692
693, 1655
914, 3253
1155, 2374
3437, 4405
40, 871
57, 1584
215, 3368
253, 3062
1497, 3411
1767, 2437
2038, 3267
2449, 4160
2567, 3475
3412, 3719
975, 1058
2147, 4530
2387, 2869
2430, 3519
2994, 3376
3660, 4947
3975, 4248
73, 4178
1205, 4500
402, 3681
683, 754
1231, 1897
1564, 4244
3060, 3746
232, 1808
549, 2671
682, 3749
1190, 3786
1539, 2738
3494, 4552
794, 3002
1794, 2190
3908, 4933
4305, 4361
189, 4619
756, 1055
1011, 2925
1188, 3294
2344, 3206
3497, 3641
26, 4103
474, 3549
854, 2917
1302, 4765
1478, 3653
1487, 2933
2298, 2514
2382, 3880
2757, 4610
3001, 3777
4030, 4522
361, 3076
698, 4027
1057, 1397
1184, 3539
1390, 4628
1459, 2188
4007, 4638
356, 1962
953, 4912
1742, 3616
2032, 4703
2602, 3058
2649, 2730
3212, 4653
3917, 4195
355, 3438
744, 2644
3176, 4794
311, 4652
3040, 4585
1946, 2077
1989, 3881
2372, 2659
3556, 4004
1211, 3242
1752, 3030
1867, 2638
4683, 4814
293, 1220
601, 1727
810, 3904
852, 3462
1422, 3024
1482, 4350
1815, 4663
4544, 4642
991, 2068
1155, 1265
1472, 3423
2251, 2995
2266, 3639
4256, 4753
381, 1128
833, 1288
1025, 2891
1086, 2025
2656, 3128
63, 3377
1388, 3983
1503, 3100
1507, 1755
1518, 2488
2030, 2098
234, 4922
472, 2649
493, 595
1114, 1305
1819, 3454
3651, 4204
770, 1056
827, 1878
1279, 4358
329, 4992
401, 1335
404, 1773
4546, 4629
1190, 4919
1630, 3182
2685, 4702
4448, 4651
1184, 2620
1186, 4601
100, 2666
242, 1798
1327, 1889
1602, 2908
1743, 4188
2108, 4284
2413, 3445
3060, 4441
3163, 3701
3940, 4736
18, 3656
320, 3987
849, 2226
1341, 2605
1437, 2880
2247, 4926
2402, 4843
2699, 3887
88, 3893
337, 2524
821, 1311
1277, 4364
2667, 3523
2789, 4664
2905, 4857
3595, 4285
3751, 4355
1195, 1860
3094, 3831
3859, 4519
92, 2253
238, 3622
351, 3155
635, 1897
1771, 3495
1826, 4989
2463, 3047
123, 1728
169, 982
661, 1759
2066, 4403
2712, 4544
3611, 3810
349, 3330
484, 1839
1503, 4330
2253, 2765
2375, 2636
4296, 4391
542, 4073
973, 2473
1265, 2548
1899, 3137
2758, 4332
2806, 3373
104, 1681
1136, 1783
1759, 2429
2892, 3283
3026, 3553
339, 364
443, 4909
1210, 4193
1428, 4179
2819, 4207
1988, 3911
2147, 2676
2982, 3513
3036, 4309
3446, 3835
3469, 3522
4134, 4505
2, 3946
2201, 4631
2462, 4761
3279, 3496
430, 2119
1022, 3683
3116, 4173
263, 600
826, 1981
1161, 1593
1950, 4086
2089, 3401
2306, 4183
2392, 4980
2911, 3396
3124, 3998
3132, 3456
4111, 4727
4625, 4719
386, 4065
1172, 2665
1243, 2537
1348, 4125
2025, 3745
2063, 4007
2351, 2758
2354, 4844
2553, 4351
3437, 4810
105, 523
379, 514
501, 2664
2218, 2489
2711, 4069
3331, 3808
3393, 4975
3436, 4343
380, 2904
1641, 2127
428, 2697
3175, 4475
941, 2393
3714, 3970
866, 3331
1245, 3329
1329, 1934
1836, 4010
4765, 4774
367, 3027
653, 4544
772, 4017
1813, 3994
3787, 4513
1926, 2304
3233, 3999
4207, 4471
4276, 4868
2071, 4542
2604, 3813
3085, 3511
350, 1709
415, 4422
636, 3689
2075, 3946
2406, 4745
2915, 4951
3563, 4926
1353, 4913
3583, 4781
525, 1922
237, 1401
1494, 3922
1707, 4387
1907, 2119
1919, 2067
2060, 4028
2577, 4005
171, 1169
289, 1883
648, 3531
1301, 4067
1546, 4240
2256, 4172
2304, 2855
2895, 4931
3174, 3265
3528, 4485
3991, 4676
398, 2352
679, 4229
684, 4697
826, 2214
1609, 4154
1783, 2307
1946, 4582
3792, 4593
89, 3966
1118, 3056
1477, 3338
1871, 2512
2041, 3994
2770, 3625
137, 786
1512, 3167
1593, 2089
1876, 3495
2764, 4572
3253, 4349
3488, 3664
74, 1444
395, 4408
457, 2205
465, 1866
895, 2288
900, 4019
1611, 3825
1724, 4955
252, 1061
394, 3615
1569, 1773
1610, 4231
2931, 4824
3017, 3281
934, 2683
1509, 4382
1839, 4388
2139, 2658
120, 4840
177, 2282
1405, 3498
0, 241
48, 2037
439, 3352
691, 4047
773, 1283
992, 2805
1000, 4248
1038, 4514
1390, 4248
1522, 2081
4391, 4485
14, 4760
159, 4290
823, 1949
1084, 1670
1161, 1442
1702, 4152
2279, 2752
3262, 4508
3387, 3663
236, 1776
852, 3144
1378, 2029
1632, 2357
1926, 2783
2306, 3923
3072, 4672
791, 3510
1037, 2920
1058, 3248
2027, 4579
2224, 4265
236, 4811
657, 4301
715, 1464
1392, 4444
2311, 3090
190, 1361
2106, 4130
787, 2421
1397, 4743
1863, 3776
2483, 4046
2742, 3529
3012, 3941
3335, 3899
118, 2525
232, 768
243, 513
598, 1981
1772, 3633
2831, 4059
272, 1462
1141, 2891
12, 241
47, 3336
69, 4956
253, 4005
860, 3017
1020, 4871
707, 2339
961, 3625
1493, 2890
2194, 3479
3139, 3996
3315, 3845
3991, 4437
115, 218
229, 3212
2356, 2566
4582, 4781
72, 4513
605, 4353
2365, 3648
2829, 3615
3525, 3827
1432, 2859
1757, 4718
2433, 4115
3982, 4604
4511, 4917
499, 1954
820, 983
967, 1495
1141, 2153
1289, 2449
1312, 2009
1514, 2062
1876, 2848
3219, 4078
3727, 4886
481, 2279
486, 4515
2774, 4937
3045, 4301
409, 849
1370, 2553
1829, 3818
1892, 3818
2189, 4958
2367, 3595
2417, 4737
3581, 4529
155, 1032
721, 3901
1479, 3958
1616, 4336
3136, 3344
3191, 4226
3459, 4831
3805, 4320
414, 1915
509, 2461
2451, 3020
2718, 3486
3533, 3697
63, 3570
315, 3487
374, 2219
708, 934
1154, 2893
1220, 1644
1687, 4540
1938, 3264
3641, 4609
3803, 4143
505, 2295
892, 4924
1053, 2725
1300, 3346
2038, 2756
4055, 4300
4453, 4544
557, 3608
1128, 2731
1144, 3630
1782, 3892
2012, 3101
2899, 4485
3667, 4384
284, 2124
636, 4001
1180, 3399
2111, 4294
142, 1097
562, 3537
1207, 2611
2776, 3318
524, 4374
863, 4540
966, 1747
1094, 3825
1552, 4576
1800, 4102
1885, 4231
4359, 4426
71, 365
554, 2440
1229, 1416
1265, 4621
2431, 3644
3287, 3534
161, 1139
729, 3429
1504, 1996
1690, 2948
1790, 3033
2129, 2948
576, 3067
1502, 4958
1702, 2490
1242, 3171
1363, 3768
2647, 3286
2805, 4569
3105, 3790
30, 3605
493, 1574
103, 4101
204, 4977
372, 812
1033, 4264
2048, 4100
3766, 4754
4395, 4778
108, 1735
492, 1529
892, 2985
1202, 1276
1593, 4405
2206, 2691
2972, 3143
4167, 4820
4528, 4896
424, 2521
525, 2999
1103, 4810
1331, 4101
52, 1903
94, 2670
469, 2993
668, 962
876, 988
945, 2305
1468, 1932
2061, 4253
2880, 4108
3211, 3596
3745, 4268
138, 1670
505, 1469
872, 1641
881, 2212
716, 4544
875, 3126
1150, 4150
519, 1214
1442, 1868
2039, 3199
3374, 3545
3608, 3885
819, 3880
1052, 4896
1360, 4018
1525, 3563
1612, 2392
1795, 2183
4142, 4937
749, 1847
1275, 4272
2205, 3427
2475, 4800
2778, 3582
3209, 4772
64, 3669
93, 718
245, 1711
248, 2577
1362, 2460
2170, 4287
2177, 4316
2277, 2344
2630, 3794
2843, 4982
3756, 4816
6, 2571
2110, 4269
2681, 4753
607, 3407
1245, 1486
1268, 3789
1252, 2843
2161, 4867
2779, 3631
2795, 3255
2969, 3871
904, 3993
1581, 4978
1776, 3249
2637, 2645
2808, 4549
304, 2494
346, 2369
491, 3298
1465, 3266
1551, 4075
1572, 3139
2343, 3313
224, 1433
384, 1066
1385, 4180
1714, 2201
2137, 3863
3484, 4626
4382, 4454
231, 3066
1046, 2224
1183, 2963
1403, 2366
2818, 3059
2931, 3763
69, 3710
595, 1162
1201, 1519
1436, 4139
1925, 2482
2014, 4958
2100, 2627
2481, 2503
2681, 4770
315, 3948
397, 554
535, 4544
595, 4734
722, 2569
998, 3522
1695, 3522
1906, 4793
1959, 4191
2213, 4458
148, 3813
561, 2584
648, 1059
725, 3066
1297, 3547
2108, 2522
2213, 2887
63, 2755
184, 2464
258, 4476
745, 3146
830, 1913
1055, 2858
1498, 4620
1648, 3034
492, 1308
1181, 2617
1213, 2916
1462, 3905
1906, 2539
2309, 3861
2885, 4809
535, 950
668, 3019
796, 4224
1592, 2958
3446, 4757
761, 4538
922, 3518
1267, 1816
1586, 4402
1738, 2454
36, 4914
191, 3625
604, 3458
741, 4563
1557, 4913
1717, 2187
2158, 4869
2776, 3344
3504, 4472
3762, 3774
2511, 3563
2660, 4163
2662, 2768
2818, 2901
3445, 4037
217, 1102
278, 4668
1040, 1575
1212, 2773
1373, 3034
1548, 3611
1574, 3878
1838, 3978
2140, 4487
2200, 4885
2306, 3934
2366, 4210
311, 1530
370, 3174
952, 1315
1679, 4439
3573, 4225
4032, 4866
189, 4078
946, 4684
1416, 2996
1552, 3692
2570, 3781
3333, 4408
267, 3393
2000, 3004
3335, 3689
357, 2691
385, 681
438, 688
2042, 2128
2373, 2782
123, 1695
1141, 4490
1371, 1773
1520, 3914
1725, 4528
2121, 2219
2314, 3870
3020, 4575
3090, 4755
3563, 4264
3727, 3992
67, 2716
937, 1795
1660, 1805
2092, 2750
2540, 4156
3789, 4921
270, 3270
764, 4476
899, 4861
1853, 4107
3049, 3057
3278, 3978
3646, 3721
3672, 4536
21, 2144
182, 4035
392, 3713
1126, 1385
2248, 3758
102, 3487
469, 2046
965, 971
1081, 3407
1487, 4804
1955, 3873
2013, 3666
2444, 3310
2666, 2692
394, 2912
1447, 2458
1952, 3345
2889, 4792
14, 1412
38, 755
195, 3112
1767, 3540
2790, 3763
3953, 4888
513, 3452
1167, 3471
1476, 4103
1629, 4810
1849, 2838
1849, 4587
1921, 4015
2682, 4669
2754, 3366
243, 2769
2036, 2574
2466, 4120
803, 2628
1207, 4602
1215, 3237
1391, 1434
460, 961
822, 4232
945, 3087
1309, 3306
1365, 4367
3051, 4184
749, 1881
795, 2761
1057, 1539
1386, 3240
1445, 2001
3914, 4105
220, 2727
1215, 2549
1979, 4053
2327, 3443
2411, 2479
2458, 4167
2657, 3056
2740, 3965
3161, 4313
3312, 4138
294, 1940
364, 4792
620, 950
981, 4843
1078, 3360
1424, 2528
3118, 4178
3279, 4053
3382, 4673
4135, 4257
262, 1481
2181, 2745
2441, 3744
2569, 3691
3757, 4359
689, 789
988, 2646
1162, 3973
253, 4061
345, 980
581, 4194
1465, 2706
641, 4962
1096, 4755
3234, 3715
93, 166
161, 358
281, 863
652, 3045
817, 3400
1894, 3474
2261, 4946
3231, 4276
3804, 3982
231, 1490
660, 1118
811, 2335
3468, 3790
89, 4811
419, 626
1194, 2316
1210, 3520
2021, 4422
4315, 4478
1679, 1823
1968, 3600
2345, 4371
3952, 4103
99, 3337
846, 3967
943, 3176
2864, 3531
3211, 3499
3290, 4727
507, 3725
644, 1884
821, 3971
3050, 3738
4420, 4605
4470, 4884
158, 1644
791, 4986
2111, 4572
2883, 4565
3294, 4728
304, 1510
1164, 3058
2693, 4259
365, 2789
1893, 3363
2537, 4766
4177, 4556
2, 2317
76, 2695
937, 3051
1288, 1813
1954, 3066
2, 726
133, 2700
579, 2770
2318, 3133
2664, 4955
9, 3227
430, 2260
1078, 4626
1138, 4298
1625, 2901
2425, 2763
3598, 3712
3707, 4569
280, 597
386, 2078
1404, 3512
2867, 4992
4114, 4992
1703, 3459
2602, 4307
3706, 4240
3750, 4225
4728, 4761
11, 1842
112, 2504
129, 850
266, 4510
430, 2753
512, 3679
712, 3942
829, 3104
1461, 4100
1586, 2251
1715, 3616
2008, 4763
2075, 3244
2960, 3687
651, 1626
784, 3736
1337, 4984
1512, 1669
2258, 3299
2687, 3975
451, 2351
960, 3147
1767, 3185
1782, 3920
1884, 3646
2003, 3264
2347, 4215
3603, 4649
569, 4061
1034, 3831
1952, 3989
2237, 3866
2891, 4479
3965, 4323
248, 1392
776, 3008
888, 4731
1419, 2884
1602, 2544
423, 2250
835, 3815
1331, 2944
143, 438
637, 4877
2723, 4272
4036, 4345
865, 3229
920, 3442
1166, 3017
1224, 2604
1282, 1389
1855, 2765
321, 3069
571, 3847
778, 4741
925, 1208
996, 3232
1287, 4832
1819, 2142
6, 2335
546, 2373
2554, 2838
3785, 3892
135, 2175
712, 1712
1228, 2271
2049, 4383
2152, 3912
505, 3142
1790, 4173
2032, 3747
2297, 4837
3338, 3848
3842, 4090
996, 2260
1570, 2743
2690, 4416
2765, 4735
3225, 3606
3805, 4280
898, 4002
1868, 3427
1908, 4586
2217, 4494
3034, 4326
203, 3000
502, 2929
869, 2647
1473, 4777
1539, 3583
2011, 4392
2504, 3058
2869, 4081
211, 456
3380, 3823
4570, 4587
495, 4314
609, 4130
1305, 2621
1352, 4090
1444, 4069
2241, 4733
2341, 2993
7, 1619
58, 2027
752, 3937
957, 4838
1320, 4159
2401, 3604
2524, 3838
172, 2427
357, 2698
651, 2162
983, 1867
1581, 3914
3819, 3879
680, 890
1748, 2933
255, 1245
322, 2716
527, 641
561, 2073
1176, 4222
1234, 2862
1940, 2872
2164, 4386
2562, 3857
36, 1914
65, 1271
175, 343
367, 4100
1032, 3679
1149, 4718
1927, 4215
2024, 2243
2332, 3019
2506, 3922
67, 4467
118, 3457
123, 3286
838, 2849
1054, 1078
1278, 1701
1937, 3474
3575, 4385
4605, 4897
330, 1069
459, 4271
1602, 2148
2553, 3553
3259, 3535
3936, 4264
88, 3015
403, 788
911, 4593
1032, 3537
1969, 3861
3755, 4946
410, 2227
1037, 1171
2428, 3076
2683, 3592
3682, 4006
388, 3113
912, 2370
1583, 3428
2254, 4344
2569, 3211
220, 915
254, 3965
784, 4143
886, 1149
937, 3447
980, 4715
1172, 4978
1394, 3852
1803, 2008
3436, 4254
4012, 4049
155, 675
540, 3145
714, 2197
1468, 2494
1897, 4732
4114, 4484
4754, 4777
72, 4353
390, 985
561, 1623
584, 2837
605, 3795
652, 3107
952, 2250
1808, 3054
125, 3181
1575, 3748
1612, 2129
2282, 2497
461, 869
1076, 1903
1599, 4459
1778, 1842
2180, 2752
2598, 2990
2744, 3446
19, 1472
1280, 4411
2108, 4039
22, 4390
674, 1081
725, 756
1349, 2593
1404, 2016
2277, 2986
2587, 3714
3183, 3737
4457, 4484
202, 4058
588, 2605
977, 1749
985, 1200
1223, 2513
718, 1094
1142, 2990
2592, 3501
572, 3154
821, 4334
1897, 3178
2331, 4294
2768, 3866
3159, 4592
218, 223
401, 1488
1632, 3337
1789, 3594
2005, 3645
2087, 2600
2396, 2635
2667, 4251
3529, 4937
4277, 4542
187, 1888
319, 466
1083, 2384
1391, 2424
1458, 2649
2463, 3909
2623, 2665
387, 884
749, 1890
1018, 2621
1049, 3795
2000, 4695
2263, 2835
2767, 3521
401, 4751
567, 2802
2205, 4085
3961, 4413
4560, 4856
347, 402
397, 3345
995, 1308
2486, 4484
2954, 4969
2972, 3112
3723, 4735
481, 1238
646, 2517
2004, 2754
2272, 2725
663, 1874
1595, 2630
1845, 3780
1985, 2711
3609, 3980
3929, 3986
1123, 2221
1151, 4550
1287, 2222
1779, 1905
2135, 4384
2727, 4168
3026, 3153
621, 1969
659, 1681
753, 1656
1178, 3490
1820, 4338
3496, 4634
3748, 4931
333, 3638
501, 4000
944, 4022
2423, 3335
3742, 4283
559, 2701
722, 3339
765, 3188
1425, 3793
2439, 4084
2859, 4094
3162, 4833
89, 511
136, 354
147, 4720
430, 3943
584, 2853
1019, 3458
1845, 4546
1897, 4406
1939, 4386
3102, 4839
361, 1117
373, 4528
380, 3887
851, 2501
2270, 3298
3871, 4738
527, 1666
704, 2824
1417, 1718
2078, 2304
2389, 2664
2389, 4123
2660, 3303
279, 3628
1664, 1739
1737, 4646
1754, 4552
1945, 3882
2045, 4130
63, 4933
415, 3201
696, 2141
905, 4866
1087, 4628
2670, 4456
2868, 3190
185, 195
209, 4919
696, 2340
1126, 3939
1186, 2994
1754, 4034
3561, 4746
67, 1248
385, 485
649, 2197
809, 3475
940, 3927
1389, 4725
1502, 4949
1885, 3764
1954, 3814
2038, 4962
2627, 4614
2761, 4181
2871, 3442
376, 4086
1570, 4574
1613, 4673
2183, 2335
2860, 3541
3268, 3941
64, 2228
217, 4854
317, 689
670, 1854
1748, 4905
2967, 3899
992, 4678
1340, 3021
3813, 4808
488, 4287
1937, 4506
2887, 4224
4154, 4692
39, 2417
562, 971
910, 3588
1096, 4666
1263, 3259
2382, 4680
674, 2010
1277, 3887
3943, 4994
546, 4308
602, 2767
628, 3059
650, 2592
1308, 1958
3125, 3183
4764, 4940
641, 2434
663, 4262
1167, 4908
1654, 1841
2997, 4384
4089, 4966
4393, 4490
94, 4992
790, 2321
1526, 4695
3044, 4595
4002, 4496
4229, 4691
119, 2161
280, 4707
519, 2363
658, 1952
3133, 4543
4260, 4607
182, 2798
188, 4471
404, 1135
554, 2154
1640, 2780
2717, 4590
2812, 4099
3541, 4867
887, 1164
1432, 4192
2218, 4039
3817, 3874
4180, 4575
494, 2417
876, 4351
925, 2362
1451, 3188
1494, 3276
3326, 4206
3642, 4179
4502, 4791
361, 4249
614, 2692
2035, 3848
2940, 4973
246, 4234
849, 1884
1452, 3214
2046, 3137
2692, 4497
2778, 3515
4161, 4896
4178, 4247
397, 4875
624, 3533
690, 1829
695, 971
946, 1731
1056, 1290
2533, 4691
2893, 4874
1231, 3364
1372, 1779
2212, 4833
2862, 4449
4704, 4852
536, 2644
697, 1299
1114, 2984
1325, 1801
2507, 3033
2648, 3372
4347, 4354
4715, 4814
553, 2163
667, 1789
904, 4222
1126, 3353
1860, 4200
2184, 2411
2201, 3479
3784, 4107
203, 3970
815, 2241
1118, 2291
1351, 2933
1577, 4302
2032, 4313
2136, 4222
267, 4565
1130, 2626
2498, 3173
2939, 4134
3710, 4520
3971, 4451
366, 4222
2025, 2782
3769, 4057
4237, 4964
1305, 4313
1412, 2245
1667, 4656
2326, 4438
3052, 3537
3071, 4814
4085, 4473
57, 2548
237, 3377
382, 3864
774, 3266
853, 3855
1436, 4021
1658, 2912
1768, 2145
240, 2865
1113, 1263
1281, 1404
197, 4471
616, 3864
1594, 3444
2168, 2667
3347, 4765
3777, 4738
1450, 3801
1553, 3073
1770, 2416
1880, 4918
2088, 4425
2163, 4907
2466, 2924
2473, 4095
3339, 4423
4031, 4477
346, 3205
1489, 2616
2303, 3777
2415, 2542
3402, 3812
108, 972
363, 3971
542, 681
1800, 3297
2389, 2641
3008, 3159
3493, 4002
3917, 4440
411, 3767
1352, 2559
1696, 3151
2122, 4066
2228, 4125
21, 1580
70, 1379
210, 3099
368, 506
1355, 2508
1736, 4310
2341, 4641
2571, 4149
436, 4658
493, 1943
507, 2047
785, 3491
2927, 3199
2457, 3989
3295, 3692
3566, 4690
329, 4409
367, 1885
384, 1468
539, 1649
1345, 2995
1459, 1665
1622, 3996
1845, 4461
1903, 4252
4297, 4807
459, 4311
1880, 2429
2772, 4218
2900, 3047
3807, 4427
32, 2010
1039, 1890
1441, 1574
1607, 4757
3346, 3472
1376, 3525
1617, 3920
2589, 2717
2652, 4114
2767, 3566
446, 1661
1785, 4008
2522, 4732
2815, 3232
2913, 3528
2942, 4978
821, 3786
1638, 4100
1824, 4670
1922, 3277
2699, 3859
4398, 4617
65, 3303
418, 2345
570, 3017
702, 2358
916, 1607
1407, 1588
1694, 4393
1746, 3007
4263, 4389
450, 4101
1598, 2718
1844, 2688
2621, 3905
55, 1442
289, 1252
623, 985
662, 1034
691, 2201
1269, 1991
2032, 2849
613, 1416
678, 3591
1056, 4252
1301, 2128
1705, 2796
2271, 3354
2443, 4921
2536, 4149
2843, 3001
3447, 4405
518, 2769
545, 2978
1303, 4430
1437, 4096
1585, 3166
1629, 3406
1879, 2069
3356, 3934
159, 4647
270, 4560
962, 2922
1417, 2612
1977, 3451
2685, 4347
2751, 2842
2828, 4843
28, 3145
114, 4429
423, 480
1208, 1243
1598, 3723
1981, 4262
3500, 4454
3, 145
126, 2815
206, 2855
241, 2184
862, 3392
1082, 3835
1564, 3979
1845, 3047
2266, 4324
2367, 2832
2647, 3532
3069, 4510
3401, 4852
374, 2207
389, 1850
398, 2812
530, 2131
1117, 3398
1391, 3371
1662, 4985
3918, 4098
4726, 4819
305, 4596
679, 902
854, 3725
1940, 3492
3821, 4031
960, 1155
1973, 2318
49, 2999
159, 846
1104, 1382
1772, 4006
3730, 4657
4057, 4945
100, 318
938, 941
1357, 2271
1488, 4281
2667, 4586
2678, 3050
421, 1667
470, 666
581, 3874
1017, 3634
1022, 2755
2436, 4058
3362, 3541
794, 1992
996, 3553
1190, 4286
1294, 2496
1613, 3815
2382, 2863
2838, 3301
13, 4318
154, 2179
191, 4804
604, 1754
734, 3619
996, 1708
1638, 4056
2600, 3446
2600, 4596
3363, 4908
4438, 4496
205, 766
698, 4753
1995, 3994
2297, 3938
2312, 3572
2877, 3784
3058, 4913
3066, 4279
772, 3696
833, 2852
2291, 3653
421, 3544
499, 1260
550, 3815
1257, 1278
1401, 2779
1847, 2937
3629, 4814
413, 3037
406, 3111
711, 3399
1310, 1654
1667, 4510
2007, 2777
2147, 4663
2615, 2952
3852, 4652
4165, 4969
71, 2345
1424, 3511
1730, 2698
2405, 4798
3338, 4474
4037, 4486
67, 3387
661, 1534
663, 2300
907, 4699
1688, 4813
1859, 2316
2422, 4118
3066, 4496
816, 1284
995, 2101
1332, 1400
2426, 2727
2820, 4903
3845, 4436
4207, 4218
102, 1246
280, 4970
419, 4359
469, 2328
471, 3241
770, 4030
828, 4532
995, 2325
1834, 4108
3420, 4971
4244, 4893
114, 3744
367, 2736
2514, 2716
2974, 3773
3548, 4070
3642, 3653
177, 2806
385, 625
1677, 3075
1852, 3601
2814, 3918
3408, 4130
3856, 4119
4016, 4450
376, 3979
1727, 4651
2101, 3362
2555, 3478
2771, 2915
3204, 3839
942, 3871
3576, 4256
334, 2081
843, 4768
958, 4238
1566, 2647
1609, 4024
2027, 4217
3091, 3584
574, 2151
1910, 2170
2201, 3886
2980, 3464
131, 302
475, 4088
1044, 2406
1447, 4734
2227, 2435
527, 4878
1018, 3502
1677, 3158
2740, 4021
423, 3717
873, 2191
1289, 2696
2480, 3361
2957, 4914
4259, 4733
104, 2660
309, 1023
352, 571
649, 4973
1189, 4059
1448, 2327
1485, 2980
3004, 4997
3117, 4447
2959, 3111
887, 1443
1070, 4441
1825, 2553
3623, 3870
1164, 2757
2664, 3165
3415, 4917
457, 2713
1652, 2851
2269, 3265
3004, 4962
3336, 4133
1529, 4229
3274, 3688
3338, 4160
3537, 4808
888, 3250
963, 2453
1130, 3973
1576, 2620
2903, 4921
1003, 4294
2861, 4935
517, 4062
1148, 4072
1615, 3044
2911, 3598
2911, 4128
2925, 3476
3700, 4007
333, 3485
567, 594
1063, 4977
1380, 3767
1403, 2584
1630, 2102
1891, 2073
2619, 4982
2712, 4435
546, 4196
1264, 2838
1645, 3396
2089, 4560
4218, 4513
152, 3799
377, 2570
381, 3178
413, 3514
1154, 4836
2435, 4974
2558, 3062
3350, 3370
354, 3942
1548, 2672
1667, 3051
2049, 4248
2332, 4593
2439, 4992
62, 1450
301, 1617
1625, 3651
2258, 4990
2265, 3558
3481, 3597
3889, 4839
979, 4402
1910, 3720
1999, 3614
2550, 2727
3885, 4929
843, 4781
1611, 3266
2347, 4071
2914, 3814
3377, 3776
3614, 4271
132, 1264
356, 484
996, 3748
1173, 4314
1196, 4693
1206, 2007
1207, 2828
2679, 2724
4099, 4490
715, 3395
1392, 1892
1828, 4459
2384, 4838
3791, 3805
4117, 4446
563, 700
1245, 3013
1435, 2895
2408, 2880
2747, 4157
63, 4595
564, 2116
729, 4958
1441, 4638
2338, 4507
2747, 3620
351, 4809
1058, 1840
1290, 3561
1345, 3138
2263, 2529
3641, 3757
813, 1594
1221, 1419
2220, 4366
2671, 4813
2909, 3334
658, 1373
1077, 2065
1551, 3593
1979, 3072
2176, 2922
3093, 4444
3806, 4842
284, 4961
898, 2464
4309, 4981
61, 1181
364, 3259
643, 1421
648, 3859
696, 4396
805, 3260
828, 1729
888, 1666
1810, 4581
1969, 4765
2095, 4177
2164, 4046
3248, 4824
26, 1944
53, 4601
57, 2900
980, 1318
1087, 4359
1198, 4320
1277, 4495
1593, 3207
2587, 3715
4063, 4739
50, 2981
363, 4033
2464, 3234
3575, 4584
1209, 1384
1239, 4654
1334, 3543
476, 3382
642, 3394
701, 3819
726, 2151
1693, 3450
3239, 4634
3350, 3876
755, 1907
918, 1648
2606, 4243
3586, 4377
4793, 4863
1198, 3201
1572, 3202
659, 1788
1234, 4010
1509, 1712
1791, 3229
3471, 4812
59, 4457
762, 2800
1001, 2126
1037, 2577
1649, 2822
1690, 2640
2246, 4663
2577, 3332
354, 3178
664, 1192
2044, 4033
3419, 3633
4519, 4987
233, 2354
2977, 3705
1886, 4827
1956, 3101
2558, 3391
2702, 3555
2764, 3659
3192, 4694
3243, 4990
885, 1851
903, 3629
1154, 4234
1381, 2223
1411, 4789
1504, 2911
2133, 3027
2441, 3344
3147, 3372
4277, 4405
12, 4137
298, 3763
522, 3219
743, 1690
935, 4565
1218, 4766
1628, 3119
1730, 3212
3034, 3043
3134, 4568
447, 3428
930, 3020
1258, 2032
2352, 2463
3165, 3751
3617, 3941
233, 1161
357, 2488
512, 4235
859, 2942
1871, 4939
1886, 4099
2270, 2668
2565, 3689
2794, 2986
2905, 3217
2962, 4847
3816, 4181
4576, 4977
445, 1828
1397, 3097
1964, 2046
2954, 4266
3476, 4812
175, 325
621, 1059
1263, 4292
1468, 1919
1674, 4397
2378, 3225
2656, 2798
400, 4309
449, 2321
1043, 4350
2175, 4040
2736, 2904
3942, 4375
1087, 2834
3940, 4750
276, 686
1003, 3574
1664, 2151
2065, 4680
2486, 3317
3561, 4187
1405, 3897
1813, 2851
2177, 4639
2652, 2682
2912, 4644
4177, 4969
14, 3468
33, 4013
266, 3860
528, 2321
655, 3645
939, 4942
1262, 3218
1398, 1905
1667, 4094
1948, 4471
2586, 3316
2992, 4050
3251, 3326
228, 1021
294, 2491
1558, 3000
2097, 3294
2969, 3266
3647, 3854
583, 4603
1467, 3212
1656, 3733
2880, 4880
2945, 3071
867, 2695
1013, 1614
1623, 3174
2897, 4746
3250, 4177
277, 2647
812, 3942
1151, 1283
1534, 1548
1588, 4375
1729, 4095
1768, 3825
1787, 2489
1870, 1948
3259, 4247
487, 1261
521, 4562
629, 3397
3031, 4481
3771, 4209
4241, 4377
190, 1312
999, 3167
1399, 1805
1490, 2444
1726, 4168
1882, 4759
50, 458
206, 4376
208, 488
280, 2925
602, 3812
1731, 2698
3351, 3705
638, 2546
1158, 2104
2228, 3487
2413, 2973
2631, 4307
3000, 3923
1519, 1906
3631, 4019
53, 3725
171, 3321
1814, 3198
1958, 4239
2458, 4024
131, 1013
515, 3326
911, 2553
1100, 1948
1103, 1162
2351, 2915
3397, 3789
534, 4610
2204, 3692
221, 4330
808, 870
1217, 1528
1376, 3447
2347, 4813
2992, 3686
294, 668
538, 3069
1991, 3334
2072, 4938
4800, 4987
461, 2765
1419, 3552
1981, 3539
2494, 3254
2684, 3859
612, 3169
1188, 1938
1613, 3602
186, 2523
483, 2052
623, 2980
1371, 3009
2094, 3795
2411, 3792
3363, 3530
361, 1151
862, 2669
919, 1083
2723, 2814
3635, 4998
170, 4268
218, 3778
301, 2658
307, 4862
317, 4411
851, 2759
1507, 2931
1882, 3210
2715, 3029
3335, 3449
1354, 4037
1690, 4394
2104, 4940
3050, 4445
310, 3319
330, 2056
676, 3261
1127, 3111
1926, 2051
2207, 3264
2846, 3317
3028, 3978
367, 369
762, 3942
779, 4737
2352, 2604
2609, 2677
498, 3143
699, 3018
758, 3993
954, 2830
2231, 4841
3909, 4057
50, 3400
1065, 4902
2572, 4505
4042, 4507
4461, 4626
883, 2352
2004, 2562
2341, 3139
2863, 2915
4848, 4957
308, 3158
333, 1227
392, 3749
637, 3544
1843, 2493
2045, 2905
2526, 4594
2647, 3609
3077, 4142
3696, 3699
3725, 4097
598, 4740
1052, 1734
1310, 1355
1311, 3120
2416, 4373
2599, 3025
2613, 4733
4442, 4515
555, 4881
2026, 2049
2645, 4049
2948, 4555
3105, 4607
3126, 3201
3610, 4644
1258, 4808
3396, 3708
3451, 4448
2390, 3285
4148, 4803
154, 4436
208, 3555
307, 4936
545, 4663
581, 4158
1099, 4867
1520, 1791
1622, 2451
2099, 2688
4219, 4808
18, 3215
612, 746
1804, 3975
3348, 4601
535, 3879
758, 2832
1194, 2804
1998, 3236
2407, 2957
17, 1585
867, 4532
1720, 4699
3889, 4589
277, 4856
926, 1474
1448, 4336
2670, 4116
2783, 3118
3786, 4733
478, 1210
1120, 2562
4316, 4436
527, 1349
538, 3037
1155, 2869
2297, 3641
3284, 3486
3669, 4812
130, 2515
257, 697
588, 4297
869, 1796
1226, 3869
1482, 2497
2189, 4846
3612, 4697
119, 4826
392, 1964
464, 1916
557, 754
979, 1111
1027, 4728
1201, 4259
1767, 2250
389, 2651
394, 1147
1733, 3093
2182, 4414
3031, 4348
4428, 4945
1, 1946
115, 4598
316, 1267
626, 901
826, 2703
1330, 2219
2452, 3886
2642, 4860
4094, 4266
2025, 3907
2104, 3315
2326, 4656
2630, 2746
2670, 3959
3014, 4124
102, 222
112, 3898
335, 2224
786, 4047
703, 2268
3417, 4395
4741, 4930
67, 3195
509, 2822
530, 1485
1443, 1659
1584, 2798
1869, 4005
1916, 4339
2282, 3994
380, 2403
568, 4021
581, 4118
747, 2631
1752, 4479
3834, 3870
821, 3106
1003, 4930
1283, 2912
2566, 3203
317, 3341
1410, 3000
2197, 3919
2477, 4217
2752, 4649
2774, 4419
3012, 4137
3891, 4877
4736, 4782
270, 2962
403, 2878
642, 2996
775, 3869
1189, 2083
1244, 3699
1709, 3744
4092, 4724
796, 4315
806, 1926
1056, 3423
1332, 3035
1683, 2257
2225, 4753
2561, 3954
2849, 2980
2923, 3303
3230, 3727
4655, 4992
215, 282
1603, 3212
2742, 3099
75, 4776
161, 1661
173, 2171
947, 4911
1717, 4665
1937, 2282
2823, 3073
382, 595
458, 467
738, 4995
831, 1831
1387, 2203
1745, 3179
2183, 4819
2245, 4188
2784, 2843
212, 1181
736, 3149
1641, 3327
1877, 2691
986, 1048
1045, 2937
1266, 3883
1500, 4387
1586, 4817
221, 2319
415, 634
910, 1924
2902, 4146
856, 1537
1047, 4203
1061, 4792
1266, 2488
2712, 2772
4063, 4453
166, 3321
723, 995
1949, 4624
2460, 2461
2577, 4489
2908, 3502
242, 4572
800, 2225
37, 3941
114, 3933
216, 4589
517, 3046
633, 4836
769, 4281
1616, 3197
2386, 2822
3386, 4335
3496, 3588
289, 1007
1031, 2746
1237, 3975
2218, 4620
2260, 4880
109, 502
275, 3862
1399, 4348
1461, 2757
1676, 4383
2470, 3765
701, 3268
760, 1528
2029, 3794
2925, 4008
2944, 4917
342, 580
582, 4825
884, 4269
1210, 2576
1233, 3723
1731, 2639
1810, 2738
2008, 2307
2088, 4859
2714, 3708
3484, 4804
6, 676
745, 4489
1814, 4034
1946, 4026
2262, 2464
4929, 4986
49, 1444
1263, 4901
1411, 2332
2691, 4652
2767, 2856
135, 4369
531, 3826
1332, 4047
1692, 2657
2326, 4423
332, 3504
373, 2733
1240, 4797
2170, 2270
2279, 2907
3102, 3825
101, 1359
468, 2274
683, 3847
886, 3674
2948, 3160
182, 3416
387, 2845
826, 1639
2997, 3589
3409, 4380
570, 1805
826, 2976
906, 3061
943, 2916
2165, 4854
69, 586
1818, 4430
1900, 4892
3264, 3648
132, 2212
505, 4083
1064, 4407
2529, 4333
2878, 4544
310, 1643
1623, 3270
2551, 4627
788, 4420
1167, 1442
1171, 2247
1672, 2935
1873, 3605
2489, 3533
3652, 4748
318, 4633
486, 4550
1139, 3664
1208, 2262
2648, 3789
876, 4706
1885, 3585
2441, 3267
2634, 3008
292, 4357
442, 1138
1596, 3654
2055, 3776
2558, 4369
2976, 3457
11, 3979
854, 3160
1035, 3116
1434, 1630
1486, 4284
2287, 2509
2397, 4372
2661, 3010
209, 2891
224, 2069
513, 2915
1561, 2856
2028, 3239
2427, 3629
3681, 4942
4951, 4989
532, 3559
578, 589
1144, 1421
1300, 3269
2239, 2794
2745, 4848
4540, 4675
4876, 4987
50, 2974
181, 1518
289, 3065
1459, 4789
1940, 2302
2331, 4516
899, 2117
925, 4361
1904, 2907
2367, 3905
2724, 4307
3282, 4434
3816, 4812
73, 2131
874, 2145
2844, 3855
3309, 3705
758, 2991
1448, 1643
1466, 2837
2147, 3585
3697, 4081
316, 1331
390, 1199
855, 2527
1048, 2156
1310, 3313
53, 2895
126, 3132
176, 864
261, 2466
914, 3235
1172, 4116
2061, 2137
2339, 4516
2902, 2948
3359, 3597
3720, 4635
4383, 4545
120, 165
397, 730
930, 4651
1295, 2768
1562, 4328
1746, 3890
3310, 4465
225, 2553
1338, 2260
2627, 3462
2631, 2639
4634, 4637
117, 1406
163, 4891
309, 3511
450, 2337
1048, 4839
1370, 2673
2237, 3009
2677, 4058
2797, 3840
2956, 4602
3782, 4626
153, 2255
581, 2010
628, 2147
1276, 4334
1760, 2367
185, 321
988, 3836
1667, 4619
1914, 3931
2286, 4520
3154, 3791
343, 2988
653, 3124
738, 3399
1879, 4503
1940, 4022
1956, 3120
2817, 3801
319, 939
1003, 4451
1486, 2572
1766, 2659
1905, 3177
2783, 3936
425, 3734
904, 3742
1887, 2164
2518, 4512
145, 146
353, 2520
1294, 3998
2928, 4156
163, 4818
926, 2570
1644, 4643
1780, 4059
2787, 3121
3579, 4351
786, 2885
1508, 1521
1941, 2428
2677, 3359
3538, 4841
164, 3011
339, 604
463, 4557
529, 955
977, 4183
1684, 4772
1975, 2449
2240, 4375
2492, 3683
2555, 3838
85, 1114
444, 3350
1046, 2223
1913, 2944
2927, 3366
4175, 4511
1158, 3665
1337, 3305
2376, 4662
4699, 4903
300, 3804
498, 4377
847, 3477
1903, 4183
2062, 4738
2893, 3499
3417, 4754
95, 402
1124, 2623
1335, 2982
3145, 3662
3200, 3673
3974, 4482
4649, 4730
230, 1585
340, 1726
827, 1905
1901, 4981
1998, 3045
74, 1742
808, 3516
934, 3414
1617, 1677
2765, 4712
3944, 4843
1111, 4028
1733, 4971
1967, 4612
3206, 3726
4124, 4137
450, 2766
3439, 4103
323, 3797
846, 2395
1224, 3107
1757, 3648
1792, 4373
2231, 4024
2497, 3877
57, 2528
584, 2259
1651, 3833
2469, 4788
307, 1575
432, 864
640, 2136
1095, 2442
1618, 1646
3569, 4290
990, 1868
1238, 4378
2367, 2780
2370, 3635
2391, 3531
2404, 2963
2894, 4882
223, 4846
755, 3361
1656, 1800
1807, 4933
2080, 2782
2305, 3686
587, 2560
2608, 4996
1292, 3588
1474, 4564
1578, 2197
1884, 2522
177, 2419
225, 3600
1386, 1735
1962, 3105
2186, 4598
2483, 4065
3041, 4567
419, 3918
1782, 2016
1969, 4410
2156, 3490
2270, 4916
2438, 4676
2628, 3783
3255, 3452
4188, 4854
41, 3127
753, 1304
826, 3760
1134, 1728
1207, 2858
2134, 2324
3912, 4825
62, 3096
651, 3812
1705, 4392
23, 3333
42, 148
822, 4848
1584, 1945
2483, 4309
3082, 3386
3188, 3221
4296, 4501
322, 3636
857, 2420
1053, 2153
1802, 2969
1894, 2348
2401, 4482
3140, 3456
66, 2123
3284, 4087
1176, 2541
2072, 3495
2114, 2289
2326, 4999
4214, 4501
89, 572
139, 546
169, 4220
1231, 3806
1997, 4222
2991, 3824
3841, 4820
4713, 4981
167, 925
186, 2359
2427, 4692
214, 3482
256, 2051
869, 2406
1314, 3260
1474, 2960
4795, 4935
1123, 1483
2351, 4689
3106, 3285
3613, 4277
4091, 4195
22, 4521
207, 389
880, 3139
2246, 3960
3223, 3793
3491, 4306
279, 4636
1665, 4823
2591, 3531
2787, 3807
3165, 3815
314, 1651
424, 4418
1269, 4382
1812, 4616
1872, 4690
3885, 4651
1231, 2401
1541, 2223
1599, 3684
2673, 4623
2695, 3129
3196, 4229
3363, 4109
13, 1693
49, 448
146, 2236
443, 4325
761, 829
1322, 3403
1349, 3593
1389, 3600
1718, 4384
1766, 3908
1826, 3337
1976, 2280
234, 2218
514, 2707
715, 3129
772, 4047
1010, 4790
1187, 2021
1350, 4444
810, 4667
1421, 1944
1503, 1534
1677, 4073
1827, 3133
2547, 3663
3348, 3759
286, 1335
620, 3978
2924, 3480
1, 4555
554, 964
603, 734
1421, 2015
1682, 1926
657, 1703
688, 3022
1048, 4141
1295, 3614
1458, 3242
1508, 1876
1552, 2001
2210, 4649
3247, 3824
314, 2629
576, 1153
963, 3012
1809, 4318
1900, 4017
1992, 2104
448, 1256
464, 1692
1371, 1465
2837, 4194
101, 3775
129, 1402
196, 1522
1559, 4760
1919, 1920
2386, 3705
2677, 3844
63, 2430
1787, 2935
3211, 3260
4339, 4685
610, 4734
828, 3005
1451, 3405
1702, 3722
1771, 2004
2165, 3413
2502, 2644
2606, 3294
4, 2905
322, 4170
346, 2087
639, 1187
748, 4202
1102, 2023
2502, 3484
573, 2022
700, 4593
1826, 4882
2036, 3380
2732, 4805
307, 3572
561, 4784
563, 2979
1196, 1203
1486, 3917
1997, 3678
2209, 4413
2297, 4892
3757, 3988
4059, 4596
490, 4684
767, 3512
77, 2287
187, 2285
1085, 4683
2334, 2445
2636, 4854
4319, 4341
4581, 4963
282, 2123
455, 2152
1221, 2010
1823, 2077
2961, 3908
3797, 4043
16, 338
102, 134
650, 1402
1133, 4984
1715, 1729
1763, 4576
2032, 2082
2138, 4030
2589, 4676
2771, 4693
2909, 3086
3231, 4727
273, 435
631, 3976
1317, 3670
1337, 2263
2874, 3121
2892, 3539
429, 4767
1008, 3304
1363, 2277
1929, 4945
69, 3443
500, 4526
1225, 4471
1422, 3141
1747, 4097
667, 3371
840, 4665
2058, 4869
2502, 2535
2970, 3122
254, 1962
531, 1636
1209, 2916
1626, 2704
1853, 1983
2148, 4529
3343, 3437
1029, 4805
2699, 3904
3845, 4200
54, 2413
1120, 1456
1193, 1803
3378, 4204
136, 1560
384, 521
437, 3839
955, 1161
1116, 4775
2589, 2851
3290, 4000
372, 1384
817, 2122
846, 3869
932, 3923
1565, 4086
1875, 4845
2219, 3173
2257, 2709
3200, 3284
3237, 4425
3365, 4045
648, 4558
987, 1587
1655, 3219
2572, 2573
3170, 3854
338, 4182
377, 4095
700, 1691
1867, 2401
3077, 3797
4206, 4908
797, 3705
1306, 2458
1501, 4274
1639, 3358
2255, 3179
3863, 4325
276, 1448
521, 2665
656, 4962
1763, 4129
1947, 3348
4775, 4983
501, 3411
1176, 3846
3184, 3801
4060, 4626
1402, 2782
3271, 3366
456, 1347
2290, 4956
2557, 2662
3627, 4766
799, 4284
1360, 3312
1576, 2625
1779, 2209
2035, 3351
1026, 4661
1710, 4683
2950, 3644
2990, 3589
3169, 4722
2467, 4354
4496, 4803
555, 3773
570, 1398
877, 3231
2987, 3408
3188, 3484
937, 4553
1167, 3580
1487, 3015
2052, 2620
3657, 3767
657, 2202
868, 2562
445, 1487
1188, 4189
1446, 4532
1965, 4132
2896, 3259
3224, 4502
3807, 4518
698, 2141
989, 2838
1419, 3854
1626, 2497
2330, 4610
2470, 4481
3060, 3225
3669, 3963
274, 1549
1247, 3242
2669, 3172
2750, 2927
2953, 4208
3732, 4165
353, 1848
652, 2301
1183, 2455
1549, 4319
2355, 3835
3431, 4784
207, 4083
2235, 4062
2839, 3146
3987, 4960
1864, 2256
1917, 3888
3030, 4717
3764, 4675
845, 2217
4039, 4403
4524, 4701
85, 3166
193, 736
291, 1458
1556, 3611
2232, 3339
3723, 4253
4014, 4716
604, 3961
653, 2105
1357, 2172
2173, 2776
3223, 4889
435, 4774
1279, 2628
1360, 4233
2676, 3752
304, 2090
537, 4531
948, 4912
1734, 4526
268, 2171
1619, 4635
4017, 4756
3282, 4553
133, 539
145, 4489
390, 1668
426, 2130
622, 3539
2429, 4463
2940, 3059
3616, 3758
422, 1069
1132, 4118
2380, 2613
2488, 2715
3134, 3987
3598, 4398
196, 517
1271, 4747
1787, 4431
1818, 1842
3110, 4909
3421, 4371
583, 3585
726, 2537
1384, 2937
1827, 3381
4230, 4499
221, 4898
548, 3159
741, 3943
997, 4092
1678, 2635
1917, 4936
2162, 2385
2283, 4926
2369, 4088
4083, 4978
1408, 2532
1597, 4716
2384, 3612
551, 4894
1417, 4749
3010, 4332
5, 3407
190, 208
3244, 4110
731, 4937
1583, 1786
3638, 4443
29, 3682
64, 2500
423, 763
1003, 3921
1272, 4366
3004, 3628
3582, 3756
245, 4228
975, 2535
89, 563
882, 2051
897, 4805
935, 2395
1235, 4570
1253, 2356
1460, 3828
1978, 2022
2239, 2868
2707, 4575
3057, 3369
3825, 4455
4162, 4429
779, 2935
1038, 3848
1075, 2221
3911, 3995
670, 4362
1635, 2078
1883, 2762
2239, 3470
2519, 3797
937, 1247
1227, 2545
1662, 4722
1974, 3817
2121, 2836
3471, 3843
437, 2847
469, 1744
1039, 2653
1592, 4226
2407, 2743
3625, 4126
409, 4950
992, 3129
993, 4343
1644, 2973
2098, 3492
3012, 4191
4118, 4159
1206, 1945
2530, 3486
3120, 4670
3488, 4700
98, 4578
372, 3117
585, 1949
773, 2158
1061, 4554
1068, 4986
1071, 4164
1116, 2615
1512, 3424
1646, 1902
2500, 4660
2753, 3542
93, 3999
132, 2801
706, 1966
1010, 1951
1222, 2931
1565, 2935
2879, 2888
198, 1158
1778, 4537
1072, 1423
1256, 3218
2664, 3222
2747, 4798
3109, 4231
3227, 3979
3336, 3598
4020, 4253
122, 662
256, 1239
552, 4917
1300, 2907
3370, 4826
3527, 4211
26, 760
1206, 1663
3274, 3539
34, 1421
393, 1107
2338, 4206
4775, 4837
1330, 4674
1429, 4231
1918, 3335
2968, 4650
3416, 4267
113, 3489
535, 2616
959, 2163
2222, 4479
1793, 4840
3000, 3504
2064, 4429
2176, 2316
16, 1163
1314, 4504
365, 2821
613, 4421
808, 3219
1006, 4172
1135, 1279
1492, 1993
2193, 2366
297, 1736
2405, 2992
4138, 4490
71, 951
897, 4413
2625, 2977
1971, 4120
3151, 3212
4659, 4740
10, 2756
1071, 1204
1261, 1368
2802, 3868
61, 1731
793, 1502
2833, 3858
3987, 4864
4073, 4400
293, 4702
588, 1518
1851, 3686
2485, 3223
553, 2965
785, 3227
2126, 2496
590, 4007
665, 3754
689, 2321
2128, 4318
2851, 3135
141, 4775
1516, 2620
1523, 3807
2149, 4807
2179, 4821
2230, 4920
2477, 4236
84, 4211
388, 3520
1386, 1812
2383, 3847
3800, 4603
128, 4975
499, 1628
823, 4975
1383, 1497
1542, 2005
1829, 3598
2255, 4966
2801, 4799
303, 740
1660, 4197
1701, 4446
1753, 4113
2490, 3390
2490, 4739
3212, 4838
3640, 4544
4872, 4875
1858, 4065
1986, 3921
851, 1837
1673, 3289
3830, 4072
278, 2904
1533, 3906
1895, 4051
3092, 3966
227, 3668
612, 1647
2002, 4476
3743, 4797
2898, 4103
1347, 2920
2140, 4909
2867, 4855
4003, 4742
477, 4655
848, 4909
1231, 2211
2014, 4648
2326, 4055
3951, 4833
2588, 2787
2930, 3577
2134, 3688
1777, 4912
1993, 3402
193, 2656
958, 3352
1336, 3628
1484, 1902
1915, 3802
326, 2656
209, 2425
1015, 3084
3909, 4466
4145, 4310
776, 3305
3451, 4993
67, 4864
721, 777
932, 1832
1030, 1169
1116, 2842
56, 3740
78, 1488
1719, 3616
3659, 4910
862, 3227
2635, 3902
972, 3796
1550, 4160
2155, 2720
3023, 4310
68, 4071
1544, 4163
2782, 4720
76, 468
302, 3308
790, 4990
1390, 4828
3422, 4362
418, 2409
855, 2039
1624, 3860
2146, 4595
3163, 4794
3202, 4801
3425, 4539
3543, 3974
975, 4797
1089, 4781
1176, 4859
2802, 3044
58, 489
98, 850
2118, 4769
718, 1234
2556, 3312
3340, 3877
533, 3071
1037, 3560
1774, 2699
1817, 4025
3339, 4645
696, 1368
892, 2714
1286, 2889
1479, 1837
2230, 3656
2710, 3034
645, 4187
861, 3907
100, 1051
249, 1948
680, 1745
734, 2137
836, 4483
1750, 3511
1983, 4201
4313, 4616
16, 989
60, 3327
1021, 1180
331, 2461
351, 742
576, 801
592, 2438
1699, 1732
3411, 3658
13, 4611
283, 594
1509, 3718
2482, 3510
354, 727
3021, 4896
128, 187
1121, 2684
113, 1688
244, 300
776, 3652
4184, 4894
1177, 4025
913, 1964
1426, 4331
1860, 3320
3598, 4952
947, 3438
2090, 4265
3280, 4672
4588, 4764
1128, 2743
2198, 3154
2932, 4289
2973, 3992
3953, 4397
4274, 4351
90, 2425
247, 3613
484, 934
1841, 3590
2310, 2933
4043, 4254
620, 2363
655, 4347
1305, 1329
1381, 3571
156, 4134
2989, 4820
4462, 4857
1536, 2416
3702, 4918
547, 2112
599, 3564
963, 1674
1811, 3296
2332, 3828
302, 4995
2138, 4291
3611, 3660
4368, 4868
1211, 3438
1837, 3729
1102, 2633
1225, 4591
813, 2177
1054, 3215
2027, 4521
2689, 3168
2777, 4169
1100, 3394
1185, 4609
3182, 4261
285, 4644
1971, 1973
2169, 2502
2261, 2716
3438, 3867
3850, 4174
547, 2065
2032, 2833
2397, 4350
3455, 3784
1723, 4486
3508, 4595
3806, 4906
479, 3055
486, 2919
2991, 4531
179, 2662
752, 3984
1918, 4079
337, 1746
484, 4622
512, 866
1618, 4588
2361, 3764
116, 3702
313, 1246
923, 2521
1412, 3145
2579, 3548
732, 2904
2006, 2981
2377, 3633
3452, 4777
669, 3060
1751, 3657
1875, 3243
2721, 4462
3176, 4586
692, 735
1423, 4487
1685, 4249
2284, 3406
222, 847
300, 758
1276, 1716
931, 2589
974, 1717
3123, 3772
597, 4584
2813, 3702
105, 1010
783, 2843
938, 4298
1484, 2013
2979, 4503
1230, 1559
1409, 4625
1793, 2235
340, 2076
969, 1079
1327, 3038
1803, 2123
2323, 2570
670, 3799
673, 1503
714, 4025
906, 3645
1343, 4781
3477, 3984
1573, 4584
1097, 1731
2174, 2326
1882, 3930
3405, 4870
1406, 3618
2954, 3108
3353, 4242
125, 1338
1120, 3095
2432, 3045
3193, 4580
462, 2088
1706, 4169
2779, 3703
1093, 4415
1204, 2930
287, 1860
907, 4353
955, 1115
2583, 3778
1356, 4881
1616, 2642
735, 2872
1387, 4072
2741, 4663
1692, 4566
1874, 4549
3104, 3576
4625, 4660
553, 4339
172, 2099
1289, 2103
504, 2753
837, 3080
1966, 2287
3311, 4732
4299, 4773
183, 1041
760, 3618
1415, 1613
3414, 3875
433, 1095
973, 3454
1934, 4708
2788, 3344
114, 4029
1064, 1844
3561, 4711
307, 3425
1307, 3997
1368, 4349
2446, 2463
3091, 4680
636, 4559
452, 4929
631, 3115
1709, 2059
1753, 4144
2415, 4415
2941, 3350
3389, 3422
518, 3050
3940, 4611
708, 1073
2692, 4512
3011, 4332
3518, 4718
43, 3382
2845, 4385
1179, 4064
1333, 3039
1355, 4216
1426, 4626
2190, 3102
109, 4739
2194, 4477
3289, 4310
342, 3654
495, 1741
1187, 3761
1655, 4650
563, 2107
1986, 2632
88, 1364
546, 4915
763, 2322
2479, 4608
3038, 3474
250, 4971
2179, 4379
3367, 4925
3383, 3876
1113, 1143
1761, 2457
2082, 3972
2611, 2635
425, 3398
928, 3392
2234, 3126
2254, 2575
2807, 3573
463, 4392
138, 3975
327, 3018
739, 3340
2886, 4013
1480, 3268
3208, 4382
1016, 4630
3844, 4491
37, 1620
563, 967
1249, 2024
1385, 4208
1756, 3263
3123, 3955
3373, 3467
3977, 4847
4735, 4942
646, 2773
3384, 3614
3550, 4851
209, 337
1873, 3257
260, 4867
713, 890
1223, 2399
4431, 4779
215, 3551
522, 1307
3024, 3924
1420, 3208
1609, 1734
3985, 4484
891, 1204
1675, 3487
2348, 3990
306, 844
463, 3956
3129, 3426
228, 4404
263, 4769
510, 4610
907, 2265
1416, 3969
1835, 2141
3931, 4891
4258, 4727
2757, 4498
737, 4538
1499, 2158
1606, 2275
2182, 4387
2251, 4752
13, 4792
1628, 4523
2886, 3518
2934, 4019
94, 4716
254, 3607
350, 2436
575, 2194
1437, 3903
586, 2729
2569, 2705
2578, 4144
1971, 4688
949, 1663
1865, 4507
1873, 2465
3741, 4256
80, 4604
482, 3957
3739, 4422
9, 719
336, 3279
520, 4977
842, 888
3254, 3433
560, 705
1695, 3995
3629, 3927
336, 4340
1349, 4618
62, 991
87, 1982
440, 3492
93, 2505
1001, 3865
1530, 3258
1839, 2726
2192, 2446
3453, 4051
193, 4470
1033, 3090
1170, 2155
1582, 2459
2568, 4315
419, 4295
499, 4524
3151, 4696
1005, 2025
1017, 4802
1396, 3636
1511, 2746
1340, 2336
4059, 4136
1425, 1582
3009, 3724
385, 938
3098, 4278
3343, 3922
1538, 4571
2117, 2964
2586, 3891
2167, 2847
199, 4693
1098, 4724
2580, 3213
506, 4012
1510, 1711
3003, 4199
328, 4210
709, 2024
1945, 2847
2445, 3086
1676, 3668
1309, 3961
3730, 4175
229, 3246
531, 1507
4077, 4908
173, 3840
1075, 3898
1839, 2273
3221, 3693
1179, 4204
1231, 2455
1602, 1933
3837, 4222
1122, 4679
2082, 2256
2188, 2296
3371, 3788
4269, 4612
523, 2145
655, 3223
771, 4593
1380, 2481
119, 1965
2233, 3544
2694, 4360
883, 4464
4762, 4771
239, 1711
677, 1618
799, 4293
1278, 3068
1444, 3622
3260, 4023
107, 610
295, 4460
1065, 3639
3142, 4278
3624, 4667
1131, 1763
4263, 4946
24, 1574
2810, 3779
1339, 2091
1505, 2310
1994, 3540
1291, 4289
2268, 4441
3252, 4960
304, 1781
651, 717
2531, 3034
20, 47
628, 4074
1930, 4625
38, 1284
3001, 4533
3131, 4777
274, 2358
868, 2663
1769, 4324
3048, 3664
1386, 2971
2063, 2313
2980, 4048
2468, 2992
592, 4417
1714, 2595
2242, 4214
1453, 1745
2116, 4607
2420, 3645
1322, 4032
211, 1454
329, 2244
1071, 1234
1299, 1822
1463, 4597
1527, 3706
312, 3017
330, 1197
410, 420
652, 2618
1101, 1946
2622, 4583
2743, 3226
368, 3080
565, 3407
1511, 3382
4127, 4740
418, 4106
3564, 4750
4165, 4317
3418, 3801
2342, 3471
396, 3040
460, 4155
1156, 1542
1223, 3438
2552, 3182
4510, 4606
2053, 3868
1332, 3526
2471, 2579
1896, 3271
3642, 4483
1221, 1567
1555, 1954
671, 3346
2827, 3526
269, 4498
757, 4114
4600, 4711
740, 4230
1046, 2861
1214, 1984
642, 802
710, 2558
1256, 1961
3716, 4667
4213, 4921
3687, 4452
4297, 4662
560, 4311
1056, 4900
1157, 3629
1806, 4304
1856, 3293
564, 2722
214, 4725
803, 2857
814, 2255
3185, 4681
478, 844
1112, 2194
2643, 3751
4381, 4589
1016, 4820
1036, 2492
1606, 2966
124, 4042
1833, 4028
672, 3725
2007, 2567
399, 777
2191, 2707
465, 4001
3220, 4935
1207, 1319
1850, 2650
1922, 2333
2086, 4684
1254, 3114
3554, 4267
41, 809
630, 1586
1108, 1191
2719, 4625
2917, 4535
1215, 3089
2258, 2456
3302, 4079
176, 1228
888, 1296
1285, 2176
1710, 2096
1374, 1424
1591, 2243
2074, 3594
30, 1846
1868, 3074
1838, 4135
3323, 4568
588, 4303
1325, 4289
1477, 2854
89, 1857
632, 3958
825, 4602
913, 4883
403, 1298
719, 782
1542, 2516
2015, 4665
65, 2697
1483, 3559
2750, 2874
3895, 4730
408, 4441
760, 4366
1230, 4517
1826, 2447
1970, 3859
1996, 2281
559, 860
1089, 3711
1099, 1145
1305, 1861
2515, 3727
3068, 4849
1540, 4184
3162, 3168
44, 4502
1463, 3304
444, 3441
124, 1110
627, 2735
1580, 4438
296, 4934
173, 1738
1232, 2219
2803, 4853
3695, 4754
2079, 4409
1090, 3136
577, 3010
728, 1882
1250, 2886
1571, 3783
410, 3385
1026, 4478
1442, 1524
1316, 4065
2275, 4471
558, 915
1140, 2791
1436, 1972
292, 4638
236, 4944
2781, 3573
2909, 4858
3802, 4147
226, 4646
431, 2320
733, 3350
1627, 2154
1762, 2461
3565, 4477
423, 2840
533, 664
260, 2019
1554, 2618
1892, 2474
957, 2070
1382, 2398
4093, 4361
4215, 4493
142, 1191
619, 1376
1987, 2239
2597, 3007
1721, 3831
1136, 1537
678, 4009
1236, 2287
3694, 3732
1779, 2200
889, 1607
2019, 2254
2791, 4746
2472, 3143
854, 2114
1493, 4796
934, 3053
1642, 3546
1969, 2215
834, 1538
929, 2236
1817, 2932
2563, 4378
2816, 3976
1522, 4948
743, 2538
1039, 4282
1311, 3324
2760, 3951
1251, 1699
4034, 4245
1741, 2583
2208, 3169
4038, 4509
1041, 2641
2581, 3833
110, 392
1563, 3465
1709, 3962
1877, 2888
3321, 4352
3478, 3881
3, 86
530, 3379
537, 4943
1002, 4592
2876, 4405
751, 1063
2042, 3536
1839, 4509
2212, 2476
1653, 1741
2941, 4548
321, 578
606, 1879
3465, 4088
56, 4981
416, 1260
2546, 2598
933, 3486
1175, 1945
1982, 2232
1227, 3176
2579, 3432
901, 4011
258, 3695
1388, 3396
3027, 3568
2054, 2754
593, 1811
1699, 3510
2278, 2495
480, 2601
1535, 1749
2160, 3642
2018, 3963
2690, 2917
4370, 4448
1165, 2630
1080, 1537
655, 3328
1863, 2484
4005, 4541
1393, 4295
2266, 4202
496, 2827
2561, 4363
215, 3191
431, 4845
4072, 4304
3734, 4365
1321, 2766
1160, 1659
1324, 2891
2610, 4487
1880, 2249
2091, 3665
2883, 4890
70, 2181
3241, 4764
4651, 4873
3310, 4959
150, 1921
1640, 4742
2433, 2585
200, 3940
445, 4729
1944, 4776
3705, 4709
1861, 4322
2709, 4788
84, 178
1293, 4614
1324, 2811
927, 3238
1807, 3357
3088, 3375
1150, 1396
1742, 2414
1657, 4728
3507, 4895
2124, 4698
3010, 4928
798, 1008
2125, 4472
2216, 2519
1568, 4554
1818, 4016
2510, 4741
152, 3913
1101, 1862
1470, 1634
1775, 2624
1879, 2890
474, 3790
2387, 3273
2030, 4899
2415, 3174
2478, 3854
3915, 3981
807, 3886
2469, 4213
279, 4488
3213, 4866
277, 4186
477, 2720
678, 2869
824, 3610
1169, 3820
1231, 4849
1518, 2299
3318, 3704
1122, 1809
144, 1377
2873, 4585
2121, 4599
363, 2238
803, 1740
943, 1107
15, 3362
49, 2364
1758, 3932
1499, 2450
1930, 4166
2896, 4536
541, 3484
1643, 2433
2431, 4199
3180, 3821
3320, 4705
97, 1404
383, 4809
1247, 3964
1395, 2529
1430, 2632
2921, 4134
694, 3410
1532, 3466
4570, 4758
1340, 4687
2906, 3552
3065, 3509
2185, 2287
2983, 3842
1927, 3448
1129, 4548
1591, 4526
2350, 3445
2998, 4923
3381, 4246
1193, 2998
1686, 2161
2003, 2785
479, 963
1857, 2360
4469, 4893
235, 3026
46, 1271
535, 4534
2520, 3772
1925, 4613
2030, 3088
3612, 3635
236, 2388
969, 3602
1326, 3438
1997, 3545
2708, 4273
259, 3746
395, 3896
3997, 4594
2799, 4239
2499, 4043
515, 3822
673, 3079
278, 2543
1988, 4785
1538, 3706
168, 2040
1491, 3480
1642, 3650
2841, 3751
3910, 4443
1564, 4583
16, 3534
427, 4479
1955, 3773
51, 2620
433, 3842
35, 1244
589, 2735
956, 2218
1377, 1993
2154, 3925
192, 3843
1799, 4204
2926, 3336
3250, 4714
826, 4151
362, 4569
631, 2776
1547, 2041
2195, 3932
1711, 4363
765, 1062
2793, 2842
3189, 3662
1811, 2207
127, 1167
588, 3473
2448, 3675
2471, 3822
1427, 3127
1540, 3410
3032, 4529
813, 2057
1963, 2711
341, 3630
2440, 4773
3771, 4349
4098, 4972
696, 2034
1092, 2929
274, 4412
330, 819
1101, 4068
3562, 4310
353, 3201
604, 759
2390, 2870
121, 2829
150, 1657
1235, 3082
1024, 3544
1039, 2199
2765, 3578
3186, 3851
1028, 2888
191, 4044
1765, 4556
2875, 2923
729, 2379
1590, 3421
895, 1293
603, 608
1868, 4121
817, 2881
2563, 4965
81, 3693
4321, 4807
508, 3809
3349, 3652
3078, 3971
1825, 2394
4036, 4523
1168, 1468
1270, 4123
793, 4988
151, 4130
284, 2826
2264, 2536
3055, 3440
647, 1943
1389, 3853
611, 3610
1475, 2760
8, 826
2710, 4250
240, 2486
245, 2728
2712, 3728
1684, 4936
4302, 4463
632, 4432
2040, 2493
324, 3427
326, 3081
717, 1050
908, 2251
560, 4580
976, 4548
1038, 1506
1699, 3587
2381, 2602
2654, 3834
4560, 4953
271, 1911
343, 2882
978, 4785
2936, 3518
2477, 4312
462, 4221
319, 4342
1146, 3010
668, 2532
3945, 4922
1605, 4442
391, 4299
1471, 2315
2276, 3564
1909, 3239
2511, 2775
508, 1617
1925, 3719
415, 3779
190, 1600
1375, 3672
1610, 2113
160, 715
244, 1898
2809, 3840
529, 2356
1217, 1273
417, 3986
924, 3438
1400, 2329
202, 2614
1449, 3534
45, 3123
1359, 1631
1572, 2410
3670, 4119
634, 1219
787, 1841
331, 3915
1713, 2040
3836, 4904
2866, 4081
64, 2975
123, 4329
2224, 3626
3862, 4356
1358, 3389
3599, 3635
378, 1805
697, 1833
40, 1156
2799, 2918
1966, 3798
503, 3259
3466, 4134
1328, 2937
1685, 3547
1931, 3425
614, 4879
3341, 4227
40, 1274
1147, 4360
1119, 4943
591, 4582
2412, 4492
1796, 4052
140, 3007
440, 3524
265, 2664
1883, 2603
1756, 2421
2322, 3070
3894, 3926
542, 4710
3121, 4131
3820, 4850
687, 2390
909, 4181
772, 2037
2033, 3445
1820, 3947
3210, 3567
4080, 4130
1091, 4092
1604, 4739
2166, 3959
1997, 2748
3229, 4991
3114, 4355
1182, 3773
3081, 4346
4416, 4780
344, 3377
684, 1608
1935, 4120
4005, 4212
207, 4205
749, 1797
2234, 4721
2519, 2582
1609, 3314
3430, 3573
1643, 4561
96, 574
149, 3680
219, 280
1883, 2085
1028, 1697
434, 4985
227, 4567
2199, 2607
1189, 1457
306, 3300
1600, 3557
526, 3805
155, 1365
3151, 4198
513, 4174
4054, 4329
1440, 2959
47, 4223
1942, 4752
4296, 4492
549, 2487
1746, 4927
1960, 4836
4547, 4563
1713, 2782
1432, 3621
3878, 4573
1980, 2767
2891, 3932
454, 4138
891, 1074
2131, 3148
2157, 3994
2551, 4641
4705, 4967
1004, 1680
294, 3884
2873, 3355
1011, 3404
82, 4572
4806, 4957
1957, 3369
83, 2062
2304, 2368
2686, 3543
184, 2294
27, 1816
3280, 3342
919, 3272
2353, 3332
1700, 3720
553, 832
859, 4122
2155, 4677
2533, 4682
463, 1680
264, 2082
2143, 4049
2710, 4954
1498, 3291
2128, 3517
2115, 2690
1369, 1908
157, 1798
666, 3685
1652, 2938
2790, 2943
1152, 1464
396, 2293
375, 4435
2922, 4104
1014, 2386
205, 2658
290, 861
855, 2308
499, 1923
1579, 3751
3192, 3868
1009, 3053
3091, 4829
4123, 4337
2749, 4772
516, 3516
3872, 4179
2871, 3685
968, 2833
3577, 4934
240, 3926
1109, 3948
3322, 3517
120, 4615
730, 1414
1241, 3905
3949, 4569
2825, 4339
1144, 3928
86, 1367
4153, 4427
2705, 3130
3749, 4041
31, 1284
1562, 3932
56, 2850
1427, 2371
1439, 4410
2448, 4723
1253, 4787
371, 3158
2316, 4401
722, 1060
994, 1320
2043, 4721
4834, 4916
4480, 4638
2292, 4404
318, 1830
1263, 2020
839, 4162
841, 1925
1978, 2976
677, 750
2564, 3918
267, 1125
993, 3811
288, 2435
1346, 3307
3894, 4887
179, 3187
1333, 3783
1562, 3849
1067, 2869
818, 3780
92, 2418
1313, 4798
2466, 3150
615, 953
174, 1342
2109, 2295
270, 1806
858, 3556
2081, 3483
1170, 1831
2935, 4140
3282, 3698
569, 781
3503, 3559
878, 1496
3064, 4316
2734, 4172
1259, 3411
1643, 3505
162, 3008
2572, 3643
2680, 4647
1431, 4355
1209, 1418
4631, 4941
980, 2955
304, 497
3550, 4492
2345, 3083
194, 1394
808, 4288
1032, 4270
8, 1936
2524, 4744
441, 3186
1762, 3463
566, 3509
4865, 4955
1775, 3363
3632, 4461
3228, 4823
127, 1784
1470, 1768
869, 2786
174, 1106
1340, 1601
3770, 4023
654, 4858
1099, 4424
2908, 4433
201, 3238
1515, 1889
1159, 2674
4640, 4664
405, 1722
1135, 3655
1545, 4944
3735, 4906
2504, 3671
1574, 3042
407, 1170
1366, 4830
2652, 3216
780, 2369
3986, 4331
1344, 3981
1318, 2655
2192, 3103
2349, 3439
1364, 2949
1517, 1807
831, 1255
1864, 3460
3292, 4342
3461, 4883
75, 4671
821, 3637
1451, 4525
1882, 3434
2050, 3827
2355, 3950
372, 453
544, 2611
2852, 3709
3538, 4082
473, 4139
886, 1764
1366, 3009
395, 1088
1621, 2057
792, 3348
1821, 2596
710, 2252
2860, 3388
1413, 4076
2951, 4769
613, 2675
1323, 3816
1793, 3690
3063, 3454
1821, 4526
1153, 4815
987, 2492
3367, 4577
1105, 4298
1689, 2798
1589, 1814
946, 1698
2120, 4278
2594, 4277
2839, 3753
976, 3649
1205, 2739
1159, 3832
896, 1627
2737, 3070
3288, 3661
2031, 4262
2946, 4694
1181, 3676
3661, 4483
3916, 4648
2534, 2697
1554, 3935
360, 2494
1788, 2229
180, 1684
1294, 1543
79, 1625
617, 2424
25, 3475
2472, 4968
276, 3677
