1.349489
2, 74
3, 18
5, 88
12, 68
35, 49
43, 99
8, 61
34, 55
54, 74
64, 65
16, 68
63, 72
7, 86
43, 84
25, 38
25, 32
9, 69
23, 45
18, 59
70, 79
37, 53
9, 36
9, 17
49, 68
38, 43
8, 38
3, 32
25, 47
17, 60
55, 75
7, 56
18, 74
29, 30
12, 15
36, 43
63, 70
81, 99
25, 35
40, 58
30, 99
83, 88
5, 35
54, 92
59, 93
32, 97
46, 58
56, 88
37, 60
47, 87
10, 45
32, 40
2, 23
44, 89
12, 55
6, 59
22, 58
83, 95
5, 48
33, 55
9, 73
32, 42
14, 88
62, 63
2, 4
17, 98
31, 59
51, 94
1, 45
41, 97
67, 75
89, 98
0, 89
11, 40
60, 91
35, 94
66, 75
60, 64
0, 85
27, 80
78, 88
50, 61
43, 52
24, 64
64, 79
16, 90
55, 76
27, 32
57, 95
31, 82
23, 71
0, 39
18, 28
20, 91
52, 96
21, 56
31, 77
26, 73
5, 19
10, 13
