1.366384
70, 2649
1904, 2914
2097, 2473
88, 2277
434, 1896
1274, 2007
1326, 2597
2876, 2878
836, 1626
2352, 2715
5, 2070
223, 2459
481, 1108
1284, 2086
1317, 2228
817, 2242
1946, 2623
131, 2251
663, 1158
860, 2325
1250, 1858
1285, 1825
1349, 2632
133, 1738
679, 2583
747, 2316
759, 1868
923, 1655
933, 1041
929, 941
1681, 1704
2243, 2762
31, 856
870, 1970
903, 1628
1278, 1521
1320, 1402
1390, 1947
1761, 2225
260, 2789
524, 712
1761, 2537
1780, 2423
2066, 2721
276, 2274
1502, 2079
2141, 2449
70, 2471
174, 493
196, 2775
340, 1652
399, 1940
637, 2410
688, 2692
1191, 1567
1246, 1632
1736, 2078
2576, 2721
2778, 2864
956, 2706
1258, 1638
1529, 2872
1750, 2147
2146, 2288
2188, 2355
2461, 2494
565, 2810
623, 1878
2034, 2725
2225, 2758
27, 2778
505, 1638
1758, 2809
2074, 2754
782, 1816
1137, 2312
2507, 2893
2599, 2988
269, 2797
725, 1259
742, 1049
1576, 2667
37, 1041
276, 2727
477, 2573
1111, 1884
1972, 2814
247, 1836
269, 2486
1200, 1658
2416, 2438
2418, 2712
229, 2634
2342, 2519
479, 2170
1082, 1974
378, 1308
400, 2907
272, 1064
606, 699
725, 864
2029, 2975
1670, 2515
1828, 1931
4, 2437
100, 2983
459, 2147
561, 2005
938, 2906
1875, 2049
2510, 2887
896, 2553
2870, 2907
53, 513
314, 2939
1296, 1670
1053, 1912
1856, 2021
1122, 2404
1991, 2667
182, 1882
949, 2429
1411, 1961
955, 2364
1573, 1595
2185, 2782
2404, 2966
2842, 2872
641, 2963
2935, 2941
1491, 2846
20, 211
148, 1281
2021, 2977
2551, 2862
1901, 2608
25, 2239
323, 1295
1301, 2572
1343, 2497
382, 1108
541, 1567
882, 2004
1313, 2412
1367, 1974
646, 2433
707, 2774
855, 2725
1405, 2701
1598, 2960
173, 1786
341, 440
618, 2394
767, 1100
1777, 1960
1909, 2170
2755, 2881
140, 1361
187, 2945
384, 1070
917, 2026
1081, 2716
130, 2116
202, 1337
770, 2493
990, 2689
992, 2255
1334, 2490
1361, 2157
453, 2834
480, 516
1543, 2897
2130, 2173
2265, 2492
323, 546
846, 2118
1130, 2970
1850, 2409
2160, 2590
240, 2061
314, 1605
696, 1116
1230, 2113
1546, 2628
47, 2678
161, 2258
365, 2195
1140, 1264
2363, 2502
706, 2542
1297, 2291
239, 2514
255, 2542
775, 1822
777, 1186
1348, 1608
1378, 2902
131, 1448
379, 2164
1967, 2110
2344, 2702
22, 1816
710, 1945
963, 1333
1714, 2045
303, 592
720, 1484
963, 2855
1962, 2899
1008, 2951
1010, 2131
1207, 2198
1355, 1383
2142, 2739
2325, 2649
445, 1875
449, 1833
700, 1943
1024, 2128
1061, 2586
1991, 2713
638, 1974
714, 2083
742, 2641
1346, 2840
1540, 1622
1833, 2658
132, 2642
789, 1252
379, 515
694, 2357
1058, 2071
1577, 2554
1854, 2286
2511, 2967
7, 2294
37, 2026
187, 1104
2122, 2570
118, 1145
205, 573
379, 1856
402, 1208
1191, 2105
1226, 1287
857, 1066
941, 2468
997, 1066
1079, 1978
1448, 2875
504, 1591
659, 790
695, 738
932, 2987
1190, 1429
1460, 1685
2259, 2756
238, 1630
572, 926
1347, 1835
1432, 1893
1750, 1960
233, 708
473, 1017
780, 1684
675, 1787
858, 1071
1041, 2684
1417, 2801
93, 890
123, 1749
1532, 1867
2914, 2927
73, 1500
1092, 2484
642, 864
923, 2402
125, 2206
927, 1799
2278, 2633
138, 2491
431, 693
1093, 1144
1430, 2382
34, 1601
1638, 2624
1733, 2197
1958, 2522
2964, 2967
421, 2776
920, 1642
1214, 1982
1478, 2572
2027, 2616
2167, 2945
423, 1171
886, 2224
1464, 2635
1770, 2376
358, 2441
500, 1958
511, 1868
1818, 2638
84, 1717
430, 2219
1278, 2586
1609, 1774
223, 1289
256, 1221
471, 1041
522, 2289
1328, 1554
1611, 2541
1778, 2540
1854, 2068
328, 914
1163, 2393
1280, 2766
2579, 2917
814, 2389
1151, 2663
491, 2354
660, 1656
951, 2359
1087, 1947
1300, 1833
1335, 2726
1395, 1894
1665, 2467
209, 685
175, 1002
309, 1039
461, 2322
477, 2540
639, 1442
1351, 2142
1400, 2613
559, 2647
994, 2122
1289, 1450
2137, 2911
2399, 2513
210, 1922
912, 1883
1556, 1961
287, 574
1645, 2201
318, 935
331, 2205
363, 1707
781, 2458
866, 1239
1031, 2254
1928, 2467
18, 639
350, 2524
638, 749
796, 2252
319, 1363
580, 2546
1513, 2876
2465, 2811
644, 648
741, 2772
1247, 1892
1654, 1854
2151, 2216
606, 1364
1091, 1291
70, 1204
82, 383
183, 2173
765, 2133
1005, 1711
1738, 2355
876, 1028
992, 2923
2535, 2861
501, 2727
1667, 2833
1824, 2935
810, 1293
845, 2439
1420, 2021
2195, 2823
474, 2665
648, 2478
956, 1029
477, 1786
505, 937
627, 1611
912, 2313
2749, 2874
101, 180
366, 1578
1384, 2689
2125, 2138
20, 1600
765, 970
1006, 2954
2013, 2557
2069, 2492
773, 2847
860, 1554
1828, 2847
2333, 2896
2153, 2729
192, 2894
487, 2262
712, 2103
2231, 2520
32, 130
308, 1135
629, 2895
996, 1719
2281, 2459
260, 2509
730, 2700
770, 1188
862, 2947
887, 1657
1002, 1887
1379, 1706
1803, 2777
1894, 2295
352, 1135
440, 1613
629, 1186
633, 2369
910, 2633
234, 2222
881, 2751
1421, 2596
288, 318
392, 2789
523, 1391
1601, 2830
2006, 2710
2032, 2772
183, 462
407, 2192
944, 1412
969, 1188
1246, 2205
2293, 2624
368, 1067
396, 2011
543, 2066
743, 2059
1466, 1962
1524, 1812
97, 866
762, 1992
762, 2514
1639, 2790
2656, 2876
149, 1327
1082, 2323
1696, 1879
720, 1209
900, 1209
1003, 1296
1368, 2319
2492, 2627
2879, 2978
119, 1543
488, 1593
1140, 1418
1974, 2237
1983, 2769
46, 969
159, 1681
499, 2997
1015, 1230
1250, 1390
68, 2911
293, 2318
362, 1475
497, 1457
1999, 2305
2068, 2130
493, 1324
79, 263
107, 1612
1052, 2897
1145, 2054
1251, 2676
1936, 2820
370, 1180
577, 2898
991, 1856
1426, 2155
4, 766
215, 2145
282, 2033
381, 1132
1660, 1797
1142, 2332
1591, 2316
1732, 2997
399, 1024
665, 2007
2013, 2258
37, 73
334, 1008
1591, 2150
776, 1657
962, 2819
1970, 2991
741, 1107
1013, 1573
1547, 1900
1926, 2511
185, 1581
586, 2493
1060, 1591
77, 2093
321, 2962
760, 2319
1140, 1243
299, 803
612, 1041
1197, 2977
237, 1436
293, 815
441, 2666
717, 786
545, 800
887, 1313
1216, 1851
218, 2351
913, 2639
929, 1615
233, 1284
1374, 2382
1553, 2287
2847, 2923
547, 1806
568, 1770
624, 1849
63, 874
655, 1979
251, 488
954, 1738
1020, 1718
1260, 2489
226, 2141
426, 2989
1916, 2721
2643, 2757
1185, 1252
1317, 1772
8, 1259
410, 1574
630, 1189
812, 2533
1378, 1982
1656, 2227
72, 622
247, 500
427, 463
468, 1100
915, 2951
1393, 1509
1841, 2609
680, 2810
1330, 2018
2171, 2939
2319, 2914
159, 2890
793, 2723
848, 907
730, 2423
2423, 2496
121, 2693
552, 1020
1358, 1431
1626, 2774
1002, 1395
1110, 2411
1587, 1849
131, 1310
312, 2921
360, 522
468, 2834
1148, 1178
215, 2164
486, 1067
964, 2104
1897, 2446
1900, 2503
2107, 2531
2746, 2862
119, 616
398, 2420
1430, 2337
1872, 2612
148, 2191
404, 2866
865, 1667
1036, 1130
1604, 2799
2291, 2679
122, 2229
186, 2768
359, 1679
79, 866
222, 688
497, 2740
2201, 2649
1122, 1980
1276, 1620
1483, 1657
1590, 1992
2487, 2673
1528, 2843
1795, 2091
2095, 2420
2171, 2937
144, 2328
831, 1851
1184, 2003
1732, 2053
1952, 2268
214, 981
1189, 1614
1512, 2771
0, 2388
581, 1398
679, 1134
1776, 2336
1865, 2385
2010, 2676
12, 1059
306, 1483
1592, 2242
316, 2833
840, 2958
1420, 2914
1983, 2448
504, 1889
621, 2519
957, 1730
2130, 2988
2154, 2573
101, 940
390, 945
564, 2146
790, 2401
1012, 2098
1529, 1597
1753, 2592
1181, 1476
593, 787
694, 1777
782, 1183
745, 2749
1434, 2146
1615, 2939
246, 855
739, 2724
1063, 2977
1652, 2917
203, 1940
202, 664
226, 878
262, 942
272, 998
886, 2183
161, 1674
912, 2201
963, 2100
1521, 2127
53, 272
87, 1481
98, 1347
183, 382
453, 1497
522, 2199
785, 1449
920, 1682
962, 1202
1877, 2648
477, 1908
521, 2062
662, 1176
2013, 2698
227, 2449
643, 1742
2563, 2878
125, 708
404, 2270
936, 1963
1321, 1932
231, 1584
1561, 2954
2137, 2695
1554, 2380
1770, 2309
1919, 2659
1993, 2090
740, 1155
918, 1851
1133, 2107
1214, 2451
2386, 2550
1084, 1895
1126, 2839
1413, 2087
2026, 2795
157, 1802
1344, 2651
1534, 2783
1661, 1664
35, 2863
563, 1398
1212, 2490
78, 2921
213, 1823
890, 1478
932, 1410
1306, 1431
305, 587
714, 822
718, 2517
2044, 2239
2171, 2590
45, 1126
109, 1072
122, 2851
161, 1710
225, 2848
1128, 1771
1155, 1818
1288, 1574
53, 290
587, 1943
755, 1498
819, 2177
1111, 2207
1248, 2197
1585, 1794
338, 2631
361, 463
654, 1530
2241, 2481
351, 1661
397, 684
572, 846
959, 2738
1513, 2375
1627, 2137
153, 2727
182, 2200
606, 1508
1005, 2300
1069, 1738
1827, 2709
531, 1860
1452, 1500
419, 1079
946, 1193
1565, 2288
1755, 2553
283, 1843
556, 807
1831, 2790
909, 2539
1066, 2093
1468, 1849
2409, 2592
716, 2667
22, 1996
515, 1423
1480, 1679
995, 1748
1045, 1702
341, 1378
1015, 1415
417, 2224
360, 1353
427, 1175
759, 1223
1709, 2977
1771, 2212
629, 2086
873, 1255
977, 1313
1034, 1288
144, 1111
290, 2627
1653, 2355
1984, 2858
53, 1487
488, 2108
1208, 2585
212, 1127
452, 1977
606, 2711
771, 797
2121, 2704
62, 339
618, 2855
1472, 2886
173, 244
238, 1561
429, 1128
520, 2469
2965, 2971
58, 345
312, 933
609, 850
6, 421
178, 411
531, 1497
1705, 2869
2266, 2877
120, 2496
317, 2214
587, 674
45, 819
542, 968
1308, 1531
146, 802
210, 2450
216, 1337
507, 947
1008, 1090
257, 697
372, 2016
441, 1143
452, 1119
719, 2640
1267, 2201
1412, 1765
2111, 2662
2735, 2814
17, 2032
157, 1844
522, 1249
371, 1789
926, 2697
1697, 2856
2345, 2694
2394, 2990
127, 1599
184, 721
304, 1008
478, 2045
1700, 2826
273, 1776
567, 1307
596, 1720
1569, 1956
1973, 2173
1978, 2393
959, 2523
1173, 2897
1401, 2456
1530, 2623
176, 1729
271, 2962
474, 2228
1088, 2274
1575, 2194
2732, 2902
309, 2643
452, 1918
1464, 2105
228, 696
368, 2756
821, 2656
1860, 1870
2240, 2567
2735, 2759
720, 2011
2220, 2322
190, 947
457, 2419
767, 1809
925, 2871
1070, 1899
1359, 2928
1402, 2120
1474, 1613
292, 2629
476, 2286
636, 1348
783, 1726
788, 1645
1772, 2586
112, 1236
1097, 2414
1160, 1437
185, 1588
1875, 2720
835, 1430
1085, 2297
188, 2309
315, 1418
544, 979
825, 1531
136, 981
1096, 2259
1159, 1961
1370, 1932
1490, 2611
1698, 2142
2578, 2930
119, 2615
544, 2441
738, 794
2322, 2344
313, 1205
1565, 2872
34, 613
489, 1859
1232, 2648
1440, 2164
1821, 2521
45, 803
298, 1809
1326, 2873
171, 989
517, 1020
956, 1042
1455, 1652
1617, 1825
2172, 2389
284, 2445
1711, 2640
2055, 2905
2291, 2606
528, 1192
1899, 2809
11, 2248
914, 2650
1040, 2266
1224, 2315
257, 2256
622, 2218
1257, 1540
1900, 2431
233, 424
492, 1568
610, 1573
1696, 2512
202, 2449
449, 2776
50, 2983
126, 1572
672, 774
863, 1679
1097, 1192
1428, 1519
118, 2427
500, 2297
1831, 2249
1321, 2136
7, 2542
473, 1666
629, 1210
2362, 2797
156, 801
371, 1294
522, 2326
558, 1069
628, 1236
1043, 2577
1886, 2125
377, 961
444, 2432
749, 1259
902, 2919
93, 730
531, 2135
565, 744
2434, 2890
459, 1436
1964, 2559
1999, 2048
2714, 2895
1242, 1326
1540, 2223
290, 2527
597, 895
689, 1704
1418, 2458
2510, 2537
139, 539
2081, 2478
802, 2591
902, 1759
907, 1785
1579, 2384
1854, 2767
65, 2700
756, 1872
893, 1509
902, 2807
955, 2103
18, 1925
673, 1836
1762, 2958
45, 1951
282, 2809
570, 2706
689, 1339
886, 1806
962, 1511
213, 2875
742, 2716
1510, 1633
1834, 2149
2483, 2947
611, 1256
810, 1672
1159, 1209
1283, 1480
1294, 1651
1724, 2929
1904, 2058
1928, 2762
2088, 2098
103, 1679
333, 2673
706, 1928
987, 2064
1345, 2119
1394, 1532
1040, 2704
1116, 2944
1384, 2398
1417, 2188
2211, 2373
378, 2807
419, 1877
497, 509
1483, 2541
1914, 1981
2166, 2791
267, 1147
578, 1765
793, 1673
910, 2449
1102, 1177
1199, 1928
1351, 1536
2001, 2649
286, 880
291, 2265
2, 590
138, 1825
711, 1435
1272, 2584
1559, 2220
2464, 2970
331, 1391
606, 1022
1353, 2746
1935, 2544
2374, 2614
2540, 2912
1364, 1523
1551, 2192
2004, 2737
60, 2997
477, 1192
875, 1393
1568, 1893
1599, 2192
2667, 2842
184, 1212
630, 2818
797, 2056
142, 2407
276, 2749
1083, 2677
1089, 2589
1189, 2713
1264, 2237
2457, 2910
386, 2436
1025, 1752
1144, 1718
2194, 2341
181, 804
248, 1358
946, 1435
998, 2534
1073, 2940
2089, 2844
201, 2560
829, 2417
1097, 2308
1188, 1508
1687, 2729
1884, 1957
2266, 2458
340, 2654
1052, 2645
1347, 2643
1355, 1883
1632, 2925
185, 1170
199, 1515
445, 2871
734, 1708
832, 2001
872, 1470
2101, 2112
142, 1867
367, 2771
787, 2792
1091, 1282
1836, 2389
1919, 2004
2246, 2249
110, 2446
509, 549
922, 2706
1051, 1982
1328, 2545
1458, 2769
77, 531
97, 2314
459, 2001
593, 1392
1540, 1651
1910, 2108
2172, 2328
185, 386
1753, 2871
2244, 2417
1433, 2608
1600, 2412
657, 2429
2128, 2909
2604, 2786
9, 1808
409, 2576
649, 2142
1096, 2485
1098, 1557
2371, 2465
2550, 2775
644, 1745
494, 2676
753, 1565
1132, 1478
1928, 2688
107, 1084
188, 847
1181, 1648
1378, 1420
627, 2113
703, 739
994, 2327
1537, 2624
2298, 2703
111, 2765
151, 343
215, 1546
328, 2695
849, 2730
1007, 1050
1523, 1575
1601, 2864
2469, 2556
479, 2813
767, 2901
811, 1425
1291, 2558
1558, 1607
2027, 2257
1530, 2222
19, 1503
697, 907
1362, 2961
1686, 2485
1809, 1920
56, 2236
192, 881
248, 1447
305, 2097
1402, 1986
145, 268
930, 2013
93, 1155
288, 904
564, 2164
743, 2718
937, 1609
1037, 1731
1983, 2350
2316, 2534
42, 2364
173, 1932
246, 2124
503, 2415
1043, 2460
1917, 2862
420, 2351
670, 2195
894, 1246
992, 1331
1657, 1885
571, 2428
1822, 2403
184, 757
310, 2332
1462, 2547
1550, 2081
838, 2582
1088, 1286
1288, 2696
257, 1314
2092, 2122
2450, 2851
266, 311
405, 450
1762, 2530
2654, 2777
74, 1707
330, 1412
1433, 1694
1225, 2110
1354, 2445
2502, 2581
879, 2850
1562, 1841
1585, 2667
2334, 2558
532, 1632
1299, 2725
1892, 2568
179, 2081
656, 1789
673, 1652
1034, 1682
1404, 2163
26, 326
133, 1109
385, 2910
848, 2942
1164, 2289
1315, 1583
1521, 1902
712, 1446
1883, 2486
2794, 2838
480, 2558
714, 1841
1268, 1796
1663, 2184
533, 1128
875, 2667
174, 609
333, 2271
841, 892
927, 1513
1298, 2634
1532, 2049
1573, 2195
2024, 2168
144, 1146
345, 1657
515, 2939
282, 1733
1135, 1254
1297, 2984
1924, 2878
149, 2998
326, 2503
734, 2667
1044, 2081
2025, 2033
488, 2307
583, 2224
876, 1626
1046, 2771
2095, 2888
145, 1443
576, 613
922, 1693
947, 2542
1186, 1887
2343, 2980
50, 1781
1133, 2927
383, 2455
594, 2276
822, 2295
44, 671
694, 2076
790, 1449
1299, 1464
629, 1647
868, 1351
1717, 2186
973, 2989
1147, 2397
201, 1849
273, 1385
1534, 2228
1979, 2694
2093, 2730
35, 2696
295, 1340
1039, 1872
305, 2689
394, 2410
585, 2958
1119, 1260
2399, 2598
2413, 2775
550, 2013
568, 582
620, 912
1374, 1673
1552, 2586
148, 2180
981, 988
985, 1491
1243, 2395
1782, 2267
1929, 2026
2042, 2727
370, 936
430, 767
602, 846
803, 2218
1222, 2218
1787, 1804
2344, 2821
1136, 1626
1977, 2065
2384, 2614
87, 1092
754, 2673
1291, 1578
2042, 2906
2555, 2774
234, 424
536, 2366
721, 2247
755, 1182
1493, 1943
1533, 1989
2384, 2539
264, 493
1306, 1456
2031, 2182
290, 2314
422, 1459
1054, 1974
1587, 1651
97, 431
221, 1556
376, 2029
415, 1013
714, 2053
899, 1023
2029, 2892
2490, 2854
2524, 2954
11, 2267
364, 2333
368, 844
386, 2107
487, 1604
493, 1912
921, 2131
1183, 1621
261, 2329
408, 2655
837, 2622
1678, 2651
1749, 2255
12, 641
76, 2307
180, 2068
472, 1964
599, 1689
1387, 1978
797, 1727
1340, 2167
1524, 2059
1665, 1918
1978, 2389
2357, 2673
625, 1296
765, 851
2287, 2348
2528, 2942
5, 2995
1973, 2605
2185, 2509
2298, 2590
601, 2281
1117, 1782
1597, 2294
555, 2153
1534, 2812
2083, 2647
582, 2799
830, 2830
1718, 2540
83, 1174
1095, 2632
1411, 1511
1575, 2943
170, 1214
639, 1096
700, 925
744, 1837
1679, 2307
248, 2690
131, 2512
258, 1722
704, 897
1623, 2587
1769, 2336
197, 204
204, 2687
280, 954
1067, 2104
1152, 2989
1045, 1425
1560, 2075
2033, 2493
135, 1131
398, 642
861, 2751
1011, 2188
1451, 2365
154, 643
874, 2262
2635, 2933
2833, 2931
409, 2016
429, 1318
519, 1397
1531, 2564
5, 973
179, 2300
338, 1379
450, 1953
444, 1801
979, 2081
2357, 2954
192, 866
2285, 2917
531, 2400
1205, 2579
1379, 1517
1790, 1978
1956, 2435
2215, 2266
649, 1495
767, 1407
1889, 2464
207, 2892
357, 2480
488, 967
922, 2398
1062, 2989
2315, 2560
501, 863
1362, 1967
1502, 2381
455, 2362
819, 2465
1839, 2074
2482, 2749
240, 2313
438, 833
1015, 2612
1219, 2669
1815, 1871
10, 185
442, 2729
563, 2622
663, 789
1381, 1986
1500, 1613
2751, 2799
662, 1824
961, 2630
1386, 1557
1999, 2202
66, 1323
215, 2020
348, 574
1399, 2328
368, 1011
193, 1250
339, 2219
476, 1138
511, 651
706, 1695
298, 1672
839, 1563
760, 2588
1385, 1504
1551, 1567
2233, 2379
1578, 2487
1675, 2635
76, 1960
457, 1370
581, 1307
1054, 1193
2185, 2706
270, 2675
606, 651
745, 964
1491, 2401
146, 2481
636, 1375
956, 1999
1096, 2105
1198, 2256
1831, 2916
1908, 2587
2360, 2723
90, 2350
982, 1258
2416, 2620
58, 1931
80, 1830
234, 2425
1177, 1450
1634, 2667
1782, 2122
131, 1725
207, 1293
588, 2025
605, 1728
631, 1214
1175, 1562
41, 631
867, 2356
1589, 2077
1691, 2203
682, 1001
797, 2237
1193, 2225
1268, 1782
1465, 2150
45, 2911
310, 406
473, 2992
537, 1726
739, 1686
1253, 1684
2298, 2478
86, 2675
139, 2105
548, 1003
641, 2518
879, 1307
1494, 2611
181, 2728
993, 2496
998, 1829
1014, 1869
1564, 2176
1656, 2649
1854, 2636
2139, 2725
2221, 2262
907, 2884
955, 1250
992, 2290
2025, 2446
40, 2540
540, 2138
573, 1317
587, 2459
1398, 2919
1820, 2302
13, 1380
828, 1538
55, 406
1637, 2234
36, 1356
196, 348
1276, 1641
1317, 2680
446, 865
918, 1869
414, 2426
499, 1879
828, 1165
1011, 1396
1172, 1329
1808, 2561
41, 2031
243, 2011
398, 1886
1605, 1931
2001, 2680
93, 586
557, 692
626, 2987
702, 2402
1479, 2961
2684, 2819
0, 1939
261, 2546
1373, 1468
1620, 1899
316, 880
431, 1086
690, 2093
1167, 1602
1584, 1788
2129, 2539
420, 790
1071, 1473
857, 1974
1672, 2277
5, 759
72, 1704
197, 2993
1020, 1968
1430, 2900
529, 1001
851, 1348
1570, 2868
1574, 1922
1591, 2472
594, 1873
992, 2638
1383, 1724
1429, 2537
1678, 2631
91, 2390
188, 379
494, 814
1609, 2569
1952, 2298
344, 461
876, 1495
1327, 2328
1339, 1340
1731, 2888
1910, 2025
52, 562
395, 2101
458, 965
718, 2876
796, 1029
979, 1321
77, 2471
1731, 2066
1996, 2998
2085, 2276
199, 2984
269, 351
332, 761
521, 1839
625, 2833
711, 1504
1272, 2133
1357, 1675
2140, 2345
2269, 2286
2285, 2403
178, 1879
300, 839
988, 1349
1582, 2891
1643, 2936
288, 774
1509, 2848
77, 2346
240, 792
1503, 2544
1838, 2207
1867, 1901
2392, 2636
2973, 2977
1313, 1971
1611, 2370
1727, 2679
2572, 2616
433, 490
774, 1868
1733, 2289
286, 1447
440, 1030
699, 2963
953, 2389
1315, 1961
1898, 2331
1933, 1986
7, 2356
415, 2935
919, 1963
1289, 2029
2454, 2876
168, 1262
531, 717
702, 735
745, 2642
1522, 2978
1915, 2846
2563, 2739
73, 448
82, 2632
86, 2476
170, 1647
797, 1555
2549, 2905
156, 1128
432, 1872
465, 797
588, 1854
982, 1908
1155, 2349
1598, 2459
124, 381
446, 1535
538, 2482
824, 1221
1631, 2378
885, 1664
1061, 1226
1359, 2652
1959, 2300
2587, 2793
963, 1183
1640, 1921
170, 200
305, 852
991, 2591
1356, 1566
1615, 2565
2363, 2868
2399, 2519
125, 2019
284, 737
618, 2582
1649, 2105
838, 1989
1176, 2499
1336, 1740
1885, 2212
2580, 2742
101, 605
921, 1682
1018, 1557
1083, 1598
1993, 2013
1154, 2362
1462, 2809
1502, 2420
1909, 2190
486, 655
1480, 2051
128, 2212
876, 2280
923, 1596
1176, 2830
2328, 2567
268, 964
548, 806
678, 890
1118, 2094
1697, 1726
482, 1855
774, 2870
1067, 1161
1636, 1791
530, 2593
611, 2933
1337, 1789
1842, 2381
2203, 2804
2539, 2557
110, 1632
262, 1569
393, 1382
815, 2298
904, 2184
971, 1837
1715, 2323
447, 540
1098, 2030
2110, 2160
197, 986
198, 2568
199, 2270
358, 1503
1290, 1743
181, 2561
248, 2208
404, 2631
1155, 2148
1842, 1858
224, 1425
416, 1617
2328, 2947
80, 1373
185, 920
594, 1258
619, 2196
908, 1496
1404, 1575
1878, 2046
2237, 2455
181, 1998
538, 2947
585, 1325
695, 2597
2412, 2596
613, 1837
2165, 2888
2854, 2868
134, 2703
595, 1142
1173, 1204
1746, 2245
90, 2089
164, 2677
354, 1173
613, 1454
1021, 2906
1754, 2581
204, 617
258, 413
1724, 2719
59, 2753
1517, 2611
2501, 2804
1557, 1924
340, 1397
447, 2940
1169, 2725
1486, 2958
1851, 2715
350, 1680
1077, 1626
1631, 2733
2643, 2763
160, 1519
824, 2802
1876, 2437
1932, 2208
16, 2798
261, 2453
497, 2017
1320, 2092
2920, 2976
254, 1376
1943, 2832
2686, 2972
50, 526
321, 1167
1104, 1207
1223, 2764
1225, 2552
2299, 2679
185, 2881
399, 870
550, 1688
758, 2077
1102, 1342
1534, 2955
2003, 2422
760, 2273
1607, 2771
679, 1855
829, 1954
1150, 2781
1251, 1292
813, 888
2986, 2999
489, 2567
943, 2709
1733, 1846
1960, 2195
1005, 1785
1651, 1931
237, 1107
807, 2021
980, 1210
603, 2899
1615, 2236
1645, 2774
2338, 2963
4, 224
15, 1380
2097, 2765
390, 695
399, 1186
1094, 1793
1165, 2775
1528, 1608
2097, 2669
117, 2471
230, 925
1697, 2567
2702, 2942
521, 2426
897, 1828
1250, 2304
1847, 2538
308, 2548
764, 1512
1114, 1241
1183, 2619
288, 1811
1247, 2342
2403, 2867
276, 2267
2155, 2726
2480, 2579
38, 2352
69, 2025
386, 2461
151, 660
2146, 2926
1111, 1831
1604, 2683
8, 1231
283, 2244
1600, 1793
1954, 2990
465, 2302
499, 1938
139, 590
842, 1438
1701, 2175
2186, 2645
90, 2001
744, 2088
1235, 2625
1277, 1817
624, 769
1021, 2836
1383, 2846
2470, 2768
561, 2395
1123, 1228
1246, 1568
1876, 2278
1964, 2256
83, 2337
636, 2780
683, 1961
1363, 1962
281, 624
803, 1189
871, 2726
1121, 2527
2127, 2981
827, 2414
1755, 2961
708, 818
2055, 2169
435, 1587
1341, 2877
1820, 2329
544, 2837
1266, 1295
160, 2629
259, 1391
446, 1687
886, 2150
1025, 2664
1275, 2638
1297, 2959
1504, 1566
1547, 1660
2190, 2471
174, 835
212, 2580
521, 889
949, 2636
1549, 1980
2039, 2446
1756, 1808
460, 1652
606, 1751
1233, 1677
1429, 2532
2096, 2698
1067, 1227
1211, 1926
160, 1348
572, 1761
2309, 2427
451, 959
479, 853
1372, 1437
953, 2511
1765, 2959
536, 2467
804, 1988
1636, 1811
590, 2962
1160, 2202
1606, 1612
1524, 1893
1851, 2330
162, 1425
576, 2858
759, 780
1409, 1560
1484, 2502
2056, 2671
1172, 2578
1264, 2463
1792, 2272
2002, 2951
2086, 2175
1255, 2351
1272, 2189
2360, 2785
972, 1976
1343, 2970
1417, 1713
0, 2536
51, 818
681, 1921
1409, 1539
1744, 2048
249, 1363
380, 920
272, 2007
731, 1193
866, 1473
174, 791
356, 1401
1109, 2670
28, 737
456, 2927
957, 2348
1563, 2014
348, 2977
169, 2139
1348, 1390
267, 1860
1650, 2068
468, 1461
514, 2206
958, 1227
1463, 2227
1849, 2234
1906, 2994
347, 2823
377, 2626
1464, 1692
2787, 2825
165, 1460
741, 2822
385, 2666
2132, 2883
150, 1346
1289, 2012
1404, 2217
428, 1124
557, 2846
1332, 2779
538, 1233
1064, 1300
1619, 2327
199, 2953
1106, 2394
247, 2317
344, 787
591, 2175
1009, 1371
1261, 2276
2161, 2928
737, 2467
847, 1158
892, 2393
71, 1418
1231, 2028
1569, 2740
546, 1873
667, 2859
1263, 2065
1320, 2479
37, 385
65, 1118
96, 1973
1380, 2441
186, 977
309, 1182
709, 2603
1109, 2431
575, 1579
709, 1546
1027, 1295
1046, 1406
1125, 1286
550, 2998
974, 2992
612, 1669
1271, 1955
1382, 2062
332, 2877
662, 675
812, 1694
139, 1195
560, 2686
270, 876
1390, 2078
1682, 2583
2233, 2566
1103, 2429
383, 825
1617, 2985
2210, 2742
422, 443
728, 2193
1919, 2242
2256, 2348
1141, 1244
1342, 2332
66, 686
600, 1918
1350, 2036
1356, 2661
1391, 1764
377, 2197
518, 2256
931, 1946
1057, 1164
1533, 2715
1541, 1940
1625, 2365
745, 1075
1141, 2915
1317, 1388
266, 746
1031, 2176
1896, 2165
623, 1595
143, 471
147, 2223
905, 1721
1826, 2493
2318, 2507
254, 2183
869, 1264
2099, 2659
500, 2824
1982, 2641
372, 1033
701, 1249
963, 2354
1236, 2751
2753, 2774
987, 2946
1272, 2949
1445, 2737
1635, 2715
1009, 1744
1120, 2599
2185, 2488
2535, 2891
918, 2820
1496, 1816
2691, 2974
108, 970
1035, 2125
1805, 2994
1894, 2359
346, 2798
501, 2263
604, 1463
1054, 1488
30, 2642
8, 2712
499, 1607
1645, 2682
2315, 2668
196, 364
269, 2072
805, 2860
1103, 2983
630, 1151
844, 1898
1846, 2282
1891, 2100
2022, 2363
484, 734
1366, 2158
2295, 2660
2865, 2866
2126, 2231
763, 1348
1580, 2903
258, 290
404, 1492
408, 2151
732, 2424
1651, 2421
28, 2320
25, 1433
113, 2547
161, 1469
1351, 2513
1617, 1751
436, 2748
1203, 1593
105, 1704
318, 898
1025, 2615
1213, 1396
538, 2411
1032, 2526
1376, 2372
1523, 2402
2430, 2637
141, 417
273, 301
1072, 2096
1616, 1953
1122, 1410
1864, 2830
2180, 2865
2691, 2828
158, 2958
1911, 2900
16, 2284
75, 2526
355, 921
373, 2042
1356, 2561
1709, 2023
18, 2899
227, 1416
342, 1129
370, 1991
621, 2908
1167, 1766
1606, 2110
14, 220
508, 2326
895, 1060
1905, 2693
265, 2135
391, 1028
1179, 2065
1350, 2855
2442, 2837
349, 960
851, 976
878, 1788
312, 2460
387, 2233
492, 2466
1410, 1968
1459, 1829
592, 1862
1298, 2315
817, 2556
944, 2279
1068, 1954
112, 277
484, 1544
157, 2755
571, 1371
1425, 2652
1495, 2993
273, 2692
448, 2340
61, 274
579, 1422
1902, 2196
1538, 1640
1792, 2696
137, 1385
211, 2035
455, 2178
551, 1538
750, 1367
791, 2317
1486, 2923
386, 2484
416, 2284
1767, 2374
312, 1217
433, 2720
802, 1366
1438, 2148
1573, 1949
1719, 2483
32, 1244
849, 1563
954, 2477
887, 2861
2248, 2432
2286, 2752
20, 266
95, 2588
1271, 2034
383, 1166
1472, 2429
157, 1773
2525, 2842
151, 1757
545, 744
1525, 1847
2717, 2826
412, 879
1339, 2143
1682, 1814
1760, 2203
2788, 2833
483, 1052
589, 1254
2302, 2979
256, 2260
812, 1280
1703, 2874
1171, 1536
1316, 2353
1113, 1233
1001, 1096
1277, 2614
195, 995
150, 2826
166, 556
338, 1419
1855, 2347
2338, 2784
2017, 2633
1689, 2376
418, 459
2422, 2483
374, 1049
644, 1241
1671, 1875
1882, 2693
2800, 2823
1, 2809
296, 1590
1369, 2836
554, 2488
1461, 1944
1017, 2542
1470, 2215
732, 1093
520, 830
730, 2924
1243, 2390
357, 614
615, 2961
806, 2075
2791, 2892
821, 2982
1807, 1976
1352, 2155
450, 2114
142, 1424
337, 1941
1439, 2029
47, 2173
115, 541
1032, 2027
1422, 2498
2024, 2699
2440, 2874
1240, 2627
2174, 2342
287, 2841
512, 1023
1128, 2889
1449, 2745
1571, 2584
29, 1854
2102, 2260
331, 2736
1041, 2292
985, 2873
1150, 2825
1240, 1783
1246, 2859
1992, 2034
243, 903
485, 2079
1693, 2230
1377, 1626
1572, 2117
910, 2261
1235, 2277
158, 943
1068, 2396
1304, 1724
521, 1666
948, 2195
1508, 1834
1845, 2139
1948, 2119
1674, 2408
701, 854
2818, 2951
1004, 1839
167, 1344
950, 2510
1190, 1400
2379, 2786
2761, 2797
776, 1514
2934, 2937
477, 2657
835, 2617
928, 2566
31, 1018
170, 795
514, 579
1720, 2459
1504, 2114
173, 1148
988, 2686
1991, 2548
1065, 1066
357, 1007
890, 2260
1911, 2156
15, 2474
650, 721
514, 779
1507, 2797
1510, 1728
294, 1085
1550, 1691
208, 1079
290, 2637
307, 936
1545, 1630
1022, 2038
2091, 2701
449, 826
663, 2447
219, 2586
423, 2918
1795, 2166
2377, 2579
698, 2062
584, 2883
345, 733
407, 1403
2854, 2978
847, 2126
1269, 2818
2415, 2511
1506, 2153
2554, 2858
2098, 2621
2210, 2518
610, 1862
1179, 2773
154, 371
1235, 1950
1569, 2770
44, 628
209, 2829
291, 2500
285, 2019
1166, 2674
1187, 2058
362, 1960
1309, 2930
441, 1798
1149, 1585
1166, 1181
1768, 2967
566, 635
54, 2992
92, 838
253, 2618
803, 1948
2494, 2574
184, 1746
1157, 1440
2628, 2741
242, 2381
866, 2214
335, 1080
222, 1874
907, 2549
2537, 2734
808, 2907
2030, 2084
32, 2892
148, 2817
569, 1659
656, 2585
1941, 2083
172, 2599
1099, 2156
467, 2752
566, 1602
210, 2335
1604, 2681
1516, 1938
1624, 2076
152, 276
830, 2077
1302, 2658
833, 1598
2134, 2221
599, 1303
1427, 2151
657, 2521
792, 2353
584, 2753
799, 1118
133, 1712
681, 1881
2607, 2777
121, 2881
145, 2444
235, 1130
1525, 2528
763, 843
981, 2786
507, 1105
2554, 2986
4, 823
2670, 2936
356, 730
679, 1939
744, 1026
1052, 2015
2034, 2829
2289, 2743
890, 2155
908, 2578
731, 1906
1518, 2754
2635, 2644
81, 725
1238, 1750
1229, 2573
1245, 2632
24, 1561
177, 2504
1362, 2691
217, 1087
1972, 2329
39, 384
403, 2028
845, 1073
519, 2071
569, 2004
1721, 2535
1023, 2095
2520, 2655
1461, 2646
2024, 2154
1473, 2159
2574, 2816
2111, 2759
206, 991
250, 549
1603, 2719
144, 959
322, 1667
327, 1928
1634, 1729
1929, 2264
2721, 2779
1074, 2536
1739, 2845
96, 1945
615, 1089
2247, 2416
1311, 2566
1720, 2060
2433, 2754
485, 1451
978, 1097
1477, 2080
2120, 2575
265, 2226
336, 1930
597, 1131
1800, 2744
24, 1907
1440, 2254
92, 140
1346, 1471
353, 1721
1087, 1586
493, 1631
696, 2613
2748, 2754
1353, 2040
331, 2410
820, 1919
1129, 2814
1220, 1248
360, 1994
924, 1026
1700, 2495
61, 171
325, 1251
1128, 2385
475, 854
733, 1265
1139, 2497
410, 1477
877, 2379
1987, 2289
1157, 2946
2146, 2869
180, 1934
1668, 1847
23, 1196
366, 995
1155, 1501
1314, 2781
2782, 2903
1613, 2710
963, 1413
1201, 2606
85, 2228
1526, 1877
1551, 1848
423, 1038
2716, 2922
939, 1610
1047, 2490
917, 2968
1996, 2747
1000, 2546
2367, 2837
2393, 2602
534, 1536
1010, 1055
1150, 2593
112, 2321
1048, 2362
425, 1134
566, 1871
1700, 2315
2956, 2972
1985, 2214
23, 2733
1234, 1552
33, 906
274, 1142
336, 1259
984, 2075
541, 1336
653, 2945
1196, 2343
835, 2831
189, 1120
853, 1112
654, 2950
2424, 2505
2508, 2893
983, 2164
1572, 1892
1975, 2237
81, 2920
753, 1747
1819, 2163
8, 535
2499, 2965
37, 2952
247, 1444
397, 2441
1206, 1965
711, 2050
929, 1542
2391, 2641
454, 2803
416, 2387
1396, 2601
1703, 2860
681, 952
375, 2443
481, 1237
14, 2077
1006, 1775
302, 856
1885, 2610
418, 2806
535, 640
883, 1805
1408, 2888
722, 1590
1448, 2504
522, 1629
906, 2620
1832, 2522
1080, 1701
652, 1090
1735, 2451
2513, 2744
458, 1743
364, 2358
579, 2101
859, 1552
52, 2748
1279, 1454
49, 1415
79, 2838
422, 1966
1888, 2384
241, 2484
106, 2856
162, 2705
748, 2577
79, 888
1168, 1855
607, 1125
999, 2150
1644, 2916
1739, 2466
2020, 2808
1016, 2179
1240, 2885
253, 2487
495, 1250
1941, 2369
816, 1620
2394, 2672
1206, 1841
21, 197
181, 2057
1077, 1156
1247, 1810
1019, 2968
2760, 2776
231, 645
809, 2873
52, 1323
151, 470
1832, 2853
687, 748
369, 1511
1262, 2108
200, 1927
1379, 2373
677, 2968
163, 1099
775, 913
1171, 2750
1235, 2731
188, 2018
677, 2209
754, 2443
129, 227
1153, 1700
1460, 2211
426, 2852
1030, 2595
89, 1826
144, 632
509, 1200
768, 2221
1866, 2755
116, 916
1737, 2414
120, 1270
724, 2589
1288, 2368
347, 439
729, 1990
2307, 2722
1322, 2779
1115, 1665
969, 1453
2156, 2405
1699, 2519
1076, 2754
40, 2796
1105, 2406
2283, 2999
651, 798
1646, 2520
239, 1990
252, 709
777, 2238
364, 752
2233, 2516
608, 833
912, 1913
162, 454
475, 2115
794, 2898
481, 1937
961, 2805
388, 2685
1857, 2729
57, 2390
395, 1779
939, 2149
1139, 1716
324, 2106
1637, 2303
603, 2193
89, 2109
723, 2285
965, 2519
2051, 2938
2043, 2078
2753, 2913
1299, 1505
1948, 2296
1215, 2796
26, 2310
74, 801
320, 2289
810, 2162
384, 901
1456, 1840
279, 2994
864, 2600
355, 2123
243, 1365
1532, 1914
1305, 1497
307, 2835
1942, 2148
513, 1389
43, 1293
245, 1901
1387, 2073
1467, 2666
278, 282
506, 2726
1991, 2235
116, 610
713, 851
634, 2924
1861, 2087
837, 1414
1349, 1890
1863, 2126
736, 1145
986, 2948
1365, 2361
553, 2000
961, 2181
1016, 1224
357, 2106
598, 1928
297, 2260
275, 1796
1077, 2008
2333, 2685
658, 2576
751, 1575
647, 2408
155, 1647
470, 1319
971, 2204
917, 2037
1105, 2475
246, 1969
934, 1441
1147, 2653
469, 2625
1360, 2980
1442, 1807
1836, 2708
1975, 2815
389, 508
542, 1931
593, 1880
343, 2232
344, 527
2127, 2506
691, 1322
1520, 2280
776, 2562
510, 1831
676, 2233
114, 265
1527, 2561
637, 1441
666, 2868
230, 891
2705, 2904
966, 2806
689, 1338
1709, 2063
1818, 1903
1690, 2028
218, 2306
16, 1489
464, 1787
3, 2465
1174, 2882
104, 2605
724, 911
1662, 2377
498, 1178
67, 1257
1485, 2530
64, 1162
471, 2312
727, 2649
1228, 2490
99, 251
952, 1995
867, 1056
345, 975
302, 2047
113, 778
779, 2324
289, 1681
2000, 2095
1974, 2543
1273, 2876
796, 2969
784, 2138
1194, 1687
437, 1381
1686, 1734
1813, 2240
349, 2052
1218, 1497
1482, 1689
64, 930
2163, 2996
251, 2849
1078, 1547
179, 2594
502, 1369
2052, 2154
50, 2462
705, 1674
2045, 2668
94, 2950
1452, 2009
834, 1038
2082, 2574
2311, 2986
658, 2571
496, 1781
1548, 2856
772, 868
241, 2187
102, 256
1122, 1618
486, 2383
401, 1553
485, 1923
702, 2067
1347, 1594
2213, 2967
661, 1181
525, 1107
2041, 2832
668, 1896
236, 1783
48, 2636
2060, 2957
2271, 2932
2071, 2707
1236, 2857
1676, 2378
983, 2452
1006, 1312
884, 1799
191, 2795
669, 1327
329, 586
1185, 2250
466, 777
232, 1474
715, 1597
1403, 2253
1414, 1723
203, 2301
1012, 1852
2305, 2880
185, 726
53, 2152
2339, 2971
348, 1683
1598, 1784
291, 1124
2529, 2729
2203, 2827
623, 2144
1524, 1741
194, 897
1348, 1853
1101, 1801
901, 1763
1997, 2219
1499, 2031
581, 2275
