2.404891
523, 874
808, 974
160, 865
408, 665
67, 986
228, 485
349, 629
52, 614
328, 342
227, 354
96, 321
38, 210
216, 554
87, 349
498, 562
7, 153
782, 804
503, 760
710, 835
682, 714
728, 875
79, 452
368, 601
513, 910
164, 434
29, 65
472, 759
839, 892
434, 603
351, 436
315, 435
100, 198
244, 291
94, 891
109, 916
316, 694
391, 694
74, 96
46, 768
79, 183
164, 545
57, 535
630, 691
230, 969
69, 976
173, 802
821, 824
215, 764
330, 904
128, 662
356, 492
237, 956
313, 684
289, 844
807, 817
234, 339
27, 665
166, 968
177, 640
308, 929
410, 758
648, 972
30, 929
612, 830
144, 974
743, 854
419, 737
353, 430
246, 821
807, 986
348, 635
398, 601
212, 494
752, 914
698, 738
413, 606
441, 751
138, 621
81, 429
444, 601
0, 649
288, 796
70, 412
192, 369
67, 867
60, 446
832, 885
36, 345
53, 659
324, 684
153, 331
243, 454
530, 548
19, 837
118, 465
560, 990
128, 401
41, 980
140, 990
10, 365
218, 934
279, 667
494, 882
653, 974
219, 677
336, 644
134, 474
484, 963
11, 750
484, 613
366, 914
383, 878
227, 377
7, 742
116, 402
171, 641
500, 851
189, 383
313, 820
349, 872
375, 488
130, 574
359, 415
541, 569
61, 210
267, 950
8, 875
129, 487
228, 425
452, 501
228, 624
354, 566
82, 100
593, 647
482, 748
415, 624
139, 522
536, 898
356, 576
510, 803
124, 481
93, 293
360, 711
273, 504
80, 873
7, 370
39, 915
96, 290
284, 882
141, 213
288, 423
176, 659
538, 951
161, 831
225, 482
52, 458
133, 883
482, 985
86, 604
196, 995
821, 847
819, 910
560, 949
355, 695
762, 973
351, 410
620, 835
200, 297
379, 924
116, 384
67, 223
190, 371
318, 416
9, 823
537, 547
41, 865
74, 329
28, 865
570, 836
104, 230
359, 895
767, 909
575, 775
790, 955
149, 575
325, 760
16, 403
596, 791
176, 766
117, 307
162, 706
6, 624
64, 109
128, 384
267, 671
55, 439
24, 634
927, 932
176, 325
425, 456
160, 497
632, 789
226, 396
494, 539
391, 680
314, 588
389, 453
66, 546
392, 561
913, 976
361, 736
172, 246
322, 761
43, 208
192, 735
54, 611
819, 827
81, 338
8, 355
222, 284
178, 476
521, 723
675, 985
568, 637
422, 987
656, 966
472, 819
65, 989
182, 862
49, 983
93, 741
177, 610
73, 351
778, 969
94, 938
346, 725
98, 161
96, 929
648, 745
307, 713
56, 899
615, 817
23, 871
123, 367
668, 873
745, 770
534, 668
142, 358
519, 972
83, 224
281, 326
79, 860
134, 669
805, 808
287, 961
288, 447
104, 249
691, 994
13, 983
479, 789
477, 619
440, 761
27, 598
115, 438
338, 351
22, 252
117, 825
476, 560
40, 842
314, 438
514, 572
46, 211
338, 811
55, 58
154, 229
183, 792
248, 264
865, 973
804, 848
427, 478
827, 986
202, 761
232, 770
789, 963
45, 181
129, 668
438, 807
93, 144
86, 539
160, 559
468, 887
440, 919
684, 845
367, 385
181, 859
45, 260
371, 813
597, 876
319, 919
0, 389
566, 665
743, 783
137, 192
478, 835
1, 731
821, 855
609, 793
2, 176
829, 874
4, 652
463, 916
464, 619
132, 491
175, 790
101, 541
26, 397
80, 446
136, 514
334, 591
348, 489
378, 381
85, 647
671, 946
780, 949
706, 919
139, 751
22, 533
119, 980
307, 388
249, 665
483, 889
182, 743
326, 823
154, 597
218, 872
883, 974
510, 853
583, 828
260, 299
40, 862
0, 981
55, 928
259, 383
198, 259
543, 858
683, 813
493, 739
674, 931
28, 892
89, 724
213, 336
130, 308
96, 490
173, 246
345, 924
215, 682
51, 132
226, 260
447, 614
230, 347
207, 668
496, 739
30, 145
601, 675
144, 844
655, 774
243, 738
245, 777
478, 498
442, 727
107, 764
190, 768
167, 792
246, 498
628, 847
474, 818
334, 916
139, 421
300, 604
668, 920
612, 837
581, 820
718, 886
192, 248
24, 725
301, 944
181, 593
241, 698
112, 468
828, 886
493, 710
266, 281
578, 727
47, 987
525, 996
331, 911
732, 827
129, 412
167, 883
285, 951
264, 352
224, 305
19, 444
636, 733
138, 348
76, 157
165, 510
204, 611
89, 422
550, 586
459, 598
696, 977
215, 477
26, 266
330, 332
304, 845
263, 750
49, 168
158, 699
201, 343
405, 633
146, 478
605, 772
807, 877
718, 948
453, 923
574, 982
316, 411
205, 935
173, 796
726, 901
156, 900
454, 610
460, 498
516, 565
353, 825
280, 922
165, 897
364, 930
186, 528
87, 631
128, 984
100, 225
911, 984
121, 746
487, 565
319, 946
13, 895
324, 824
607, 608
70, 290
208, 904
952, 964
296, 959
79, 274
697, 987
784, 916
59, 336
779, 873
343, 462
415, 723
327, 542
454, 771
578, 768
563, 607
11, 821
489, 661
751, 817
426, 512
524, 714
64, 428
158, 664
3, 49
131, 734
877, 926
174, 650
44, 66
101, 872
183, 385
557, 748
276, 859
526, 933
677, 998
335, 920
446, 537
201, 876
274, 550
205, 698
650, 961
355, 506
290, 897
171, 562
145, 164
554, 648
39, 383
92, 790
104, 768
41, 853
380, 743
392, 997
765, 808
260, 497
501, 524
194, 365
64, 528
630, 987
65, 678
706, 899
514, 614
185, 392
458, 468
398, 788
60, 378
773, 891
622, 815
756, 958
808, 903
37, 755
528, 822
415, 577
688, 987
56, 821
324, 461
68, 179
118, 987
796, 826
176, 436
339, 505
234, 669
292, 434
48, 497
209, 898
457, 882
52, 274
208, 242
131, 803
152, 761
590, 810
284, 853
6, 977
764, 952
665, 858
151, 204
718, 984
282, 767
724, 958
407, 534
312, 755
443, 983
681, 821
445, 544
363, 901
371, 847
282, 552
161, 750
802, 907
681, 828
15, 73
319, 814
268, 675
774, 863
217, 706
74, 349
389, 738
114, 324
233, 731
40, 840
167, 870
211, 380
111, 761
523, 551
576, 702
691, 778
40, 372
69, 582
155, 220
733, 783
175, 451
748, 819
48, 491
147, 746
338, 468
438, 726
16, 714
167, 375
573, 842
69, 238
707, 982
9, 580
381, 807
201, 222
288, 755
378, 941
840, 894
393, 751
591, 875
236, 338
465, 576
296, 626
312, 929
14, 260
302, 712
250, 312
33, 571
269, 765
309, 539
80, 178
232, 821
564, 886
233, 838
19, 191
460, 590
521, 718
277, 424
689, 738
242, 671
833, 861
28, 795
376, 799
16, 763
479, 808
638, 939
200, 319
237, 533
42, 832
75, 572
129, 715
408, 536
12, 154
849, 948
638, 738
462, 871
380, 579
295, 594
367, 940
241, 976
668, 852
142, 711
455, 612
105, 860
508, 800
382, 744
169, 415
472, 861
130, 445
232, 504
451, 937
286, 371
323, 556
868, 939
155, 425
546, 811
210, 866
71, 892
690, 851
448, 841
221, 289
49, 971
193, 395
799, 842
69, 795
417, 590
731, 818
632, 906
157, 769
525, 915
35, 396
493, 694
45, 414
10, 225
666, 805
217, 553
746, 797
15, 357
326, 421
499, 971
254, 638
322, 953
406, 745
306, 789
103, 306
786, 947
311, 918
260, 851
379, 609
192, 484
637, 932
626, 733
214, 688
385, 651
853, 917
159, 930
289, 705
255, 615
4, 637
166, 806
649, 962
174, 798
791, 906
518, 558
63, 902
626, 709
22, 465
346, 746
353, 839
5, 361
372, 979
227, 424
344, 405
670, 985
136, 736
289, 822
8, 55
171, 890
670, 800
111, 957
121, 372
223, 687
474, 865
232, 635
1, 310
770, 836
83, 147
170, 548
698, 721
174, 364
238, 285
765, 884
584, 734
315, 745
405, 588
709, 954
310, 589
409, 712
330, 645
40, 278
152, 639
495, 954
187, 933
679, 976
659, 922
18, 879
729, 776
366, 724
48, 571
400, 826
592, 866
586, 757
92, 630
76, 101
178, 253
720, 808
524, 660
141, 757
544, 600
106, 581
150, 708
110, 423
187, 896
95, 834
634, 938
270, 801
51, 184
67, 618
77, 397
168, 832
380, 609
438, 605
79, 927
252, 700
521, 561
487, 587
690, 991
507, 645
364, 518
289, 989
282, 430
395, 632
618, 880
633, 646
151, 758
382, 431
32, 860
34, 488
430, 848
63, 681
91, 405
143, 317
123, 943
466, 900
357, 540
179, 959
199, 688
256, 384
188, 754
502, 818
142, 680
270, 497
183, 535
108, 944
209, 470
787, 967
953, 965
298, 569
110, 625
102, 827
387, 854
319, 608
168, 846
496, 627
113, 173
262, 847
156, 283
595, 684
36, 50
374, 694
165, 672
155, 382
170, 975
22, 432
314, 520
72, 195
80, 667
252, 719
118, 518
52, 585
219, 683
564, 888
275, 547
960, 962
157, 295
208, 747
693, 856
30, 774
161, 699
729, 730
495, 548
241, 674
567, 795
226, 239
90, 876
404, 428
136, 245
787, 812
456, 509
215, 970
246, 843
601, 881
203, 518
95, 141
515, 650
157, 419
189, 542
108, 961
255, 692
729, 814
373, 866
244, 868
341, 446
229, 816
231, 812
125, 291
203, 740
521, 900
580, 874
789, 815
467, 961
234, 912
205, 966
576, 617
258, 550
97, 163
20, 78
362, 662
126, 663
417, 908
196, 718
317, 480
241, 942
785, 887
830, 879
124, 288
149, 893
257, 277
197, 419
633, 992
25, 193
188, 993
341, 869
73, 469
206, 770
125, 333
21, 296
491, 850
144, 150
663, 820
122, 958
149, 822
261, 485
5, 549
1, 231
489, 602
237, 311
394, 870
426, 815
399, 758
827, 999
780, 905
921, 990
346, 676
271, 678
141, 654
509, 925
267, 556
78, 577
397, 409
511, 571
342, 562
704, 913
61, 765
433, 465
228, 606
303, 492
340, 952
240, 939
449, 533
17, 934
272, 320
247, 928
188, 449
143, 852
493, 703
120, 341
418, 559
164, 195
350, 989
517, 873
224, 337
531, 820
623, 703
634, 988
183, 947
306, 809
135, 623
184, 187
163, 169
616, 849
358, 686
180, 678
84, 854
394, 978
241, 945
658, 954
272, 899
671, 794
386, 551
127, 659
204, 936
348, 529
201, 693
299, 685
619, 889
398, 437
383, 722
467, 753
405, 599
416, 795
294, 368
411, 717
420, 519
527, 639
111, 701
643, 913
41, 673
216, 235
148, 779
716, 920
642, 673
821, 841
574, 857
490, 781
49, 88
238, 450
749, 948
427, 806
296, 657
471, 531
167, 390
265, 942
486, 920
99, 841
473, 796
90, 475
555, 707
330, 532
31, 605
251, 353
62, 907
556, 864
