1.342238
191, 218
196, 1956
212, 3926
957, 4214
1935, 2402
13, 2436
196, 1947
358, 4075
1656, 3947
1734, 4763
2070, 4596
2392, 4417
118, 2603
466, 2853
792, 4415
923, 3435
948, 1054
1445, 3342
1547, 2952
1636, 3543
2325, 3199
2432, 2810
3441, 4696
3842, 4720
4710, 4711
53, 2521
104, 496
276, 4654
583, 1074
600, 3419
784, 4324
1979, 2505
2041, 4964
2796, 4331
73, 810
159, 911
1039, 2941
1107, 2937
1406, 3344
1943, 2405
2358, 4171
3132, 4870
4300, 4420
307, 4379
978, 2864
1184, 4554
1303, 3527
1511, 4645
22, 3685
179, 2458
604, 1673
827, 3476
1220, 3590
1379, 4614
1406, 3384
1428, 1744
1651, 4983
1806, 4447
2084, 2720
2135, 3834
2555, 3249
3321, 4964
4122, 4696
96, 998
604, 1009
888, 4234
1229, 4466
1454, 2766
1808, 4376
2844, 3069
4305, 4402
87, 3837
483, 1641
725, 2925
1668, 4878
2078, 4408
2351, 4736
3193, 3297
28, 1652
144, 4962
271, 861
367, 1467
527, 2370
561, 1521
683, 3512
1744, 2823
1912, 2626
2268, 4498
22, 739
342, 2862
460, 1079
896, 1747
973, 1309
1344, 4247
1374, 4760
2091, 4647
2649, 3567
3585, 4663
148, 4526
178, 3754
214, 2060
490, 2171
980, 2554
1019, 3988
1564, 1724
1643, 4456
2136, 3726
2444, 2450
2546, 2907
2653, 3927
3061, 4950
3481, 4348
167, 3074
212, 3481
400, 1849
522, 2753
602, 4625
804, 3084
1042, 1969
1050, 3481
1270, 1335
1349, 4317
1677, 2646
2102, 2116
2232, 3285
3276, 3694
86, 4204
116, 4079
518, 1946
847, 919
911, 3173
1081, 2904
1457, 4908
1476, 3079
1689, 4913
1733, 4640
1995, 4184
2026, 2911
2145, 3894
3478, 3636
3996, 4381
4136, 4826
4715, 4839
412, 2998
433, 2437
995, 2363
998, 4179
1183, 2686
1412, 4467
1499, 3515
1541, 3114
4548, 4641
553, 1730
892, 2818
1059, 2539
1474, 3328
1857, 4375
2147, 3275
2201, 3990
2256, 4648
2585, 3893
3537, 4416
460, 4793
1779, 3403
2053, 3501
3094, 4980
3655, 4414
4229, 4722
4245, 4534
131, 4676
163, 471
546, 2688
573, 3719
587, 1554
626, 4956
822, 4491
1177, 4964
1373, 1579
1579, 2190
1661, 4359
2237, 4450
2524, 2636
2778, 4119
2976, 4139
106, 1569
685, 3263
1096, 4330
1244, 4898
1684, 2863
2573, 3745
2585, 4200
2670, 4938
3096, 4273
3796, 4941
251, 2096
400, 1663
412, 4323
707, 3727
844, 3413
1103, 4249
1429, 3894
1477, 4358
1606, 4784
1607, 4435
3982, 4222
43, 298
199, 1628
529, 2898
821, 2238
1384, 4871
1466, 3268
4276, 4771
59, 3497
723, 2532
1478, 2464
1684, 3427
1980, 2709
2131, 3090
2612, 4390
2664, 4480
3199, 3384
40, 4457
131, 4869
260, 1000
413, 2945
419, 4480
470, 3581
1677, 3822
2622, 4959
3345, 3958
148, 4580
593, 3124
664, 3654
1211, 3299
2465, 3889
2775, 4791
3108, 4870
3492, 4881
410, 2886
412, 1604
478, 3189
703, 3092
1001, 1580
1367, 1736
1987, 2265
2188, 4676
2892, 4101
3168, 4320
3377, 3853
3830, 4299
52, 3847
98, 626
172, 2189
334, 486
489, 2330
554, 3349
748, 2976
896, 3766
908, 4650
1410, 4488
1467, 3547
1470, 4548
1552, 2789
1660, 4029
1902, 4533
2150, 4899
2266, 2468
3685, 4206
3755, 4516
31, 3389
52, 66
376, 1435
412, 2096
990, 3121
1973, 4731
2072, 4415
2233, 4575
2263, 3889
3528, 4824
128, 983
254, 4488
931, 2930
1454, 2304
1530, 4932
1608, 2439
1615, 2395
1853, 2564
1896, 4269
2201, 4842
2382, 2519
2857, 3127
3310, 3519
4810, 4840
27, 830
45, 181
816, 4766
1422, 4925
2375, 2394
2432, 3832
2841, 3678
3040, 4990
3208, 4710
3248, 4537
0, 1765
74, 3283
411, 4050
503, 3861
549, 2584
916, 2985
1435, 1503
1736, 4247
2770, 4141
1853, 4238
1977, 2511
2166, 2238
3371, 3649
3741, 4632
555, 3483
779, 4903
912, 4748
1192, 4046
1395, 3520
1585, 2490
1805, 3212
2252, 3207
10, 3898
126, 1478
268, 1667
538, 2407
629, 2841
1394, 3517
1884, 2716
1893, 2773
2253, 2521
2528, 4710
2798, 4720
3218, 4274
3462, 4198
182, 272
845, 3499
996, 3201
1099, 4880
1132, 1663
1291, 3209
1292, 4542
1486, 2092
1695, 4492
2038, 2089
2459, 4152
2688, 3868
3180, 3780
3271, 4037
4001, 4404
96, 737
628, 1700
926, 2111
1052, 4648
1173, 3547
1525, 2534
1633, 3992
1827, 2223
2026, 2982
2175, 4138
2415, 4853
2546, 3105
2550, 4401
2687, 3900
3685, 4573
33, 1897
33, 2190
74, 1512
130, 2757
910, 2044
913, 3490
1057, 2192
1124, 2727
1182, 3457
1266, 2904
1288, 2041
1308, 3838
1449, 1533
1584, 4524
2089, 3240
2533, 2733
3686, 3847
239, 4136
898, 1140
1005, 4051
1607, 1667
3225, 4674
3845, 3952
3873, 4817
383, 1802
410, 4196
721, 2010
1036, 3662
1052, 1422
1168, 4937
1403, 2669
1733, 4693
1892, 4032
2323, 4228
2403, 2692
2618, 2964
2764, 4044
2922, 3153
3644, 4995
4054, 4649
461, 1694
1076, 2673
1123, 2250
1167, 3277
1223, 3612
1240, 1917
1290, 1829
1491, 3524
1825, 4508
1930, 3075
1994, 3862
2254, 3364
2377, 3657
3065, 4194
3382, 3580
3523, 3897
3650, 4119
3781, 4144
4645, 4988
161, 3793
259, 2548
1301, 1363
1308, 1514
3212, 3949
757, 2856
967, 2260
1139, 2524
1342, 2300
1910, 3641
2294, 4799
2327, 3449
2634, 3597
2902, 4030
2951, 3740
3343, 3603
3447, 4146
260, 2203
960, 1306
1059, 2267
1427, 1814
1928, 2036
2873, 4851
2953, 4222
3378, 3687
4419, 4566
180, 3544
999, 2091
1162, 4436
1250, 1904
1333, 3388
1708, 1751
3323, 3419
328, 4703
453, 2415
714, 4484
1798, 2494
1948, 4771
1990, 4277
2235, 3522
2342, 3038
2511, 4928
4037, 4343
284, 3003
306, 3423
447, 2212
664, 706
864, 3342
1447, 3873
2036, 3486
2767, 4835
2920, 3530
184, 4979
557, 643
561, 4995
604, 4117
636, 4361
1225, 2022
1495, 2641
1987, 4026
3048, 4870
3582, 3939
37, 3057
497, 4598
596, 2774
1184, 2274
1811, 2841
2591, 2924
2699, 4838
109, 3802
145, 2312
212, 4130
323, 3018
582, 1813
670, 1934
933, 2164
1315, 1555
2564, 2657
2819, 4059
3303, 4468
52, 2673
540, 2224
1292, 3451
1703, 3719
2286, 2938
2304, 4063
6, 637
42, 4806
221, 2163
580, 3616
1149, 2554
1179, 4963
1453, 2732
1750, 4891
2160, 4718
2325, 4546
100, 2164
110, 437
489, 2838
695, 3637
697, 3781
729, 3666
760, 2296
1016, 4952
1194, 3473
1652, 2862
1894, 2042
1936, 3448
2395, 2793
2478, 2965
3379, 4473
3828, 4481
1442, 2601
1737, 4593
1807, 2592
1987, 3688
2222, 3768
2644, 4780
496, 1403
734, 3843
1526, 2216
1676, 3183
2568, 3835
3474, 4659
70, 1613
505, 1560
564, 4085
788, 3386
904, 1850
1036, 3338
2085, 3951
2305, 4011
3482, 3618
4668, 4772
92, 4725
435, 4347
449, 2517
630, 4519
1111, 4400
1537, 2016
1547, 3969
1561, 2898
1961, 2692
2003, 4002
2908, 4344
3423, 4238
3696, 4484
4130, 4779
411, 4068
485, 1739
709, 3528
1528, 2038
1738, 2675
1743, 3482
1813, 3548
3260, 3742
4477, 4728
411, 1168
593, 2370
628, 2559
691, 2117
732, 4783
1207, 3495
1298, 2998
1419, 2182
1534, 3927
1665, 2354
1764, 3731
1812, 4974
1889, 4083
2639, 2879
2779, 4451
2868, 4443
171, 1974
1224, 1719
1256, 2636
1474, 3739
1872, 2673
1919, 3340
1967, 3859
2378, 4982
3153, 4209
3166, 4958
251, 4145
525, 4625
666, 1530
1124, 1624
1234, 2095
1555, 4240
2514, 2518
2795, 2804
3004, 3041
3449, 4274
4248, 4775
79, 515
87, 527
114, 1118
332, 1818
1293, 2749
3266, 4009
3277, 3679
3532, 4290
4414, 4951
19, 1169
535, 2762
1291, 3875
1426, 1685
1624, 3670
2096, 3917
2349, 3139
2617, 2897
3181, 3256
3240, 4579
3983, 4343
4202, 4275
229, 4851
261, 4105
428, 2886
545, 1172
1344, 3859
1404, 4555
1571, 3386
1742, 4060
2039, 3221
2106, 2832
3258, 3448
77, 3678
141, 4719
425, 4597
854, 1738
941, 3909
976, 1199
1050, 2661
1082, 3474
1363, 4218
1816, 2598
2134, 4804
2613, 3538
2827, 4730
3252, 4431
3887, 4472
3948, 4579
3988, 4850
54, 1269
288, 3455
426, 4653
624, 4110
659, 4684
1173, 1485
1547, 4882
1588, 3616
1612, 1662
2948, 3416
3493, 3516
331, 4501
434, 547
1169, 3241
1371, 4511
1542, 4812
1652, 2823
1700, 3830
2031, 3645
2050, 4481
2833, 3575
3225, 3448
3300, 4923
3515, 3798
3799, 4659
565, 3041
779, 2484
888, 4227
1899, 2760
1997, 3339
2059, 2091
2064, 3074
3812, 3920
4094, 4860
357, 658
842, 858
854, 3659
1433, 3824
1439, 4989
1500, 3563
1563, 3996
1923, 3398
2038, 4322
2390, 2626
2517, 4273
2973, 4694
225, 2425
482, 2827
754, 3221
885, 1425
1250, 2193
1353, 4430
1456, 2882
1630, 2689
2098, 4268
2242, 2495
2348, 3592
2514, 2833
2673, 4852
257, 1789
339, 4944
359, 3045
500, 3855
699, 2670
1035, 3432
1366, 2893
2562, 2623
3184, 4001
3368, 4936
3589, 4514
628, 3037
705, 4646
1231, 3535
1567, 4233
1963, 2911
2000, 3302
2341, 3446
2832, 4240
2980, 3499
3241, 4461
3985, 4125
4825, 4970
56, 336
85, 3960
295, 4754
414, 2122
637, 2846
755, 3858
871, 3218
1029, 2146
1363, 3190
1428, 2908
1825, 4830
2840, 2874
3069, 3449
3636, 4391
4268, 4955
11, 4048
202, 876
471, 1216
495, 693
571, 1587
612, 652
859, 2030
1789, 4229
1824, 3569
2030, 4665
2037, 4886
2167, 4884
2397, 3163
2782, 4830
3377, 3902
3417, 3996
3856, 4521
260, 4797
263, 4485
314, 3057
567, 1784
789, 4713
1417, 3624
1873, 4345
2031, 4896
2289, 4845
2874, 4251
4089, 4296
127, 4503
158, 1817
486, 1074
600, 3691
917, 2418
1466, 1819
1558, 2874
1587, 3627
1640, 3654
2188, 2657
135, 2362
258, 3541
772, 2925
1487, 3053
1595, 2945
1674, 2289
4198, 4920
177, 2621
238, 4122
309, 942
1042, 1686
1216, 1832
1246, 2382
2248, 4841
3296, 4805
3544, 4580
372, 3819
1216, 1440
1535, 3720
1544, 4234
1647, 4703
1921, 2581
2028, 2221
2284, 3118
2498, 3808
2625, 3969
2801, 3019
2876, 3920
3012, 4718
27, 974
123, 4554
623, 4768
648, 941
860, 3573
947, 1625
1041, 2524
1179, 2135
1223, 4460
1843, 1901
3024, 3808
3174, 3451
284, 4957
420, 3779
1150, 3459
1482, 4606
1871, 2688
3502, 4772
4638, 4712
383, 418
2110, 4482
2228, 3126
2616, 4901
3023, 3521
265, 1842
386, 2435
866, 1372
1207, 4741
1488, 3778
1696, 2583
1810, 3343
2195, 3472
2587, 3237
2712, 3763
2899, 3147
3314, 4240
3741, 3869
124, 4587
295, 3576
395, 2821
429, 1585
437, 4516
555, 2240
1034, 3509
1225, 4925
1294, 2101
1963, 3121
2137, 3816
2317, 3795
2726, 3116
2744, 3411
3037, 3460
4059, 4850
4781, 4964
155, 4043
163, 3352
181, 3868
198, 4924
245, 2925
266, 943
433, 2930
1451, 3502
1475, 1547
2696, 3941
2951, 3855
3705, 4423
3759, 4423
4461, 4808
4561, 4642
37, 4864
157, 2851
197, 3206
948, 4906
987, 3808
1220, 4045
1552, 3149
2448, 2997
3207, 3965
3469, 4050
3625, 4414
4581, 4858
4829, 4848
513, 1237
604, 702
729, 1319
1277, 2439
2054, 4841
2193, 4170
4032, 4485
213, 3481
350, 817
620, 2759
923, 1337
935, 2058
959, 2109
974, 3650
1097, 1469
1298, 4324
1462, 4949
1514, 4460
1761, 4232
2255, 2311
2555, 4485
2698, 3696
4423, 4593
4475, 4983
364, 4304
529, 2930
715, 2838
1202, 1735
1462, 3185
1735, 4908
1946, 4910
2163, 3280
3122, 4793
3271, 3573
3305, 4769
3946, 4715
4005, 4862
43, 1454
380, 482
775, 2505
843, 3065
1794, 3959
1855, 2395
1888, 3819
3155, 4589
3574, 4425
3902, 4539
260, 1451
283, 4403
407, 792
775, 3159
1019, 3320
1404, 2311
2089, 4471
2156, 3335
2245, 3910
2378, 3253
3410, 3885
4280, 4668
418, 1383
431, 4410
2140, 4051
2267, 4791
2621, 3146
3595, 3934
4198, 4670
52, 4205
695, 3569
749, 4486
1168, 3777
1586, 2708
1606, 4667
1719, 1811
1759, 4574
1784, 3412
2118, 4892
2353, 3552
3422, 3572
3435, 3944
416, 3397
969, 1012
1039, 4505
1052, 3855
1105, 4412
1269, 4890
1675, 4218
1746, 4464
1772, 2544
1968, 4474
1971, 4694
2322, 3724
2335, 2521
4093, 4346
54, 3218
349, 2875
372, 4353
557, 1634
994, 1960
1215, 4825
1349, 3124
2284, 4274
2618, 4773
3258, 3459
433, 1296
452, 4429
730, 2588
770, 2568
796, 3500
905, 931
938, 4970
1059, 2066
1430, 1792
1494, 2283
1949, 2367
2158, 4607
2168, 4393
2685, 3464
3109, 4109
3450, 4485
3883, 4722
149, 3202
194, 1448
225, 4766
367, 2308
373, 2858
830, 1271
893, 2693
958, 4626
1187, 4726
1557, 3294
1829, 4780
2464, 3927
2887, 3621
2931, 4247
3793, 3986
4687, 4828
110, 2573
126, 4268
772, 3040
1014, 2453
1125, 2917
1476, 2165
1542, 2252
2290, 4715
2575, 4448
2657, 4881
2973, 3311
3149, 4691
544, 2533
924, 2800
1342, 1829
1368, 4091
1731, 4720
1840, 1872
1902, 2137
2135, 3860
2384, 3235
2581, 3941
2812, 4401
3725, 3829
4342, 4983
44, 2199
257, 4747
310, 3952
335, 2460
504, 1283
579, 1744
1751, 2145
1804, 3521
1807, 3121
2521, 3424
2639, 3588
2766, 3932
2834, 3612
3406, 4828
3498, 4029
42, 1841
316, 3879
695, 1850
724, 1304
736, 1472
1062, 3043
1250, 4895
1275, 2830
1370, 1747
1509, 3659
1646, 4626
1857, 2655
1933, 2422
2072, 3341
2504, 3678
3303, 4826
3502, 4857
3588, 4615
3611, 3749
3770, 3939
374, 3883
449, 4827
762, 2046
874, 3978
1095, 1252
1133, 3137
1293, 3386
1492, 2593
1617, 3508
1641, 4671
1657, 2133
1876, 3634
2187, 2987
2632, 2820
2791, 4413
248, 3063
265, 906
388, 4762
542, 1879
1437, 1653
2252, 3996
2630, 4894
2649, 4605
4141, 4155
435, 3851
549, 1543
1007, 3829
1414, 3814
1960, 2926
2655, 3114
3266, 3654
91, 3329
112, 1246
365, 2314
677, 3681
1033, 3586
1141, 2111
1530, 2968
2807, 3067
3384, 4323
3478, 4127
3726, 3804
4201, 4462
0, 3705
410, 965
559, 2980
721, 2618
894, 1355
914, 2512
1054, 3407
1478, 4872
1912, 3824
1918, 4127
1971, 4916
2035, 2677
2095, 2220
2122, 3253
2191, 2333
2660, 2714
2883, 4939
2974, 3391
3710, 3741
3812, 4544
766, 2848
838, 2031
1366, 2301
2018, 2287
1545, 1870
1690, 4183
1767, 3595
1867, 4861
1962, 3796
2165, 4249
2168, 4634
3128, 4648
3234, 3526
3857, 4995
137, 1260
375, 3888
496, 3847
763, 2196
843, 4289
1121, 4582
1442, 4265
1495, 4583
1755, 2438
2192, 4655
2333, 3874
2398, 4702
3670, 3962
4040, 4354
70, 1178
559, 2305
624, 2156
1241, 3517
1647, 2954
2492, 3758
2811, 4056
3209, 3283
15, 2538
163, 475
222, 328
241, 4515
624, 4312
641, 4694
643, 4348
903, 1564
1110, 1304
1350, 3419
2420, 4326
3151, 3371
3940, 4416
80, 2660
121, 3214
150, 1817
228, 4312
756, 806
881, 4124
897, 4605
911, 3356
1345, 2914
1447, 3133
1543, 2463
1556, 3459
2138, 4591
2373, 4000
2833, 3094
2897, 4579
2932, 4037
112, 3617
241, 3722
400, 1012
782, 3454
806, 1476
1019, 4738
1553, 2442
1671, 1690
1824, 4180
2610, 2706
4034, 4477
287, 787
440, 2669
748, 3011
1736, 1921
2454, 3719
3244, 3931
3880, 4955
400, 3696
435, 1391
480, 1230
1042, 3613
1622, 4977
1777, 3428
2485, 3789
2651, 4380
2706, 3415
146, 2433
647, 4530
952, 4409
974, 1263
1170, 3337
1804, 2307
2521, 3629
3034, 4483
3391, 3851
3511, 4021
3522, 4626
4119, 4550
260, 3059
303, 1141
581, 1049
652, 2860
691, 3714
1231, 2104
1236, 4862
1861, 4694
1876, 4651
1904, 2363
2052, 2721
2510, 4560
3456, 4363
3466, 3802
178, 4989
597, 2438
1111, 4636
1436, 4082
1656, 4963
2055, 3059
2902, 4991
3255, 4381
4588, 4774
22, 586
29, 3884
98, 2253
133, 4396
144, 1161
360, 3698
678, 3372
694, 1074
834, 4782
1066, 2205
1121, 3608
1310, 1690
1328, 1531
1483, 1839
1863, 4230
2104, 4249
2510, 2713
2914, 3087
3186, 4066
3407, 4787
155, 1856
1103, 4453
1188, 2486
1396, 2413
1842, 3228
1930, 2710
2064, 3985
2899, 3181
3689, 4204
213, 1536
310, 2819
725, 2007
986, 3696
1181, 3371
1280, 2666
1643, 2626
1867, 2901
2130, 4601
2848, 4808
3460, 4942
121, 1871
233, 2499
265, 2877
455, 1095
1075, 2184
1255, 3061
1616, 4805
1723, 4198
2015, 3134
2193, 2217
2215, 2769
658, 4515
1334, 2517
1491, 3511
1732, 3710
2275, 4033
2716, 4625
101, 4866
276, 3537
369, 4613
566, 3902
920, 2463
1325, 4781
1378, 2868
1743, 3443
2846, 3173
2894, 3851
4526, 4669
103, 3453
277, 1421
537, 3568
612, 2641
773, 1158
1467, 2214
2534, 3577
3437, 4923
4571, 4752
28, 585
66, 4651
167, 1213
663, 4922
848, 3491
1017, 2424
1087, 2394
1330, 4495
2214, 3029
321, 951
444, 2533
509, 2539
961, 2253
1030, 2684
1195, 2266
1343, 3069
2180, 4091
2867, 4015
3409, 4398
3615, 4862
532, 2307
656, 4069
783, 2268
803, 4349
1838, 3283
4173, 4225
637, 4300
683, 862
1035, 2018
1366, 2555
2161, 2681
2462, 3013
2741, 3879
2840, 4954
3304, 4663
4346, 4798
28, 145
28, 2662
129, 3070
237, 1840
321, 1783
679, 713
697, 2559
811, 1920
919, 1587
1351, 2053
1498, 1883
1642, 1929
1698, 4258
2894, 2948
3038, 3059
3430, 3922
3707, 4583
4772, 4877
127, 2368
239, 3524
293, 4189
300, 1634
431, 2824
508, 3456
1109, 1677
1217, 4114
1286, 3126
1581, 2952
1786, 2910
2112, 3466
2158, 3231
2257, 3191
20, 4625
254, 430
595, 3475
890, 1811
1187, 2961
1507, 2586
1876, 4051
2295, 4389
2358, 4584
3174, 3887
3685, 3907
4076, 4271
4167, 4302
4346, 4513
297, 4109
553, 4987
613, 4036
787, 3775
859, 4842
1095, 4583
1124, 3606
1346, 4692
1576, 3017
1885, 2265
2449, 4054
2594, 4301
3127, 3592
3303, 3978
3478, 4909
335, 2034
420, 4956
548, 4374
688, 4587
1027, 3368
1059, 1815
1982, 2916
2386, 3219
53, 2362
158, 2550
366, 1981
538, 3690
871, 1296
901, 3664
1543, 3548
1686, 4137
1849, 4664
2236, 4665
2428, 3762
2602, 4020
4293, 4883
83, 3864
452, 979
560, 1973
573, 3376
619, 657
826, 4375
958, 1245
1297, 2339
1554, 3083
1577, 2985
1687, 3141
1877, 4899
2462, 4810
3361, 3993
3966, 4306
4006, 4759
4181, 4577
180, 3944
318, 2936
555, 3977
812, 3797
1419, 3324
2020, 4221
2091, 4692
2264, 3701
2296, 4235
3359, 4549
646, 3586
762, 1850
1207, 3312
3185, 4130
3697, 3699
5, 2179
631, 4643
646, 3656
864, 3930
1694, 4974
1764, 3722
1997, 4944
2070, 4470
2269, 3627
103, 2765
299, 2106
827, 3059
1541, 3776
1569, 2714
1674, 4996
2586, 4978
3609, 4875
4393, 4433
10, 2387
339, 4289
486, 2741
587, 712
657, 2118
1274, 3823
1833, 2525
1844, 4298
2092, 3464
3205, 4252
3240, 4268
137, 775
206, 3299
736, 896
1159, 2671
1259, 4249
1652, 3884
1691, 4947
1710, 2575
1730, 2787
1787, 4648
2081, 2720
2719, 4633
2922, 3371
3684, 4087
108, 3437
435, 1714
524, 3123
1840, 3030
2066, 4211
2197, 4201
2208, 2458
3151, 3676
4451, 4964
1243, 2325
1369, 2865
1457, 3763
1457, 4138
1546, 4621
1631, 2525
1734, 2941
1776, 3951
2040, 3069
2115, 2283
2221, 2637
2384, 3320
61, 4092
360, 3371
410, 3944
481, 1775
802, 4507
1003, 2736
1005, 4634
1250, 2880
3384, 3494
3457, 4202
3566, 4371
4169, 4517
151, 2144
349, 3320
500, 3462
534, 4535
672, 3770
925, 1767
1578, 2893
1709, 1741
1750, 2222
2561, 2871
3228, 4235
3334, 4043
749, 2718
871, 2307
1041, 2480
1144, 3837
1678, 4917
2560, 3059
2614, 2901
2910, 3475
3178, 3300
4778, 4825
486, 3268
1020, 4396
1233, 2193
1302, 4782
1359, 1641
1366, 2273
1383, 3068
2309, 4244
2436, 4875
2984, 3661
3226, 4598
258, 801
302, 3338
589, 934
593, 3815
674, 1414
739, 3319
1242, 2658
1794, 2839
3332, 4816
185, 4935
339, 1376
486, 2606
565, 3876
2810, 3817
3279, 4567
4182, 4970
4306, 4896
218, 940
396, 2745
643, 3774
1374, 3114
2071, 4071
3104, 4967
250, 4472
433, 2892
1327, 2754
2111, 3518
2146, 3667
2392, 3129
2549, 3666
3570, 3614
3896, 4954
4132, 4653
265, 2008
378, 4790
833, 1545
980, 3627
1423, 4402
1471, 3056
1722, 4856
1970, 4900
2016, 3417
4442, 4731
18, 293
179, 1443
195, 3962
304, 1231
305, 2361
877, 1377
1317, 1731
1384, 1861
1451, 3608
1809, 4639
2137, 2809
3070, 3286
3101, 4636
3437, 4495
22, 1296
240, 2628
868, 3638
936, 4227
1358, 3190
1809, 3107
1861, 4130
2030, 3997
2512, 2767
2818, 4286
3163, 3441
3188, 4640
3691, 4625
3754, 4690
257, 932
477, 2177
543, 1274
814, 2134
1128, 2815
1446, 2076
1598, 3059
1608, 1934
1665, 2970
2538, 4739
3265, 4157
3358, 3523
3452, 4715
3465, 4414
3501, 3679
4744, 4754
174, 4324
419, 1838
634, 4446
779, 2316
796, 3699
1097, 1342
1187, 3286
1215, 3320
1487, 2680
1944, 3738
2020, 2671
3428, 3874
84, 3065
280, 786
808, 3095
1042, 3353
1316, 2266
1798, 2575
2556, 4233
2780, 4544
2982, 3450
3588, 3822
308, 4818
351, 3854
733, 2877
815, 2657
830, 4915
1007, 2874
1050, 1495
1262, 2662
1522, 3146
1970, 4508
4041, 4453
78, 1474
198, 2706
198, 3862
270, 3418
317, 4790
881, 2139
1188, 3546
1301, 1994
1468, 4842
1504, 3182
1624, 3159
1955, 2089
2419, 2680
2573, 3601
2882, 4917
3432, 4333
841, 3354
1841, 4097
2270, 3584
2413, 3242
3397, 4764
353, 3088
363, 2358
516, 3760
740, 3980
750, 2820
1032, 3892
1137, 3047
1684, 3645
1714, 4974
1826, 4645
1949, 3375
1985, 3872
2949, 3064
3263, 4432
4282, 4705
322, 4499
545, 1858
601, 1025
851, 4950
1676, 3281
2354, 3884
2692, 3818
250, 970
368, 1006
815, 1617
915, 4268
1293, 3491
1902, 3979
1932, 3902
1957, 4974
2678, 3863
291, 2099
331, 1783
364, 2152
374, 1064
374, 3421
840, 2100
990, 1698
2198, 3147
2260, 3034
2959, 3412
2995, 3964
3116, 4690
33, 1690
87, 1338
289, 4579
647, 4649
898, 3088
1080, 1936
1190, 1572
1400, 1663
1454, 3064
1727, 3702
2128, 2165
2217, 3441
338, 883
527, 3485
603, 4708
914, 2660
988, 2773
1152, 2036
1250, 3186
1288, 3631
1407, 1480
1828, 3420
2713, 3023
3940, 4350
58, 1125
96, 388
117, 3757
559, 2171
670, 3205
940, 2333
1196, 2621
2377, 3383
2713, 4815
3432, 3987
3468, 3859
15, 4658
341, 2020
359, 1983
685, 4030
728, 2671
1539, 2570
1807, 3869
2754, 3745
3393, 4918
3947, 4828
574, 1167
739, 2324
969, 2492
1759, 4893
2441, 3804
2826, 3619
3455, 4308
190, 4145
220, 2061
719, 1416
1222, 3937
1345, 1571
1577, 3852
2054, 3551
2995, 4092
3484, 3599
64, 559
611, 806
729, 2061
1443, 2245
1509, 2066
2325, 2916
2517, 2696
2695, 4541
2952, 4672
4546, 4892
4691, 4988
39, 258
646, 4153
748, 2255
985, 2118
1081, 3415
1238, 4911
1797, 4376
2082, 4919
2172, 4711
3117, 4230
4340, 4366
186, 2361
305, 4120
851, 2866
1308, 3644
1940, 3434
1989, 4301
2033, 3150
2682, 3536
2970, 4978
4087, 4954
441, 3723
643, 2752
1027, 2151
1434, 3217
1472, 2286
2330, 2416
2853, 3429
92, 2553
117, 3755
473, 2448
714, 2525
1080, 3637
1300, 3682
1611, 1960
1779, 2576
2253, 4060
2274, 2635
3031, 4707
4461, 4595
123, 3786
406, 3875
437, 4495
1090, 1324
1131, 3564
1132, 2316
1363, 1639
1754, 2650
2118, 2288
2525, 4461
3122, 4739
3286, 4966
170, 4274
343, 4769
391, 1298
514, 3350
864, 4947
1086, 3281
1328, 3633
1471, 2257
1774, 3542
2020, 3372
2083, 3251
2310, 4715
2345, 3501
2485, 4039
2584, 3156
3832, 4012
8, 3743
193, 614
436, 3141
712, 1488
725, 1459
1164, 4669
1326, 4255
1365, 3851
1790, 2080
1900, 2089
2165, 4455
2472, 2996
2637, 3486
3645, 4097
3728, 4018
3780, 4880
25, 3631
83, 209
298, 1268
392, 901
664, 4333
747, 2700
772, 1938
787, 1730
794, 4447
1458, 1780
1595, 2166
2412, 4153
2616, 4921
2659, 4362
2803, 4823
3067, 3928
3235, 3485
205, 854
420, 2864
775, 3083
1006, 1340
1181, 2574
1712, 4094
1957, 2081
2020, 2426
87, 3358
510, 2817
963, 2826
1224, 3104
1521, 3313
1954, 2486
2044, 4396
2387, 4295
2582, 3266
3223, 3308
3240, 3449
3256, 4330
3326, 4115
7, 2894
96, 307
191, 2325
420, 2676
492, 706
544, 4536
726, 4759
973, 1494
1056, 3258
1103, 4963
1113, 2003
2063, 4096
2146, 4756
2279, 4917
3110, 4944
3673, 4688
218, 1952
2061, 2153
2175, 3356
2425, 4976
3638, 4674
20, 4111
38, 3951
183, 672
552, 2310
723, 4463
850, 1286
1486, 2098
2108, 4728
3060, 4826
3321, 4863
3771, 4715
354, 3593
639, 4851
1074, 1424
1426, 4143
1462, 4721
1498, 3393
3296, 4099
113, 2867
397, 4378
828, 3509
1502, 1697
2101, 3016
2120, 3323
2328, 3898
3147, 3822
540, 1740
900, 3196
1177, 3704
1231, 2576
1776, 4028
1836, 4023
189, 3478
495, 3336
567, 3051
624, 3014
665, 4433
1304, 3712
1565, 1608
1702, 3576
2608, 3135
2648, 4418
2825, 3252
3122, 3768
3875, 4616
4028, 4276
192, 2869
343, 2876
1181, 1653
1637, 4143
1638, 4008
3115, 3476
141, 2590
577, 2883
832, 3277
884, 3083
1647, 2218
1855, 2517
1904, 3203
2199, 3594
2383, 2869
3362, 4377
3524, 3629
595, 3110
661, 1942
764, 2275
963, 3829
1301, 4496
1628, 4053
2056, 4081
2176, 4846
2817, 3836
2977, 4948
3938, 4997
291, 4854
382, 535
408, 3972
622, 2987
755, 1535
939, 4965
1166, 4509
2191, 2459
2901, 3486
3117, 4195
4177, 4620
313, 2569
682, 919
734, 3126
1018, 3760
1420, 2144
1501, 4975
2631, 2633
2790, 3755
2870, 3341
3523, 4548
3623, 3814
4426, 4843
60, 3756
147, 2947
182, 2894
299, 2775
546, 2991
727, 4366
742, 4024
1073, 1733
1113, 3738
1315, 3471
2948, 4466
3731, 4420
4130, 4624
4151, 4999
226, 3761
402, 1326
525, 919
710, 2797
866, 1940
1391, 4921
1573, 4763
1814, 4692
2529, 4933
2934, 3353
3123, 3692
4612, 4804
248, 4704
456, 2498
1050, 2896
1855, 2086
2766, 4942
2886, 3107
4069, 4810
4270, 4851
193, 2361
719, 1811
772, 3236
1026, 4860
1414, 2549
2166, 3201
2968, 4444
69, 2358
669, 4472
848, 4925
1166, 2696
1260, 3313
1502, 4941
2217, 4318
2335, 3977
2450, 4196
2702, 4442
3300, 4149
3840, 3936
80, 3361
386, 3307
448, 3055
1920, 3334
2116, 2895
3696, 4997
4064, 4251
4270, 4574
35, 1630
69, 3126
473, 522
788, 3592
1250, 1413
1552, 2723
1689, 1874
2196, 4590
2382, 2729
2406, 3980
2554, 3874
2852, 4753
3109, 3298
179, 1306
398, 1282
530, 2505
868, 2892
1344, 2579
1652, 2085
1761, 2153
1990, 3877
2115, 2810
2329, 4580
2753, 4250
3733, 4645
4426, 4789
367, 3972
437, 1767
976, 4341
1108, 3810
1252, 2021
1884, 2501
2042, 4075
2112, 2555
2285, 2590
2487, 3803
2520, 2731
2894, 3424
2972, 4110
3090, 3618
3987, 4810
4096, 4584
1, 3455
218, 2154
702, 3899
838, 3662
1068, 1941
1176, 4927
1339, 2558
1455, 4884
1732, 3072
2154, 3828
2412, 4250
2640, 3213
2696, 4506
2827, 4034
3528, 3868
3633, 4030
3872, 3874
4468, 4837
45, 4016
147, 4265
531, 3724
626, 2815
654, 3214
913, 4529
1185, 4724
2024, 3503
2162, 4355
2365, 3744
2779, 3113
3060, 4085
3354, 4424
3650, 3862
517, 1367
708, 2427
758, 880
1487, 4457
1854, 4373
2169, 3130
2206, 4461
4227, 4291
85, 3356
492, 888
865, 4281
956, 4065
1077, 2716
1305, 2011
1902, 3163
1944, 3123
2083, 4111
2216, 2447
2281, 2649
2389, 2914
2623, 4024
4251, 4397
116, 2208
330, 948
750, 3082
805, 2876
822, 3756
1171, 1394
1230, 3076
1349, 2936
1396, 4117
1475, 3918
1497, 3179
1582, 3722
2893, 4320
2915, 3015
3002, 4753
3688, 4822
212, 1440
304, 2868
447, 1096
724, 1463
1549, 2183
1697, 1861
1954, 2091
2357, 2655
2475, 3781
2859, 3924
3149, 4396
3687, 4535
4102, 4479
4267, 4712
4453, 4775
45, 3636
357, 2129
482, 3129
987, 2858
1059, 4757
1886, 2764
1969, 3432
1992, 2404
2475, 3679
59, 2638
270, 2222
888, 3294
930, 3757
950, 4171
1773, 3455
2476, 2897
2884, 4886
3209, 3714
3288, 3722
3849, 4142
482, 3397
615, 3077
700, 1079
1212, 2894
1727, 3809
1970, 3461
2097, 2434
2190, 3946
2751, 4707
2795, 3666
4380, 4978
123, 2356
438, 1064
999, 2349
1010, 4430
1267, 3357
1313, 2644
1332, 3505
1522, 2731
2734, 2834
2843, 3894
2876, 4612
3261, 3863
4304, 4816
184, 594
233, 410
416, 425
944, 4772
1014, 4464
1655, 4281
1798, 3618
2452, 3063
2472, 4493
2815, 3975
235, 1103
297, 4898
331, 1043
556, 797
1392, 2029
1786, 4954
2088, 3723
2564, 3503
46, 1307
139, 3067
179, 1533
650, 1541
886, 1521
956, 4446
957, 1348
1018, 2671
1713, 3748
1848, 4973
2000, 2861
2230, 4786
2538, 3969
203, 1697
476, 3019
605, 722
1047, 1570
1527, 3177
1641, 1729
1749, 2791
1798, 4823
1935, 3073
2175, 2248
2889, 4400
4487, 4985
189, 2825
208, 1638
1301, 2038
1390, 4329
1585, 3881
1704, 2157
1928, 3884
2049, 3798
2234, 2987
254, 725
256, 2576
571, 1165
827, 1808
902, 4967
956, 3181
1022, 2043
2196, 2475
2752, 4599
3377, 3665
3792, 4943
3793, 4704
178, 2949
306, 4479
376, 3808
858, 2635
1601, 3553
1650, 3800
1689, 2933
2166, 3454
3378, 3672
3671, 4436
78, 1929
503, 3928
591, 2160
639, 4069
1383, 4751
1396, 3293
1509, 2897
1569, 3184
1744, 3495
1834, 4900
1901, 2925
2478, 4934
4066, 4642
45, 1291
119, 571
308, 734
425, 3006
508, 2192
729, 3165
765, 816
1574, 1973
1623, 2244
1852, 3873
3043, 4522
3448, 4744
3654, 3779
3923, 4878
4087, 4639
448, 4889
702, 1492
748, 2424
1285, 2152
1426, 2765
1438, 3272
2356, 3270
2445, 3299
3016, 4299
3275, 4105
368, 3772
753, 4629
1229, 1619
1772, 4042
1844, 2461
2841, 2931
420, 1628
484, 2921
705, 1591
869, 4910
902, 2245
1002, 1812
1472, 4360
1617, 3804
2456, 4819
2931, 4821
3364, 3758
448, 3342
989, 1384
2305, 4803
2590, 4034
2620, 3321
2723, 2881
2745, 4798
2769, 3374
310, 3892
347, 2344
350, 529
551, 2849
568, 2815
607, 3345
679, 873
694, 3396
738, 1922
771, 1915
1106, 1934
2931, 4779
3984, 4302
4074, 4825
332, 3188
374, 2251
907, 2533
1534, 2522
1638, 3125
2468, 2589
3226, 4428
3894, 3947
194, 4293
203, 4785
224, 4980
276, 4304
1296, 3604
1618, 4876
1689, 3960
1827, 3635
2160, 2197
2184, 3677
2716, 4772
2921, 3243
3117, 4999
3142, 4227
4462, 4833
4536, 4583
688, 2261
1432, 2135
2043, 4600
2188, 4247
2233, 2739
2338, 3203
2352, 3017
2704, 3299
2775, 4588
3888, 3974
3926, 4120
4113, 4409
190, 2844
231, 3973
881, 2204
921, 3184
1136, 4294
1414, 3345
1519, 2425
1766, 2759
2562, 3421
2784, 2845
2785, 4719
3139, 3836
3786, 4544
220, 4215
247, 4530
262, 2862
646, 4912
709, 2054
941, 1509
1110, 2989
1365, 1555
1709, 4785
1801, 3114
2317, 4966
2420, 2996
2537, 4838
2876, 4458
3029, 4549
3148, 3473
3371, 3688
3774, 4508
45, 4830
217, 535
429, 1886
1131, 3890
1141, 1221
1270, 3506
1332, 4249
1749, 4183
2027, 2736
2189, 4790
2339, 3597
2400, 4128
2503, 4882
62, 1251
140, 4839
211, 3046
318, 1395
355, 2972
422, 2182
1887, 3172
2751, 3948
4384, 4755
16, 2815
908, 3904
1165, 4935
1699, 4201
2313, 2432
3832, 4037
11, 560
14, 2738
74, 1934
692, 2182
715, 3546
909, 4281
991, 4307
1026, 1434
1085, 2413
2007, 3146
2057, 2910
2124, 4491
3633, 4293
28, 1778
71, 3193
1604, 3684
2893, 3721
583, 4364
795, 1332
1201, 4437
1444, 1450
1628, 2723
1698, 3001
18, 831
312, 3662
662, 3694
702, 3011
1060, 3061
1117, 2015
1255, 2709
1402, 3264
1506, 3566
2153, 4293
2801, 4891
4658, 4704
96, 2162
668, 2091
702, 901
1040, 1329
1542, 3405
1826, 4192
2817, 3138
2903, 3379
3189, 4404
11, 4714
317, 605
366, 1819
663, 1730
1354, 3665
1389, 4597
1449, 1535
1959, 3075
2053, 3477
2242, 2457
2547, 3004
3042, 3940
3130, 4541
362, 3741
690, 4254
703, 2824
812, 4411
1097, 1491
1813, 3180
2607, 4910
2869, 4121
3703, 4126
4328, 4627
166, 3329
414, 2433
817, 4542
1202, 4008
1458, 4950
1953, 4310
1966, 2589
2228, 2562
3308, 3364
3520, 4324
4653, 4734
10, 1185
336, 4439
496, 1340
676, 971
1150, 3168
1437, 2974
1851, 2399
1873, 2359
1875, 4850
2423, 3637
3508, 3583
4091, 4873
39, 3733
310, 414
393, 2106
733, 3834
1388, 2641
1439, 4472
1998, 2781
2235, 2887
2374, 4390
3746, 3916
3760, 3802
3922, 4364
4322, 4731
4675, 4751
94, 2106
137, 1882
158, 4760
369, 4325
405, 2126
623, 851
641, 3704
719, 1345
897, 2921
1033, 1492
1053, 2656
1616, 2729
1907, 4715
3265, 4915
3570, 3728
4030, 4492
231, 1993
626, 2479
698, 1200
753, 3426
780, 1959
823, 850
1452, 4605
1479, 2915
1571, 2721
3056, 4106
4140, 4617
14, 1947
232, 756
348, 1256
788, 2626
962, 1561
975, 2719
1034, 2662
1038, 3476
1301, 3642
1346, 1941
1781, 3756
1924, 2018
2436, 2894
3085, 3714
4027, 4286
975, 1041
1029, 4924
1111, 3161
1178, 3749
1347, 1549
1687, 2932
1875, 3433
1902, 4739
1905, 3168
2564, 4135
2619, 3839
598, 879
728, 1733
1735, 2266
1998, 2696
2922, 4934
3378, 3432
330, 1185
482, 3107
513, 1954
756, 1610
917, 2080
1057, 2404
1066, 1282
1718, 2948
3002, 4630
3893, 4066
408, 650
547, 2937
593, 2651
1022, 2930
1149, 1222
1292, 3351
1670, 2514
1858, 2084
2736, 4272
3998, 4554
568, 4079
704, 4467
762, 2950
998, 1961
1463, 3654
2730, 3575
2839, 3274
2988, 4430
3443, 3742
3763, 4399
3835, 4638
62, 2748
430, 3606
493, 2037
517, 4533
634, 2608
1180, 1755
1533, 3239
1942, 2481
2460, 2710
3250, 3444
3542, 4096
751, 2801
760, 1036
936, 1605
1036, 1475
1399, 3003
1667, 1963
1688, 2317
2138, 3995
3735, 4361
143, 2858
366, 4105
473, 2910
599, 4131
633, 1516
992, 1810
1097, 3555
1381, 4077
1769, 4699
1812, 1909
2048, 3074
2531, 3315
2558, 3391
2745, 3861
2818, 3111
3225, 4799
3265, 4617
154, 2475
429, 4985
514, 844
1290, 1869
2273, 3641
3447, 3588
4146, 4749
836, 3549
917, 2373
1324, 4123
1394, 3332
1459, 1613
1523, 3189
1595, 4237
587, 3165
592, 4114
902, 2290
1093, 2734
1197, 4680
2682, 4483
3029, 3424
3455, 3833
3924, 4397
23, 4161
48, 2528
555, 4787
1015, 2954
1847, 4881
2154, 3780
2229, 2689
2340, 3384
3068, 3990
3138, 4176
3506, 4566
62, 4362
312, 2512
1033, 2719
1400, 3307
1673, 3467
2246, 3105
3381, 3875
3382, 4238
209, 947
628, 1854
709, 3246
1304, 2852
1305, 4105
1409, 1541
2021, 4777
2605, 4929
2992, 3245
3699, 4227
105, 2914
108, 4786
1154, 2358
1287, 3117
1327, 3314
1573, 4780
2469, 4696
4257, 4516
133, 2062
214, 3114
667, 3472
2377, 2498
2640, 3778
3047, 3832
3342, 4315
4024, 4340
135, 2835
155, 3736
462, 4322
880, 2549
1364, 3047
1434, 4715
1826, 3245
1872, 4343
2483, 4578
2588, 2912
4163, 4566
13, 3981
126, 3803
158, 4845
713, 2394
801, 3695
889, 1128
1610, 3480
1749, 2438
2352, 4381
29, 3843
296, 1805
319, 2583
339, 2404
676, 3540
936, 1369
988, 3870
1303, 2136
2161, 2765
2379, 3070
2430, 3216
3384, 3669
4012, 4915
199, 3727
233, 4950
895, 2758
981, 3605
1162, 2404
1596, 4930
349, 2682
540, 2570
649, 4480
729, 1419
804, 2764
1731, 2574
3366, 3852
3373, 3905
294, 3050
442, 4302
466, 3153
780, 4188
812, 4875
883, 3830
1133, 3159
1158, 3180
1618, 3158
2056, 3942
3232, 4695
8, 4900
97, 189
404, 1336
466, 4529
1253, 2463
1319, 1320
1575, 4468
1655, 4601
1738, 2746
2234, 2631
2322, 4964
92, 131
222, 3009
355, 1868
511, 4100
727, 2231
1238, 2280
1599, 3775
2503, 4543
3151, 3566
3562, 4102
884, 2232
1341, 4173
1347, 2748
1796, 4171
2151, 4748
2645, 4821
2650, 3221
3105, 3534
3388, 4326
331, 919
1363, 2380
1428, 4242
2014, 4989
3129, 4615
247, 1422
764, 3526
1331, 1703
1548, 3164
1606, 3619
1644, 4763
2205, 3509
2231, 4986
588, 4192
1342, 4004
3216, 4617
149, 1311
249, 1702
389, 635
613, 4454
824, 3714
985, 4148
995, 1464
1209, 2999
1346, 2457
1465, 4673
1564, 1571
1581, 4246
1788, 2309
1866, 1978
1867, 3512
2867, 4978
3625, 3741
375, 1696
636, 2007
1560, 4528
1942, 3938
2275, 2304
2347, 2905
3800, 4118
135, 1682
157, 4480
265, 4528
540, 3790
1055, 1393
1092, 2353
1512, 4653
2331, 3956
3755, 4370
4156, 4357
102, 4934
630, 3117
905, 2004
1639, 3976
1728, 4449
1929, 3410
2154, 2156
3169, 4615
3545, 3576
60, 3669
71, 1779
452, 1657
1174, 2489
1551, 1785
1626, 4706
1715, 4477
1960, 3307
2254, 2602
2332, 2552
3008, 4770
3063, 4608
4009, 4999
4100, 4349
101, 2333
226, 342
608, 768
660, 4136
858, 4665
1249, 1544
1273, 4261
1440, 3318
1579, 4473
1626, 2487
2385, 3787
2472, 4946
3006, 4007
3544, 4513
3582, 4227
3832, 4125
589, 3923
1037, 1062
1140, 4867
1662, 2577
1715, 2182
1789, 4415
1881, 3194
2250, 3540
2786, 4004
2847, 4100
3093, 4896
210, 4861
286, 4108
529, 3585
566, 2737
804, 4098
862, 4045
1047, 3880
1125, 1633
1696, 1763
1967, 4686
2778, 3349
3895, 4305
228, 4873
354, 831
413, 2953
681, 3724
832, 4429
956, 2419
1005, 4160
1119, 1526
1609, 3543
1637, 1980
2183, 2383
3076, 3820
4103, 4865
4214, 4296
400, 1318
771, 4405
816, 4786
1375, 2712
1641, 4699
1779, 4461
4094, 4385
4272, 4375
4324, 4629
76, 1714
1114, 1750
1506, 2769
1651, 3889
2104, 2632
2613, 4415
3010, 4667
418, 618
987, 2853
1138, 4562
1765, 2981
2181, 2921
2353, 2354
2940, 4914
4198, 4372
149, 2370
732, 1267
1379, 2431
2174, 3361
3510, 4365
4008, 4222
26, 4135
335, 862
535, 3291
654, 3422
668, 1539
757, 4218
1469, 1756
1499, 2527
2404, 2808
2575, 3561
3142, 3997
3946, 4475
4220, 4484
657, 2654
995, 4217
1133, 3291
2262, 2801
2451, 3641
2490, 3791
2735, 3393
2778, 4525
3191, 4996
3206, 4109
3619, 4494
207, 815
362, 3487
1010, 2479
1549, 4271
2114, 3308
3002, 3805
3086, 3217
3725, 4695
31, 1541
611, 1140
1520, 4110
2233, 4315
2421, 2748
26, 2717
276, 4390
334, 3201
359, 1948
470, 4874
720, 1123
871, 1753
1299, 1461
1402, 1597
1438, 4784
1738, 2768
1763, 2749
2552, 4438
2668, 4172
3219, 3476
3500, 4795
4043, 4843
47, 3410
175, 4113
716, 2083
902, 1267
1061, 1497
1241, 1567
1415, 3114
1646, 3983
1771, 4010
1803, 3992
2394, 4767
2493, 4166
2915, 4790
3438, 4536
3573, 3813
32, 1983
110, 1529
187, 296
358, 2606
473, 2271
537, 602
1053, 1277
1186, 4273
1219, 2631
1548, 2419
1580, 2114
2270, 4871
2859, 4427
3186, 4940
3195, 4669
3278, 3715
3414, 3502
4734, 4750
382, 1661
404, 4031
812, 1895
1321, 4717
1491, 1562
1755, 2019
2523, 2899
3171, 4912
4651, 4788
682, 2001
793, 1795
867, 3503
1191, 4117
1234, 2409
1745, 3632
1988, 2336
2069, 3007
2725, 4819
3534, 4571
929, 4549
1174, 3188
1209, 3271
1312, 1548
1728, 4429
2399, 2915
2969, 3477
18, 3320
252, 2013
257, 4168
372, 2110
766, 928
1186, 1729
1192, 2888
1881, 2546
2323, 4209
2586, 3594
3159, 3553
4847, 4924
147, 1928
655, 4616
1047, 1839
1266, 4884
1707, 3484
1713, 4949
2461, 4711
2763, 3483
3128, 3719
59, 946
617, 2872
1610, 4187
1629, 2947
2810, 4392
4727, 4791
255, 4163
787, 2860
1255, 4482
1836, 4303
3124, 3935
184, 2792
759, 4134
902, 2971
1548, 4531
2169, 3387
2391, 3938
2410, 2700
2615, 3119
3777, 4296
421, 2240
570, 1426
825, 1426
1099, 3099
1193, 3161
1762, 2238
2511, 4712
2785, 3250
4037, 4968
627, 4463
770, 3617
814, 863
1330, 3750
3790, 3867
4392, 4859
391, 743
566, 3303
660, 1989
993, 3564
2013, 4386
2874, 4904
3607, 4607
291, 1468
542, 3540
1851, 4431
2055, 3504
2931, 4434
0, 1957
89, 111
192, 3474
395, 2784
548, 4168
722, 2075
1530, 4708
1622, 3142
2040, 2961
2486, 4481
2692, 4437
4813, 4875
839, 4347
957, 3233
1526, 2523
2310, 2337
651, 3287
708, 1194
1048, 1862
1059, 1916
2202, 2737
2429, 3835
2928, 4934
4315, 4749
4420, 4628
431, 3747
876, 1039
927, 2371
1228, 3423
1630, 3376
2068, 2710
2585, 2921
3328, 4720
88, 251
200, 4070
567, 4614
969, 3231
1004, 4495
1542, 2743
1788, 2594
1853, 3950
1977, 3181
65, 791
96, 2669
391, 2012
1545, 4163
1775, 2686
1924, 4809
2539, 4709
2595, 4468
2942, 3027
268, 2163
723, 2872
813, 3083
856, 2765
2071, 2958
3184, 4083
138, 3323
224, 3066
338, 1784
433, 4623
622, 1399
651, 2208
690, 1400
1015, 2364
1146, 1321
1638, 4594
1855, 4424
1965, 3867
2035, 2695
2142, 3502
2241, 3212
3115, 3587
4690, 4858
1060, 2496
1836, 2662
1888, 2985
197, 3035
318, 4025
907, 947
933, 3682
1444, 1739
1807, 2708
1938, 4553
2372, 4262
4225, 4640
126, 2600
281, 3296
376, 2144
395, 1481
780, 3405
1028, 4264
1313, 3515
1495, 3222
2249, 3474
2330, 4256
2474, 4790
3366, 4902
3504, 4522
3655, 4210
3705, 4329
3912, 4883
4525, 4591
849, 3550
1009, 3292
1356, 3007
1402, 1583
1534, 1906
1895, 2367
2206, 4514
2801, 4388
2814, 4384
2999, 4585
3310, 3564
4669, 4816
63, 2873
1333, 2841
1362, 2225
1371, 3877
1454, 3957
2674, 3024
3876, 4457
584, 4285
867, 3144
1450, 3521
2182, 4204
3023, 4071
3765, 4714
120, 1849
233, 337
423, 4917
670, 1666
2004, 4316
2552, 4841
3079, 3439
3512, 4870
4201, 4811
696, 3716
818, 2121
2141, 2983
2249, 3403
2416, 4164
2436, 3395
2986, 3052
3267, 4050
118, 4024
432, 4070
473, 1716
668, 4957
684, 1288
879, 3406
1142, 2845
2527, 3071
663, 736
745, 4517
861, 2286
1516, 1750
2351, 3443
3657, 3736
464, 1065
636, 4226
739, 3094
819, 3725
1313, 4425
2347, 3737
2605, 4745
2983, 4383
4585, 4853
13, 4095
401, 1203
1705, 4719
2822, 4745
1360, 2134
2306, 2318
4147, 4470
33, 4620
95, 3587
187, 3794
273, 1288
314, 1156
1296, 1397
2563, 4108
2759, 3322
3150, 3602
3993, 4811
3, 625
417, 3000
518, 2354
601, 3128
935, 1920
1632, 2683
2295, 4051
946, 4587
1016, 2058
1076, 1593
1517, 1842
1722, 4392
1760, 4211
2288, 3624
2305, 4722
3162, 3316
325, 3200
833, 2339
1040, 4504
2040, 3259
2049, 4365
2187, 4444
2233, 2684
2649, 4166
84, 2414
698, 1929
937, 3608
1053, 4027
1217, 4622
1230, 3601
1636, 4353
2774, 4081
14, 3417
51, 2745
403, 4861
693, 2932
776, 4441
1914, 3947
2646, 2665
2758, 4886
3225, 4061
1480, 4735
2694, 3840
3290, 3810
1061, 4843
1253, 1392
1391, 2888
2705, 4902
3878, 4063
274, 2293
730, 2366
984, 3036
1336, 4530
1421, 4903
3026, 4442
136, 709
1129, 3360
2747, 4463
2811, 3535
3444, 4832
744, 1442
1620, 4251
1678, 4042
1706, 2455
1919, 2572
2196, 3620
2907, 3928
3080, 3839
3253, 3692
497, 4931
1018, 4736
1331, 3693
1615, 1645
2464, 2895
3003, 4945
3579, 4067
67, 4412
135, 3784
412, 470
1013, 3266
2542, 3756
3407, 4386
3888, 4565
3939, 4819
303, 3021
956, 1915
1003, 1221
1355, 3187
1608, 3863
1877, 3070
3050, 4861
3186, 3565
3230, 4705
71, 4657
1993, 2319
2561, 4432
2872, 3112
3234, 3279
544, 3963
767, 1507
1107, 4002
1445, 3346
1679, 2136
1768, 3575
2494, 2528
479, 3959
1033, 2077
1979, 3954
1993, 4930
2033, 2838
2497, 4371
2607, 4419
37, 277
96, 4351
412, 3626
1300, 3266
3282, 4548
3886, 4055
234, 2135
394, 2245
760, 2694
902, 2009
1407, 2233
1724, 4104
1794, 3525
2448, 3591
3200, 3607
790, 1265
1410, 4178
75, 4666
365, 4904
1100, 1718
2232, 2544
152, 4556
307, 2566
703, 2085
1134, 2054
1200, 4502
3243, 3925
3314, 4802
4493, 4953
1, 3514
4, 4865
917, 3676
1135, 3809
182, 878
224, 3134
843, 4193
1229, 4459
113, 2963
642, 1598
735, 860
903, 2179
2029, 3677
2145, 3175
3343, 4064
662, 4699
747, 1226
1972, 4952
2071, 2261
2530, 4639
4138, 4259
4140, 4174
1664, 4395
1918, 3496
3564, 3801
633, 4919
1235, 4219
2166, 4203
2924, 3742
186, 849
966, 3535
1065, 3887
3310, 4953
167, 1925
297, 2301
324, 3657
3020, 4592
776, 3463
1014, 1410
1214, 3429
1281, 2895
1803, 3118
3273, 4196
107, 781
134, 2818
208, 4474
450, 2379
834, 1462
870, 3352
1005, 3136
1504, 2280
2150, 2643
2200, 3355
899, 4469
1369, 1816
1511, 4019
2016, 4263
2343, 4045
3727, 4067
3877, 4572
388, 976
436, 679
606, 2441
631, 3742
837, 1141
1143, 1865
1198, 4907
1218, 3233
1311, 3230
2798, 3401
3628, 3829
345, 1392
1541, 2571
1953, 4222
2983, 4560
3648, 4441
59, 4269
79, 4071
401, 1560
573, 3018
1691, 2070
1864, 3449
3255, 4646
3428, 4167
4244, 4939
4486, 4677
340, 4041
881, 3525
2367, 2401
2675, 3744
3043, 3489
3204, 4359
3622, 4125
40, 1771
1091, 2305
1364, 2143
1594, 3249
1596, 2769
1600, 2267
1645, 3614
2208, 4537
356, 3542
672, 3956
3746, 4157
427, 4679
851, 1473
2597, 4744
2686, 3205
270, 2994
567, 4876
783, 3937
1052, 1958
1377, 4734
3084, 3136
4082, 4590
808, 2958
1515, 2261
1794, 3478
2241, 3917
2406, 3497
2795, 4439
239, 1385
443, 4598
689, 3489
548, 3709
980, 4865
1790, 2127
1794, 2088
2533, 4717
2770, 3672
3385, 4201
3946, 4545
4972, 4976
17, 2994
154, 3674
699, 4484
1412, 4258
58, 4578
377, 3367
514, 4692
788, 4398
934, 3785
1660, 4603
1820, 2041
1903, 3239
2418, 4562
3, 3307
440, 2393
1081, 2802
1116, 3283
3056, 3596
3651, 4439
653, 3520
922, 3639
1037, 2347
1152, 4568
2358, 3457
2768, 4829
4474, 4666
144, 482
549, 4469
910, 1069
1588, 1911
1616, 4208
1647, 3255
1786, 4357
1590, 3063
2366, 4057
3113, 3284
567, 1484
726, 2855
818, 3360
1168, 2281
1197, 3036
451, 2603
1401, 3118
1758, 3688
3145, 4145
198, 4090
458, 2660
663, 4047
1333, 3647
1511, 2293
1860, 3925
2804, 4518
3275, 3290
141, 4191
347, 4906
498, 649
939, 2206
1160, 4227
1210, 3588
1971, 4142
19, 4679
1773, 2950
4450, 4583
1167, 2724
1381, 2611
3170, 3436
3908, 4827
1726, 3826
3680, 4798
175, 204
266, 1675
311, 3089
381, 3963
686, 3618
1573, 4290
2627, 4476
2808, 3172
3417, 3729
635, 3868
1281, 4126
1639, 2148
1748, 3688
2292, 4326
2297, 4635
3519, 3701
816, 3643
1386, 2672
1672, 3225
2882, 4507
313, 3710
373, 2909
1009, 2629
2261, 4644
68, 4470
342, 1242
541, 958
597, 1711
875, 4965
1326, 1364
2717, 4635
3410, 3484
4058, 4756
1627, 3367
3088, 4114
3749, 3900
427, 3445
1163, 2793
2334, 2544
2995, 4605
3052, 3185
3363, 4318
831, 4740
928, 3971
1248, 3937
1991, 4131
2090, 4648
3660, 3911
4309, 4384
533, 4417
700, 2398
1387, 3262
1635, 4912
2212, 2701
2823, 3600
3400, 4078
3406, 4773
1084, 1591
1998, 2816
1234, 2832
1913, 2719
13, 2788
1323, 1651
2063, 4395
2320, 2438
1314, 1732
1984, 2741
2232, 2622
3329, 4791
326, 1329
1109, 2728
2890, 4267
3404, 3573
3871, 4893
2, 2913
79, 1289
949, 1403
1654, 3058
2882, 4013
717, 2296
1254, 4250
1649, 3493
2588, 2958
3821, 4741
4047, 4547
1116, 4682
2332, 3826
317, 3789
537, 3220
1665, 4878
3264, 3290
3327, 3485
115, 3662
151, 1845
1640, 4981
2367, 2913
2524, 3400
2529, 4514
3237, 3483
3946, 4557
525, 3340
1049, 1830
1386, 4065
2800, 4392
89, 4986
160, 4361
488, 2661
1227, 3838
2227, 4788
2533, 3244
567, 1986
791, 1467
1166, 4745
1534, 4770
2816, 3197
22, 1189
64, 4678
474, 4774
484, 776
487, 4827
1063, 3586
1669, 4479
1846, 3441
918, 1915
1181, 1481
2741, 4277
3529, 4015
327, 1413
871, 3387
1874, 4971
77, 1023
211, 2069
323, 797
323, 2540
373, 3425
702, 4358
1280, 2147
2740, 4041
696, 732
2370, 4551
2828, 3296
3365, 3681
3999, 4479
439, 4913
1622, 2298
2758, 4815
549, 2219
3405, 3652
3996, 4960
520, 1090
1083, 2068
2944, 3240
1398, 2294
1606, 4729
3167, 4952
3314, 3330
358, 4073
596, 3078
2223, 4678
116, 3325
528, 1297
1294, 4885
1991, 3692
2310, 4776
2557, 3011
2601, 3420
310, 1540
346, 686
1525, 3823
1593, 4118
2774, 4427
3299, 3759
246, 3586
1708, 4621
3276, 4979
3882, 4296
126, 504
711, 1667
3204, 4162
3834, 3994
374, 3434
1207, 3769
1800, 3435
4589, 4900
369, 4971
1143, 1481
1864, 3841
1883, 3834
2071, 4742
2210, 4647
3046, 3609
3133, 4572
316, 840
511, 3902
643, 3027
1098, 3721
2756, 3168
4321, 4408
55, 2532
180, 3498
2043, 2885
3106, 3677
3280, 3556
598, 4409
673, 2589
1866, 3582
2039, 3227
2157, 4195
2927, 3247
2956, 3794
201, 1644
454, 966
2490, 2700
681, 3370
1655, 1908
2966, 4408
671, 3273
2776, 2828
3280, 4737
3315, 3948
278, 2153
915, 4319
1830, 3918
2606, 4517
73, 3316
741, 2529
1009, 2532
2548, 3898
3301, 4821
3792, 4484
351, 3300
468, 937
477, 3836
1362, 3501
2556, 2563
2882, 2984
3690, 3852
907, 3025
1027, 4750
1652, 3089
2662, 4698
2796, 3368
344, 1754
891, 3567
1545, 4368
1659, 4597
2080, 3411
2205, 2408
2648, 2864
68, 3262
1315, 2627
2385, 3625
387, 2150
895, 1935
1260, 4239
3988, 4321
2638, 3436
2810, 3316
3630, 4998
960, 1662
3255, 4055
3571, 4690
502, 1265
522, 1782
866, 3658
1423, 4768
1648, 2518
2086, 4452
2673, 3715
46, 2528
1741, 4586
2372, 3357
2681, 4610
172, 1176
617, 4445
645, 675
746, 4307
1021, 4774
1095, 1500
3823, 4536
1566, 1650
2958, 3210
2991, 4190
178, 463
1205, 2576
1951, 3173
3596, 4339
4501, 4611
218, 2900
227, 3142
473, 4680
1048, 2860
1283, 2663
1550, 3816
1601, 4006
3365, 4296
667, 911
1527, 4676
1964, 2398
2011, 4307
2061, 4412
2470, 4141
4286, 4598
4763, 4992
397, 3749
521, 4217
806, 2500
1322, 3262
1913, 2652
72, 1057
612, 4814
1524, 1900
2399, 3844
1408, 3415
3009, 4486
4018, 4570
723, 2732
2502, 3426
77, 2929
1721, 2520
253, 3718
296, 3091
644, 1501
1275, 1715
3310, 3807
3402, 3874
1722, 3610
1754, 2440
502, 2628
1296, 3632
2534, 3513
3302, 3799
697, 1175
777, 2064
951, 2405
1276, 4475
2596, 4797
3161, 3549
3955, 4740
379, 2906
781, 1673
1129, 3806
3005, 4361
3548, 3557
3776, 4716
236, 863
1274, 4510
3148, 4290
4052, 4616
384, 4225
835, 2324
850, 3663
952, 2993
216, 3130
238, 977
1261, 3301
1352, 2960
1766, 2652
2303, 3928
584, 1832
762, 4993
2027, 2813
610, 3304
1930, 3605
1945, 3089
707, 2927
968, 4804
1221, 2715
1465, 4565
408, 4088
1040, 1251
3213, 3373
138, 3229
344, 2443
622, 701
1148, 4629
2639, 3706
3601, 4868
3670, 4387
3919, 4435
132, 3344
687, 2253
2742, 3457
907, 1135
1153, 3058
1650, 2259
2161, 3470
4005, 4530
2097, 3995
165, 4547
658, 3080
768, 4014
1122, 4429
1486, 1976
2082, 4184
4011, 4231
952, 3103
1159, 4134
1877, 3767
3071, 3399
3512, 4733
551, 2046
2113, 4140
3639, 4784
2586, 2599
3762, 4774
243, 4981
927, 2993
1180, 3000
167, 2690
1792, 3991
1123, 3005
1482, 4288
0, 4650
57, 75
280, 437
1928, 2336
2771, 3224
125, 3151
789, 3401
1089, 3365
1094, 4044
2785, 3646
836, 4711
869, 3730
1551, 3844
3782, 3821
324, 3028
799, 931
2149, 4569
3033, 4194
3407, 3827
3700, 4985
169, 1538
1752, 4991
2089, 4685
2883, 4207
1112, 1789
1178, 3394
1462, 1683
1505, 1514
1778, 3933
377, 642
900, 4814
2683, 4516
3431, 3704
445, 1481
1147, 1567
2708, 4512
1094, 2126
2761, 4182
2912, 3039
575, 4951
1840, 4838
2541, 2950
1446, 2974
2125, 2997
3488, 3959
887, 3080
1501, 2068
1560, 1701
3304, 3783
104, 1058
379, 4494
930, 4576
1801, 3915
3347, 3987
413, 2411
1554, 4914
2513, 3297
2873, 3458
4003, 4826
829, 4961
1781, 4327
4051, 4577
754, 4992
845, 2176
1706, 4601
2508, 2900
2757, 4537
95, 1411
885, 4253
2697, 4429
127, 1445
517, 718
126, 3991
315, 1990
735, 1939
1265, 1918
1681, 3644
2491, 3954
9, 2729
108, 2446
1482, 4624
547, 1725
752, 4180
1273, 3778
1982, 3331
2359, 3823
3254, 3332
233, 3732
267, 3594
702, 4631
1679, 3390
2013, 2094
253, 820
1214, 4292
2536, 4335
3596, 4556
213, 285
942, 3945
1568, 2558
2887, 4894
334, 3355
910, 1822
1088, 2577
2065, 3697
3098, 3509
1104, 4649
1477, 4213
2633, 3831
2132, 3999
2760, 4789
410, 3850
1794, 2842
233, 2939
501, 3670
1011, 2843
1591, 2979
1649, 3041
4464, 4520
359, 2642
1457, 2243
3673, 4995
100, 710
219, 4957
1931, 4154
2455, 3391
2510, 3176
3507, 4675
472, 4946
1145, 4920
1256, 3788
99, 2424
262, 4844
469, 4850
483, 4684
785, 811
1072, 4997
373, 2074
3756, 4490
1019, 3653
1911, 4134
432, 1759
2711, 4674
882, 2806
1355, 4821
2382, 4998
4084, 4599
1490, 3097
2565, 3976
49, 2769
81, 153
1793, 4005
3764, 4981
2581, 2667
3317, 3345
2799, 3350
1770, 4380
510, 4337
749, 4036
800, 837
2012, 3058
2643, 4958
323, 3752
551, 885
1154, 3953
1508, 4595
3511, 4403
1504, 3589
2536, 3884
3017, 3479
467, 4566
1051, 3374
1127, 2164
506, 2126
3436, 4984
3771, 4700
4049, 4458
3866, 4194
4245, 4443
499, 3425
2127, 2326
465, 4371
2678, 4905
964, 2793
983, 3574
1086, 3244
552, 2507
2087, 3233
45, 4367
320, 4404
1602, 4436
1670, 4800
1738, 4332
2891, 3176
3186, 4283
1046, 4079
1594, 3295
2047, 3937
2185, 2196
2488, 4318
536, 595
2042, 4161
3257, 3453
621, 3238
2777, 3759
645, 3040
1585, 2178
1831, 4778
2006, 3818
2146, 4158
2876, 4497
1999, 2745
176, 3031
2427, 3362
1024, 4293
2567, 4965
1325, 2103
1411, 4243
1429, 4926
1799, 2908
1806, 4167
66, 2647
621, 1137
1589, 2337
446, 1722
578, 1946
675, 1996
1489, 4365
77, 798
1680, 1707
3758, 3913
4558, 4882
2400, 2407
459, 4069
829, 2894
2604, 3239
2578, 4086
267, 872
1251, 2079
1268, 4297
1482, 3848
4542, 4794
1028, 1394
1115, 2967
2109, 2386
2282, 3950
3830, 4216
447, 4116
885, 1031
1129, 3144
1130, 1982
4243, 4948
72, 1717
2209, 4528
2023, 4699
1823, 1859
2189, 3049
1705, 2831
2106, 4223
445, 4421
945, 3927
1027, 2509
2748, 3891
425, 4796
1922, 2993
352, 2401
1910, 2471
2272, 2883
269, 4914
3177, 4266
1045, 1733
2368, 2918
2590, 2805
82, 2039
1102, 1332
277, 1284
309, 2562
24, 4610
1140, 4489
156, 2140
3396, 4527
45, 1405
104, 1264
2247, 2830
2624, 4098
371, 1802
1658, 3572
1950, 3299
3408, 4147
223, 4937
270, 1101
1490, 1504
2807, 4040
2950, 3131
3043, 3825
173, 2506
1603, 2642
3446, 4424
1120, 3826
1247, 3090
286, 1559
954, 2773
1568, 4604
3503, 4219
4655, 4697
662, 2291
953, 2437
955, 2998
1232, 3113
1614, 4896
2755, 3245
2482, 4155
3238, 3906
4408, 4422
491, 1071
2004, 2149
1460, 2206
322, 2533
979, 3539
2299, 3252
4124, 4500
93, 1583
1847, 4129
2683, 4038
3198, 4394
370, 2128
1927, 4200
508, 1299
2466, 3651
1008, 1222
2429, 3143
1709, 3903
2646, 2814
2672, 4077
3160, 3670
972, 2536
2134, 4807
2609, 4243
21, 1862
122, 1656
226, 3660
2291, 4849
3865, 4317
841, 4212
1937, 2405
344, 3333
2105, 4129
1204, 1500
1572, 2005
1259, 4820
2905, 3032
517, 3711
626, 954
279, 1211
2103, 4356
2518, 3598
1112, 2155
1324, 1587
1722, 3914
2515, 4942
970, 3533
1163, 1418
2170, 4362
515, 1431
1968, 2526
807, 1872
809, 3277
2234, 2691
3929, 4806
19, 3640
3878, 4394
4113, 4683
200, 282
445, 2783
632, 3881
1115, 4732
1660, 4236
290, 3337
1157, 1531
2866, 3968
672, 1878
1754, 4241
1924, 4609
2725, 4602
3211, 3217
661, 3530
932, 1693
3794, 4732
3681, 3718
1043, 4834
569, 4484
1161, 3559
1988, 2772
3773, 4937
572, 2273
732, 3668
1200, 3326
12, 4401
457, 3613
2442, 2676
98, 4879
519, 1115
1692, 3641
2522, 4313
2371, 2946
2629, 3558
230, 2390
2696, 4314
3398, 3413
156, 1352
1152, 3717
1917, 4389
2253, 4407
2287, 2467
4172, 4475
1832, 3856
2323, 2878
2119, 2323
1947, 4552
3578, 3990
188, 3182
315, 4723
1623, 1883
3589, 4743
1058, 4701
1078, 1299
1990, 2159
2360, 3996
4428, 4465
1239, 4340
1409, 4022
57, 2836
1242, 4186
193, 507
1452, 2277
164, 734
982, 3264
1841, 1859
3879, 4279
219, 4652
852, 1855
608, 1204
3484, 3531
3675, 4973
693, 2943
424, 850
478, 3970
1325, 2186
1439, 2194
50, 2939
1791, 2740
169, 3096
775, 3337
4823, 4897
727, 3100
774, 3009
66, 638
2417, 3950
1113, 1757
1860, 4369
131, 1067
242, 4858
563, 1680
1880, 1954
821, 4080
1357, 3058
2239, 3919
853, 1705
2396, 2762
301, 1538
615, 1062
1795, 2133
2923, 4903
1126, 1921
114, 4067
345, 3380
1518, 2298
873, 4278
1987, 4382
2315, 2879
1044, 4597
2473, 4353
4440, 4888
3154, 4446
4185, 4468
3309, 3689
215, 1918
1666, 3554
1974, 2426
2276, 4828
1190, 4392
142, 4503
2073, 4804
1932, 4637
3442, 4428
2829, 3938
4352, 4749
1706, 2975
3120, 4762
505, 4618
4127, 4199
2318, 2432
2367, 3062
1933, 2209
333, 3273
2512, 4133
4338, 4730
769, 4881
2796, 4523
1592, 4127
292, 4926
680, 1394
1778, 4524
2369, 3871
2594, 3751
3102, 3642
4311, 4805
598, 2017
1565, 2935
216, 4107
1358, 2978
81, 2534
2722, 4164
86, 390
2337, 4154
3742, 4175
1155, 4519
1833, 2067
1670, 4072
1104, 4746
1826, 3989
1257, 4789
92, 539
882, 1435
1496, 2131
3495, 4328
3753, 4985
503, 1532
288, 3675
1050, 3224
1070, 3044
3871, 4969
1537, 2213
4661, 4685
609, 2181
3218, 3961
526, 4370
399, 2325
2213, 3157
1070, 2496
2036, 4559
478, 3943
919, 2990
778, 1558
1997, 2551
857, 4895
959, 4662
1928, 2837
362, 2051
2221, 4994
1151, 2386
2759, 2962
90, 3109
2785, 4478
2107, 3441
2707, 2971
2376, 2555
31, 1493
486, 4440
491, 542
30, 4299
168, 4568
3729, 3811
410, 1890
1648, 4112
4150, 4374
771, 3713
444, 1835
4714, 4836
162, 912
2557, 4689
3810, 4336
2043, 3440
1510, 4408
1175, 4801
893, 3975
1208, 2970
2223, 4159
3081, 3157
973, 2477
1734, 2703
4035, 4978
4216, 4656
4681, 4917
2346, 4879
1097, 4532
1136, 3193
4193, 4406
1010, 4887
3901, 4656
4540, 4651
1837, 3685
2674, 4334
275, 1070
1393, 3883
3173, 3369
4165, 4912
3392, 3786
1622, 4761
3054, 4281
3078, 3734
1124, 2957
486, 3560
3030, 3192
1258, 2178
2955, 3649
3269, 4832
2523, 4855
640, 733
550, 1704
36, 3158
34, 4014
1206, 3866
3000, 3967
99, 1380
3119, 3927
602, 4062
1583, 2381
173, 1458
997, 2255
4094, 4831
2053, 3921
295, 4765
494, 902
979, 3140
2207, 4883
3880, 4086
1513, 2190
2002, 4500
169, 1441
1914, 2750
2032, 4162
1322, 4592
846, 2693
2350, 3573
409, 1321
244, 2022
2024, 3348
743, 855
4017, 4632
1802, 1975
1898, 3259
329, 421
2005, 2211
3409, 4260
1207, 1891
2580, 3043
2854, 3185
1382, 4104
2016, 4907
761, 3500
2790, 4538
532, 1279
1328, 2679
1498, 2919
415, 3110
1417, 2388
2725, 3708
1836, 4660
264, 3978
361, 3955
1361, 1943
2355, 2615
385, 3462
2014, 2173
731, 1466
616, 3048
762, 4758
810, 4792
1262, 3152
1272, 3763
2302, 4276
1117, 1720
1651, 2123
1918, 3215
576, 2149
3022, 3689
501, 2278
2545, 4753
1200, 2321
4552, 4619
558, 852
2535, 2848
783, 4287
148, 2025
1926, 2730
3306, 4380
2093, 4757
2258, 3238
3289, 3842
523, 3079
1621, 3147
2794, 3728
1821, 3845
4230, 4564
1365, 2045
1295, 3376
590, 3351
4224, 4376
174, 562
3467, 3846
2123, 2543
624, 4197
41, 4980
512, 526
1278, 2556
2760, 3683
2226, 3087
689, 4563
2850, 3444
1828, 4284
2516, 4659
