2.272855
69, 79
17, 24
45, 46
30, 90
1, 90
30, 42
17, 30
80, 92
89, 90
31, 86
4, 96
46, 91
3, 34
26, 64
2, 73
65, 84
21, 92
9, 70
53, 63
29, 82
25, 74
9, 74
69, 81
8, 97
3, 69
25, 69
57, 95
1, 46
24, 25
58, 76
35, 38
17, 94
60, 80
49, 58
19, 40
77, 92
75, 80
29, 39
19, 23
23, 56
56, 79
20, 94
67, 86
7, 17
12, 16
87, 90
14, 34
12, 49
25, 92
6, 11
44, 45
19, 29
55, 68
9, 93
5, 18
29, 35
37, 91
11, 52
57, 79
47, 97
61, 93
33, 39
50, 95
3, 12
51, 78
0, 54
16, 73
26, 39
29, 54
18, 28
78, 92
13, 86
61, 98
18, 37
65, 73
80, 88
46, 99
46, 86
13, 22
0, 63
27, 85
85, 96
83, 96
10, 24
91, 97
17, 59
41, 74
29, 66
32, 68
23, 32
15, 75
83, 89
72, 88
39, 62
52, 81
52, 71
43, 61
48, 63
36, 72
