23.554383
132, 141
39, 190
32, 371
211, 339
287, 407
152, 247
382, 494
165, 448
92, 474
20, 450
151, 160
233, 302
105, 362
197, 244
173, 340
271, 486
113, 492
138, 179
52, 398
91, 235
6, 261
299, 374
160, 238
29, 199
199, 281
125, 142
352, 494
299, 451
69, 225
331, 375
104, 246
260, 441
229, 489
49, 238
277, 418
97, 142
2, 132
201, 457
401, 427
74, 150
11, 70
141, 278
65, 208
36, 234
234, 445
170, 355
322, 497
30, 158
125, 171
150, 302
107, 265
188, 240
398, 465
98, 272
298, 408
36, 70
0, 455
194, 417
117, 181
172, 381
168, 270
175, 298
106, 412
49, 263
166, 318
302, 326
38, 454
327, 328
33, 380
147, 224
217, 223
69, 341
50, 456
168, 251
178, 215
12, 207
12, 237
440, 487
38, 385
23, 428
124, 452
253, 375
70, 428
186, 319
14, 242
50, 95
469, 489
9, 408
232, 312
36, 414
192, 374
72, 276
95, 227
376, 475
51, 460
113, 439
191, 287
111, 243
190, 295
45, 168
0, 234
390, 399
204, 372
132, 324
328, 356
9, 488
116, 411
176, 343
169, 252
283, 409
85, 208
145, 224
65, 380
97, 215
63, 366
69, 289
99, 327
305, 424
48, 251
295, 348
129, 494
192, 254
2, 53
155, 356
26, 201
42, 487
161, 391
252, 494
216, 467
216, 354
340, 478
101, 129
362, 491
205, 337
265, 470
41, 496
147, 493
356, 366
311, 438
54, 462
57, 346
67, 222
153, 227
8, 50
227, 248
246, 262
151, 179
301, 321
208, 426
59, 386
39, 293
3, 440
73, 389
424, 487
240, 352
198, 428
97, 108
38, 173
243, 444
272, 340
137, 455
21, 151
192, 361
78, 493
50, 472
327, 471
328, 452
162, 489
91, 487
47, 129
111, 391
407, 424
141, 382
71, 469
42, 428
201, 225
128, 281
44, 278
181, 329
267, 384
244, 347
207, 286
21, 204
51, 61
273, 495
141, 162
92, 288
211, 486
205, 240
157, 306
95, 499
20, 246
371, 380
179, 221
41, 377
272, 383
137, 462
52, 59
48, 362
127, 200
89, 360
59, 219
49, 88
398, 460
131, 419
417, 485
218, 273
371, 436
189, 397
28, 251
274, 447
438, 460
94, 131
446, 457
128, 415
226, 291
11, 344
154, 170
63, 432
70, 387
226, 323
190, 347
88, 125
425, 469
97, 219
34, 104
226, 362
54, 486
80, 99
59, 257
86, 377
188, 296
22, 392
71, 104
79, 293
61, 382
43, 280
237, 499
155, 341
80, 396
275, 324
362, 410
91, 467
4, 240
64, 455
217, 263
300, 390
63, 464
436, 459
36, 478
161, 170
311, 390
309, 478
128, 486
80, 495
85, 322
60, 187
11, 170
286, 447
143, 379
27, 490
121, 432
168, 444
89, 185
245, 488
337, 373
344, 481
55, 317
52, 230
42, 101
70, 430
135, 408
95, 346
227, 271
14, 445
417, 497
278, 316
192, 290
130, 422
261, 285
362, 446
117, 129
240, 426
119, 349
149, 367
142, 442
81, 377
214, 298
135, 313
30, 136
24, 270
90, 104
246, 338
149, 455
136, 235
304, 487
364, 447
57, 347
34, 333
411, 437
275, 297
16, 427
76, 222
214, 293
193, 273
334, 380
175, 359
295, 461
315, 440
185, 301
18, 306
86, 286
22, 303
148, 499
147, 414
482, 495
60, 144
141, 498
118, 492
337, 412
302, 347
65, 83
222, 269
97, 335
131, 215
112, 348
77, 78
104, 369
131, 437
167, 304
84, 177
268, 458
95, 277
214, 358
38, 143
44, 203
450, 470
133, 196
205, 259
106, 187
169, 261
341, 490
241, 495
73, 205
240, 420
145, 483
186, 372
166, 490
14, 200
416, 462
276, 385
198, 336
128, 306
20, 67
35, 124
376, 481
225, 303
268, 361
245, 374
163, 255
10, 277
68, 130
41, 87
20, 431
10, 283
77, 343
385, 393
237, 249
232, 259
177, 358
224, 480
434, 454
226, 332
168, 397
110, 376
153, 220
11, 292
376, 402
320, 410
69, 492
66, 225
371, 473
93, 363
168, 236
317, 366
90, 109
97, 250
204, 209
317, 406
210, 485
404, 418
126, 325
9, 331
174, 354
56, 416
13, 216
25, 381
103, 392
244, 448
301, 357
36, 68
5, 416
232, 466
50, 102
1, 80
104, 413
289, 308
106, 477
15, 208
407, 429
114, 150
172, 255
183, 271
87, 384
198, 349
174, 433
131, 365
16, 448
184, 257
324, 388
390, 423
17, 446
247, 248
75, 135
9, 258
121, 260
164, 395
325, 331
58, 232
141, 342
346, 351
452, 479
149, 474
36, 353
95, 449
280, 397
82, 205
124, 468
96, 115
195, 304
140, 436
228, 387
162, 255
69, 185
205, 368
62, 359
15, 19
484, 490
144, 463
395, 490
19, 239
159, 206
310, 449
31, 296
212, 491
100, 432
287, 314
344, 363
50, 378
334, 435
144, 421
120, 211
149, 443
284, 388
307, 324
430, 453
208, 350
219, 476
115, 480
202, 474
195, 405
196, 223
256, 466
40, 229
133, 180
149, 182
282, 324
91, 394
146, 208
239, 330
206, 283
7, 388
122, 312
4, 156
342, 400
279, 332
67, 231
123, 273
264, 464
266, 352
55, 213
134, 213
353, 403
139, 205
43, 370
294, 476
46, 77
345, 478
37, 453
