24.179161
37, 260
652, 1583
118, 730
2203, 2887
1229, 1238
422, 1824
872, 1918
2053, 2244
1172, 2177
2945, 2979
2308, 2973
972, 1942
715, 1725
896, 2508
1080, 2419
1620, 2760
1352, 1407
1043, 2842
583, 1179
97, 720
1925, 2363
870, 2961
299, 2977
657, 2314
1563, 2230
699, 1219
1246, 1448
2077, 2121
1046, 1798
14, 240
883, 2671
540, 1578
1797, 2293
969, 1447
1685, 2864
2114, 2201
1473, 1797
1909, 2351
559, 2055
954, 2946
120, 578
2704, 2715
2120, 2265
2377, 2419
1950, 2976
1337, 1792
184, 595
1614, 1794
1310, 2362
2539, 2550
428, 2805
1689, 1903
156, 1057
290, 405
1411, 1417
2003, 2203
796, 2324
813, 2443
853, 1742
982, 2055
2648, 2825
102, 1776
510, 868
1, 2903
389, 729
151, 1916
1724, 2650
310, 382
112, 719
1775, 2137
754, 2176
1390, 1521
2140, 2322
1771, 2301
1036, 1337
946, 1395
1091, 2288
536, 2096
686, 1391
68, 460
1037, 1132
529, 2788
742, 2612
650, 757
1389, 2014
864, 1298
2192, 2193
1900, 2729
2797, 2829
1111, 2303
1272, 2493
399, 2057
93, 162
155, 1561
130, 2858
1986, 2366
2729, 2950
1130, 2542
1145, 2740
1519, 2977
1243, 2166
870, 1173
2109, 2434
898, 2779
2130, 2442
1942, 2362
2125, 2633
50, 2457
2458, 2836
519, 2272
1586, 1663
255, 409
259, 1477
1505, 2074
2152, 2443
2777, 2864
642, 2777
534, 662
77, 958
1919, 2206
2013, 2921
1209, 2069
1671, 2202
947, 1677
817, 834
1051, 2608
2029, 2772
376, 2119
142, 954
1867, 1910
167, 1148
159, 1105
620, 1840
745, 2958
24, 1345
1118, 2043
1610, 2474
248, 2576
1320, 2885
2061, 2187
1875, 2024
129, 2509
585, 1362
1151, 1650
254, 2970
201, 1342
1300, 2112
1114, 1253
2271, 2466
2828, 2845
2257, 2649
922, 2227
2265, 2299
111, 1897
1358, 1590
620, 2195
1675, 2105
358, 910
975, 2583
236, 2770
1961, 2493
110, 2652
1024, 1759
1366, 1832
456, 792
2059, 2447
937, 2672
923, 2428
1463, 2488
559, 1006
1009, 1595
947, 1965
954, 2364
2122, 2653
364, 1984
187, 2298
824, 1283
1595, 2391
741, 1386
1168, 1186
478, 903
462, 1358
1261, 2343
2815, 2922
312, 1826
630, 2489
28, 259
1670, 2803
751, 1492
813, 2877
1445, 2670
547, 2743
304, 1863
163, 703
1675, 2771
2241, 2457
1003, 2365
1038, 2966
1081, 1610
810, 1777
1007, 1837
1292, 1332
44, 325
440, 1398
457, 2423
845, 1114
728, 1501
1020, 2326
1300, 2430
258, 2532
99, 1822
955, 1420
668, 1704
650, 1980
1352, 2213
1394, 2539
1280, 2426
629, 743
700, 1626
509, 1715
1882, 2230
1901, 2202
1615, 1804
1479, 2751
1570, 1851
0, 1247
1411, 1941
1384, 2877
1697, 2690
2182, 2895
2480, 2804
967, 1721
1521, 2298
805, 2468
2339, 2968
634, 857
105, 1866
2032, 2921
1305, 2717
35, 281
2239, 2481
2401, 2586
2097, 2178
750, 1450
762, 2680
250, 2410
4, 1055
527, 2045
240, 2009
662, 1814
167, 2073
1372, 2244
412, 2441
119, 1722
1832, 2241
1483, 2757
189, 1341
1167, 2203
1291, 2450
994, 2959
201, 1116
556, 1399
498, 1139
1128, 1343
1543, 2166
989, 2257
745, 1443
1756, 2080
1879, 2312
1791, 1954
483, 1749
915, 1417
977, 2272
306, 2942
302, 985
1234, 2842
19, 1474
97, 1870
598, 1187
586, 1202
624, 1617
402, 2265
1087, 1820
1073, 2444
1242, 1778
1431, 1740
169, 2991
1300, 1799
1009, 2319
2112, 2665
1242, 1534
335, 1083
2262, 2365
249, 657
101, 1152
516, 975
1190, 1744
40, 112
1395, 1413
54, 1947
554, 1081
1566, 1824
1823, 2655
368, 1747
1022, 2345
385, 2280
429, 1663
279, 934
182, 725
395, 734
1784, 2432
1924, 2982
1331, 1540
1140, 2265
1788, 1909
1497, 2471
413, 747
536, 1916
1341, 1653
109, 1572
1199, 1601
2410, 2635
493, 2552
1882, 2969
548, 2483
171, 176
216, 1013
435, 1939
1589, 2611
197, 444
1319, 2298
90, 2697
145, 212
1604, 1800
926, 2797
358, 598
1160, 2254
672, 2803
1727, 2833
344, 2277
2458, 2940
1541, 1564
2002, 2759
1261, 2617
85, 2420
2063, 2091
234, 820
2628, 2721
380, 2844
316, 1675
50, 2648
777, 1531
976, 2806
1272, 1668
2421, 2521
2019, 2362
1734, 2228
2465, 2472
1135, 1289
2405, 2735
765, 1977
1251, 2896
1935, 2864
78, 1478
219, 421
357, 1135
71, 461
795, 1338
173, 323
997, 2855
1791, 2156
2483, 2998
889, 2602
164, 2016
667, 703
770, 874
517, 1644
1496, 2671
848, 1159
453, 1929
863, 2514
1364, 2288
357, 976
1316, 2718
1543, 2026
2386, 2776
152, 2345
1168, 2779
1375, 1571
666, 1572
292, 1207
732, 1036
499, 1451
2461, 2724
104, 2443
853, 2565
1850, 2553
1047, 2627
762, 2509
367, 623
1241, 1711
1235, 2605
1361, 1384
586, 909
2690, 2985
1015, 2582
1346, 2505
285, 583
1991, 2235
411, 1313
255, 1708
228, 2138
602, 853
35, 2178
869, 2106
2017, 2262
610, 1906
269, 2739
115, 2690
1, 1386
1471, 1850
2314, 2461
562, 1652
318, 1792
2448, 2553
1598, 2393
332, 2406
478, 2980
905, 2778
1573, 2059
602, 2571
577, 2852
352, 2443
1039, 1976
415, 2744
1520, 1584
362, 2678
1852, 2591
318, 2865
893, 1413
429, 2659
786, 2740
1666, 2621
2187, 2841
855, 2810
1968, 2465
3, 511
1782, 2942
889, 2957
164, 1914
878, 2111
1053, 1850
1783, 1975
419, 2889
749, 1151
1792, 2002
2338, 2438
571, 2337
1720, 2465
1368, 1569
2023, 2318
524, 2939
709, 1778
147, 2325
194, 1001
1159, 2314
1053, 1405
890, 2908
445, 2311
304, 2273
2707, 2965
512, 794
1346, 2317
495, 767
954, 1019
1653, 1918
2273, 2552
785, 1274
1315, 2461
2030, 2619
1501, 1617
703, 1894
785, 2722
1344, 1746
1809, 2537
2604, 2944
328, 1571
542, 2347
825, 2806
2365, 2569
1144, 1808
856, 2838
411, 2170
63, 2041
747, 2323
197, 2817
1799, 2952
458, 1909
800, 2112
256, 1139
1540, 2834
727, 2120
1521, 2716
178, 494
1063, 2495
1096, 2166
43, 1807
2744, 2867
782, 2696
2163, 2587
1081, 2524
1141, 2197
1394, 1474
8, 2838
1191, 2309
741, 2538
1134, 1785
1047, 1149
2292, 2901
1043, 2309
177, 2130
3, 561
466, 567
634, 2924
224, 962
946, 1532
1834, 2703
499, 969
269, 2448
560, 2939
70, 736
644, 2121
1346, 1930
1754, 2345
326, 2123
178, 2255
1576, 2016
1432, 1867
276, 2250
101, 2680
1498, 1584
1134, 1603
1268, 1981
2119, 2792
1317, 1930
1159, 2850
1590, 2382
6, 1805
198, 2399
1192, 1905
1306, 2293
874, 2566
2628, 2913
1327, 2163
691, 1526
442, 2251
820, 2384
359, 448
337, 2665
1371, 1691
1307, 2542
2049, 2649
561, 1603
1277, 1904
229, 2178
126, 2155
2394, 2874
173, 2784
1555, 2474
1304, 2161
1026, 2754
1561, 2626
1193, 2874
1105, 1335
975, 2486
807, 1725
321, 2779
142, 2165
846, 1333
315, 1963
215, 477
621, 1107
76, 268
2541, 2594
1781, 1787
2658, 2751
913, 2436
1082, 2577
256, 2207
660, 1614
1339, 2686
1995, 2314
548, 2289
2038, 2630
1431, 2249
477, 2117
1223, 2260
1411, 2763
2117, 2421
17, 2976
259, 2002
2321, 2488
1552, 2620
129, 2492
89, 1819
898, 1546
130, 2879
1297, 2501
2255, 2919
944, 1736
1094, 1278
1402, 1519
1556, 2883
620, 845
147, 1936
841, 1079
264, 1730
385, 2058
741, 2027
125, 1874
1614, 2183
1096, 1799
874, 2316
1561, 2175
1483, 2644
706, 1047
581, 1199
859, 2976
346, 871
145, 2963
368, 1479
297, 305
1446, 1472
402, 2497
2357, 2634
1559, 2602
1497, 2218
850, 883
2666, 2758
2021, 2363
1544, 2693
1696, 1866
9, 2096
473, 1875
2505, 2562
1040, 2213
92, 2817
284, 1691
1281, 1681
853, 1134
1142, 2561
1212, 1372
256, 396
967, 1206
365, 2714
1003, 2604
141, 2151
877, 1130
62, 1600
914, 2273
344, 608
1681, 1813
1015, 2948
190, 969
78, 2480
571, 839
1124, 2751
1997, 2302
1538, 1557
2103, 2922
943, 2530
1786, 2457
158, 416
1277, 2313
1250, 1269
367, 1109
502, 1722
577, 929
1631, 2220
605, 2226
1882, 2423
1744, 2504
415, 1569
1912, 2802
2489, 2923
173, 1149
1172, 2673
581, 1685
1354, 2823
2292, 2809
560, 1931
901, 1794
414, 2097
44, 1632
498, 1450
611, 2839
975, 2644
488, 1949
1266, 2319
1270, 2260
239, 1938
329, 970
1253, 1641
641, 2292
675, 1458
1696, 2411
2188, 2741
1807, 2477
104, 1985
376, 1368
1391, 2902
734, 2140
637, 2535
369, 925
983, 2801
2744, 2764
648, 2438
244, 2456
414, 1168
1092, 2031
206, 274
682, 2984
1047, 1926
1011, 2497
1129, 2868
332, 2203
965, 1918
2130, 2355
701, 2020
672, 960
132, 2136
640, 2729
1351, 2098
785, 1101
1700, 2852
1974, 2764
1302, 1899
144, 529
188, 2778
1051, 1131
516, 981
592, 2323
1747, 1766
2399, 2633
555, 888
148, 1011
1107, 1152
30, 1988
331, 1239
11, 1136
1114, 2758
1075, 2003
291, 1582
1465, 2748
800, 1030
2291, 2916
286, 2846
2841, 2955
1202, 2047
16, 2558
63, 641
817, 1057
696, 1794
1441, 2645
977, 2243
276, 1038
2069, 2664
847, 1317
1164, 1904
1259, 1677
1592, 1604
563, 1076
2811, 2957
308, 1340
791, 2346
2045, 2712
27, 1046
1176, 1554
915, 2378
778, 1475
1420, 2097
35, 1670
1736, 2774
278, 585
458, 1773
294, 2612
2147, 2772
1942, 2335
1474, 2930
1568, 2492
265, 571
352, 2638
653, 1199
1298, 2805
1883, 2929
104, 2346
1642, 1887
1777, 2104
181, 1297
2170, 2877
801, 2165
1817, 2876
233, 1839
474, 2047
171, 216
445, 458
775, 2279
327, 1810
1624, 1713
2577, 2687
106, 1227
1677, 1872
1083, 1906
1022, 1023
1599, 2288
1489, 2313
1441, 1696
1957, 2446
529, 1847
1316, 2142
1807, 1811
458, 2535
897, 1698
529, 775
1565, 2112
495, 878
1680, 1888
1193, 1737
547, 1104
1271, 1641
957, 2896
314, 1335
876, 1340
414, 2820
264, 2223
670, 2448
1663, 2065
306, 828
1646, 2522
201, 789
228, 519
2161, 2171
1067, 2368
218, 2702
1495, 1693
116, 1556
124, 2919
277, 1829
716, 1325
227, 740
638, 2384
118, 1556
601, 2619
303, 1944
297, 1012
264, 2569
653, 1644
341, 678
2227, 2610
242, 914
5, 1189
1482, 2674
2118, 2939
1868, 2562
531, 1284
118, 2975
370, 2328
1548, 2031
2254, 2554
118, 2541
653, 1758
45, 2458
528, 2796
786, 2122
596, 2896
1037, 2515
31, 702
223, 945
260, 1488
242, 2424
193, 1660
116, 781
1454, 1718
1456, 2149
1841, 2978
1121, 1880
1550, 2337
1615, 2124
59, 2403
918, 2613
439, 2560
1781, 2400
767, 2470
825, 1054
1496, 2798
1029, 2793
330, 777
569, 2704
1815, 2359
2214, 2631
75, 1406
254, 975
634, 1183
2163, 2432
640, 1627
210, 1534
703, 1089
845, 1316
875, 2825
1458, 2140
300, 1143
1702, 2181
1398, 2109
318, 859
2199, 2212
2204, 2921
1086, 2165
574, 1651
415, 628
2180, 2645
1190, 1926
1949, 2289
1451, 2031
187, 1184
401, 1464
732, 2205
1092, 1271
341, 1594
403, 1268
1313, 2303
61, 1997
455, 1267
2626, 2859
510, 2584
124, 1762
183, 1151
378, 384
471, 2798
127, 2193
2081, 2889
99, 791
1860, 2386
1368, 1996
1196, 1226
1417, 2287
304, 971
2259, 2352
1122, 1469
1974, 2100
966, 2214
349, 2020
998, 2997
1080, 2532
394, 1600
739, 1715
1447, 2976
1669, 2363
1242, 1508
52, 108
1106, 1688
2059, 2522
692, 2527
1435, 1783
1010, 2855
367, 1638
56, 1724
282, 1840
1311, 2130
305, 1781
497, 1345
1190, 2881
756, 2195
1153, 1932
359, 1993
873, 2808
439, 2016
868, 2482
26, 547
330, 1305
570, 1093
1115, 2487
113, 636
468, 2204
615, 1219
935, 1381
1609, 2016
54, 1031
2081, 2180
2046, 2224
413, 1899
1957, 1990
1060, 2743
2450, 2920
482, 1747
2327, 2980
354, 2119
714, 2633
625, 983
837, 1433
547, 2244
906, 1104
564, 1818
492, 2748
26, 1588
780, 2110
745, 2599
1836, 2423
907, 1922
1069, 2031
1198, 2591
1129, 2150
1002, 1005
120, 1205
122, 2642
443, 2240
420, 2646
1601, 1953
391, 1580
996, 2665
1827, 2425
123, 1082
1420, 2575
1494, 2751
665, 1539
2025, 2243
2473, 2571
16, 565
993, 2367
1601, 2984
352, 465
97, 2454
1073, 1158
696, 2725
165, 1586
1496, 2769
2429, 2455
1682, 2873
1456, 2730
305, 2251
226, 976
902, 1017
619, 2838
1623, 1791
81, 2686
1489, 2993
1773, 2323
211, 1744
402, 998
2316, 2803
2480, 2808
1211, 2625
572, 2970
314, 1064
1874, 2342
1272, 1678
1914, 2015
1137, 2213
569, 1728
1359, 1893
464, 776
192, 989
491, 2801
1101, 1543
140, 537
758, 1922
1312, 2808
2175, 2239
2829, 2971
1033, 2159
1510, 1677
346, 506
433, 2792
2617, 2652
2407, 2720
809, 2688
1827, 2297
885, 1067
811, 2388
1201, 1243
2566, 2665
2375, 2550
655, 1952
1051, 2909
669, 2118
1045, 1894
842, 2253
565, 2464
20, 529
1129, 2302
521, 2580
386, 1786
2060, 2087
242, 577
629, 2819
650, 1932
2164, 2927
685, 2844
175, 2261
1621, 2266
278, 1615
2137, 2207
2170, 2339
1219, 2264
1287, 2027
35, 2518
1706, 2282
350, 2278
335, 2869
56, 2997
898, 2612
418, 551
578, 612
1262, 2215
1098, 2877
656, 1560
280, 2279
655, 2460
1372, 2177
2196, 2385
177, 2833
1813, 2048
1089, 2217
44, 279
1236, 1899
1078, 1613
460, 919
497, 2376
1374, 2664
1148, 2423
237, 1423
938, 954
423, 577
513, 1654
575, 2096
67, 683
784, 2912
303, 2033
1919, 2519
39, 2572
338, 887
607, 2275
51, 1897
72, 2036
1932, 2579
1209, 1985
2106, 2794
1135, 1882
284, 2578
1073, 2805
737, 2649
2697, 2900
1880, 2782
427, 880
189, 1214
2587, 2760
1094, 2988
1356, 1856
1468, 2547
2159, 2919
2378, 2498
495, 825
1668, 2256
528, 1008
1685, 1882
1830, 1931
2096, 2267
662, 2254
180, 2884
374, 2500
49, 2808
1039, 1710
1267, 1737
1867, 2535
941, 2538
631, 777
346, 895
1151, 2029
373, 815
2103, 2838
174, 2583
1293, 2369
2190, 2975
428, 1762
826, 1982
510, 1042
1021, 2383
133, 2969
337, 2606
277, 2563
229, 2517
561, 627
245, 2122
1020, 2254
2098, 2553
1705, 2806
447, 1727
56, 121
856, 1270
1590, 1646
369, 2631
1915, 2482
2270, 2880
1716, 1824
404, 2298
568, 2394
32, 1028
2200, 2559
2728, 2967
713, 1870
0, 1241
1467, 2526
1699, 2776
2537, 2665
2655, 2896
696, 1585
261, 2708
1218, 2937
808, 980
1590, 1632
166, 2686
1860, 2249
600, 1916
619, 2267
988, 2313
748, 1487
2658, 2929
129, 2945
531, 2616
1088, 1797
1643, 2681
539, 2942
1051, 1816
1090, 2384
1194, 1527
1492, 2430
290, 2566
907, 2403
1157, 2083
1651, 2866
1718, 2211
1053, 1857
334, 2588
514, 2553
952, 1603
391, 1555
188, 1733
1058, 1294
988, 1055
1265, 2164
193, 2151
1223, 2363
1793, 1935
1781, 1838
2117, 2912
273, 2994
257, 310
498, 673
975, 1915
1447, 2933
1503, 2225
846, 2668
412, 644
1703, 2475
785, 926
198, 525
880, 1059
936, 1477
1934, 2140
453, 1397
489, 2313
819, 1980
637, 1727
848, 1683
555, 885
1248, 1941
436, 2736
301, 1492
1587, 2525
1566, 2108
719, 1484
2545, 2805
2293, 2926
463, 2912
116, 677
550, 1948
275, 961
427, 1217
1503, 2110
267, 1497
1477, 2935
700, 1447
1219, 2843
465, 2534
1198, 2617
1415, 1820
1095, 2345
2518, 2648
2239, 2590
182, 1496
128, 1192
1264, 1505
216, 928
971, 1133
922, 1163
1117, 2758
1107, 1184
2010, 2256
813, 2599
221, 1762
167, 348
800, 1746
383, 868
447, 2021
151, 1951
1387, 1834
1927, 2168
1063, 1803
1224, 2553
542, 1350
151, 2735
1893, 1966
2472, 2878
5, 2770
1056, 1141
816, 2256
1046, 2932
1514, 2363
1986, 2370
780, 2723
2302, 2653
1133, 2937
1430, 1904
1413, 1684
851, 2800
991, 1043
537, 798
367, 563
913, 2745
2137, 2453
292, 1585
480, 2142
900, 2986
2770, 2923
1376, 2222
951, 1306
1415, 1617
1833, 2589
63, 2681
144, 2147
1754, 2846
515, 2968
1402, 2549
753, 1683
396, 2483
25, 198
2523, 2913
2014, 2568
141, 685
1533, 2601
1884, 2584
436, 2143
1880, 2248
304, 498
513, 1366
510, 1197
347, 1288
1699, 2013
1446, 1508
1249, 2530
224, 483
1878, 2737
86, 2750
292, 1807
986, 2635
1380, 2629
2297, 2622
750, 1110
436, 2351
1506, 2877
486, 2436
1527, 2950
1273, 2591
2575, 2973
265, 2543
485, 2049
1390, 2628
2278, 2290
2515, 2683
90, 2401
1555, 1787
62, 1818
1876, 2350
1421, 1720
760, 1851
6, 1497
115, 1191
2442, 2582
683, 2904
1367, 2356
1935, 2430
26, 2947
171, 1014
393, 2731
1803, 2066
473, 1558
2102, 2468
920, 2175
1874, 2943
397, 603
988, 2636
847, 1487
1838, 2100
2177, 2485
1182, 2729
1135, 1405
1022, 2534
556, 1727
623, 2410
292, 1558
433, 880
2404, 2901
2030, 2268
1861, 2242
38, 2997
186, 2870
1249, 2390
346, 2690
2321, 2586
1903, 2043
1694, 2302
1421, 2786
640, 2074
1134, 1858
473, 484
426, 2452
579, 1072
945, 2731
125, 259
1439, 1823
1325, 1546
2147, 2613
700, 2531
109, 460
458, 1111
426, 768
1028, 1117
1225, 2060
876, 1856
960, 2133
247, 727
63, 2492
925, 1545
866, 1176
597, 2037
186, 2377
628, 1495
1781, 2683
34, 1146
515, 2179
1269, 2291
1066, 1440
295, 1746
1675, 2943
632, 1822
52, 2473
494, 522
766, 1540
222, 1567
430, 949
1576, 2957
1059, 1489
1219, 2191
822, 2714
143, 1160
676, 2055
890, 1977
1133, 1520
2015, 2588
1188, 2441
1219, 1863
277, 2967
590, 792
452, 786
1190, 1572
1400, 2146
1708, 2798
1269, 2772
83, 670
2415, 2590
990, 2033
1941, 2025
1363, 1676
596, 694
1246, 2749
560, 2501
1050, 2871
625, 1826
482, 833
807, 2954
607, 829
484, 2665
612, 1692
659, 2707
1185, 1604
358, 1752
249, 1249
659, 2599
1809, 2653
31, 2087
2213, 2648
346, 2253
607, 2865
2050, 2529
1065, 2759
2420, 2987
1114, 2327
487, 570
65, 737
778, 1310
753, 1007
2812, 2979
49, 835
375, 693
133, 2479
503, 608
2144, 2640
143, 2350
1402, 1964
2580, 2705
754, 2326
880, 2619
478, 618
2170, 2234
654, 963
2155, 2244
761, 2989
1484, 2108
180, 1317
1792, 2155
600, 1175
33, 1611
1646, 2877
32, 2521
49, 1350
43, 1387
428, 1846
129, 2261
1050, 2923
1491, 1779
268, 2868
1851, 2427
1805, 2011
1569, 2803
1473, 2735
8, 578
1302, 2969
1373, 2370
792, 1316
1701, 2065
826, 2735
200, 2909
1951, 2009
146, 2164
151, 1581
411, 1588
155, 2127
1511, 2702
253, 1105
300, 1295
1569, 2361
1235, 1345
816, 1183
1039, 2834
1472, 2331
2185, 2616
1792, 2379
1496, 2047
339, 2747
90, 1948
1582, 1912
65, 212
1138, 2500
282, 2595
379, 2269
438, 2770
2465, 2939
600, 882
1586, 1683
90, 2284
794, 974
171, 1310
955, 1198
450, 1848
1652, 2624
1963, 2614
122, 1749
2274, 2520
600, 1039
2012, 2994
31, 2431
360, 1974
680, 1889
1475, 2795
238, 731
1075, 1861
1988, 2513
1786, 1967
682, 2318
400, 2502
2199, 2454
738, 2425
1153, 2432
2434, 2949
985, 2618
903, 1879
772, 2527
1941, 2670
1260, 2791
1677, 2314
2707, 2897
2779, 2827
1600, 1796
507, 554
2256, 2584
536, 2039
205, 1429
632, 2849
431, 1012
8, 220
1680, 2452
1437, 1709
1959, 2491
1195, 2685
1588, 2607
736, 919
546, 1663
1195, 2190
1210, 1608
441, 2635
129, 1583
422, 2897
156, 2064
1703, 2476
327, 712
396, 2760
2494, 2804
947, 1526
1309, 2221
5, 2736
1003, 1205
171, 878
777, 1326
2454, 2788
605, 2795
2102, 2192
973, 1374
1673, 2424
1230, 2106
429, 1421
2486, 2798
104, 1208
2151, 2864
2629, 2858
1995, 2428
126, 2013
458, 2187
1355, 2716
1860, 2428
1750, 2312
585, 1454
279, 2431
622, 2315
931, 2457
571, 1915
2118, 2676
1501, 2104
359, 1230
53, 423
1380, 1616
884, 1387
204, 267
88, 927
1173, 1688
1530, 2824
453, 2280
399, 2890
2410, 2470
269, 432
102, 422
234, 2896
646, 1612
1802, 2608
2208, 2478
1226, 1362
1544, 2470
1191, 1794
1798, 2668
1345, 1468
73, 1020
719, 2590
459, 2822
1685, 1900
113, 2363
131, 2958
779, 1175
2124, 2378
596, 2418
256, 1143
1549, 1997
1674, 2374
102, 2890
1876, 2790
2639, 2682
2368, 2767
918, 1553
506, 1025
926, 2576
1169, 1765
1246, 1467
184, 1102
435, 2399
1222, 2930
697, 2908
156, 2917
1017, 1114
199, 1946
697, 1343
241, 1716
934, 1648
1957, 2770
310, 2692
2, 2484
391, 1884
2593, 2932
910, 2366
267, 1560
274, 774
1770, 2897
1898, 1969
2266, 2474
60, 1884
135, 2750
1790, 1851
2088, 2666
417, 1056
319, 983
425, 1091
480, 1922
914, 2086
1848, 2916
791, 2269
756, 1397
984, 2978
269, 777
16, 473
1348, 2653
1542, 2776
218, 1538
1146, 1391
2601, 2804
627, 1753
528, 1116
2381, 2740
1169, 1678
616, 1823
1979, 2207
2119, 2791
933, 943
1501, 2094
1255, 2178
2216, 2264
150, 932
163, 681
674, 1610
1656, 2914
2386, 2642
539, 2130
1315, 2547
976, 1068
955, 1408
2458, 2536
230, 519
206, 2662
223, 2209
775, 1697
2284, 2394
1007, 2425
516, 2752
1918, 2351
1055, 2246
1534, 2066
364, 2806
320, 2202
799, 2621
785, 2338
581, 2263
96, 2783
2642, 2870
541, 769
1768, 2723
1585, 1954
1757, 2618
300, 1797
536, 1559
2392, 2850
1019, 2743
556, 891
698, 2337
37, 948
234, 2243
1664, 2686
530, 2862
1417, 2326
73, 2325
1154, 1782
1567, 1887
1142, 1792
1719, 1928
721, 1163
1572, 2566
2009, 2580
224, 1371
1630, 1716
1593, 2071
2, 129
1539, 2481
20, 1819
1153, 2102
2718, 2884
127, 1262
548, 2128
2521, 2732
1400, 2745
1975, 2999
812, 1557
124, 2018
1109, 1736
798, 2127
557, 2364
1816, 2344
1235, 2272
564, 1876
268, 1855
48, 2172
1423, 2580
1763, 1927
2570, 2607
456, 541
1460, 2720
647, 2121
1981, 2557
503, 778
1715, 1809
1756, 2076
2493, 2801
326, 489
302, 338
158, 953
1651, 2599
764, 1413
1125, 2698
2110, 2303
1523, 2859
1800, 2432
2252, 2335
2347, 2495
1479, 2259
141, 1755
1144, 2737
1213, 2982
421, 2490
1052, 1548
394, 2132
2383, 2868
1916, 2539
2535, 2646
403, 1694
1354, 1446
1540, 2091
85, 508
870, 1528
217, 260
357, 992
329, 2651
1488, 2458
460, 2113
1862, 2966
1592, 2049
2677, 2873
1162, 2937
606, 1861
1054, 1698
964, 1331
2315, 2760
1016, 2464
193, 2437
405, 1892
819, 2018
1035, 1210
1216, 2256
419, 1878
1047, 2994
1661, 1850
1067, 2350
873, 2244
154, 1950
613, 741
1889, 2462
283, 1041
351, 2297
938, 2872
1709, 1846
251, 2986
1179, 2713
246, 2321
2250, 2446
1530, 1836
2310, 2783
1044, 1505
260, 2954
170, 364
1357, 2787
1929, 2765
1632, 2869
1502, 2298
1752, 1972
1353, 2145
2015, 2399
528, 636
527, 2212
370, 2865
2443, 2596
2131, 2405
846, 1701
4, 679
1741, 1825
1897, 2372
364, 1622
1234, 1912
447, 531
652, 2880
142, 1992
1658, 2006
1392, 1509
838, 2339
1679, 2660
1999, 2355
30, 989
672, 1748
1326, 1465
283, 725
2046, 2829
1263, 2409
163, 2161
621, 2867
1708, 2526
866, 2271
1217, 2793
717, 2967
989, 1991
214, 270
1045, 1180
1685, 2891
218, 1764
431, 2416
188, 2013
2071, 2311
1806, 1857
394, 479
378, 2450
1151, 2731
94, 954
1303, 1385
1347, 2178
2104, 2506
1874, 2685
535, 1398
287, 2482
1872, 2085
343, 2659
1118, 2208
1373, 1497
1032, 2182
431, 545
263, 1438
205, 1861
2345, 2895
1235, 2645
962, 2407
923, 1287
180, 371
752, 1333
2030, 2414
289, 375
579, 1479
1639, 2676
1719, 2006
397, 610
1574, 2341
643, 2684
1392, 2970
359, 671
44, 1898
812, 2527
391, 1724
1054, 1452
674, 1119
1256, 1843
689, 1032
1770, 2320
1346, 2078
832, 1959
1874, 2426
41, 2093
974, 2671
1290, 2478
1487, 1637
58, 239
2033, 2556
1924, 2914
1433, 2703
980, 1201
1914, 2857
481, 2339
562, 1552
532, 769
1405, 2697
1405, 2126
1221, 2420
1097, 1332
991, 2348
1322, 2629
675, 1669
194, 680
1612, 2246
1036, 2733
22, 90
1888, 2093
634, 1619
1255, 2167
676, 758
1507, 1756
1616, 2353
952, 2053
930, 1400
171, 2813
1516, 1916
417, 519
1746, 2762
217, 1081
763, 1720
832, 2696
255, 1395
2362, 2876
1331, 1973
1057, 2900
1228, 1561
252, 1252
2696, 2822
601, 645
299, 815
2021, 2986
2012, 2135
1674, 2147
1117, 1167
305, 935
1027, 2385
727, 1396
1840, 2491
974, 1415
242, 1944
1181, 2931
1642, 2341
154, 2512
15, 2066
503, 2886
683, 868
804, 1296
1188, 1564
1418, 2466
348, 2990
298, 2276
217, 461
502, 1539
2624, 2901
576, 2178
2201, 2912
1848, 2153
398, 2187
1541, 2856
1585, 2816
161, 2964
1766, 2675
1306, 1903
1946, 2176
1658, 2860
2053, 2821
1173, 1511
999, 1475
2453, 2755
1482, 2620
1264, 1376
2073, 2898
2075, 2485
1194, 1706
1338, 1648
103, 108
390, 1830
20, 863
91, 1969
410, 587
177, 595
1865, 2178
1230, 2393
1213, 1324
1970, 2637
576, 2409
743, 1679
1745, 1847
1126, 1833
2038, 2798
772, 2522
1276, 1700
618, 651
1766, 2508
528, 2910
734, 1591
834, 1545
1070, 1493
387, 1314
1072, 2805
852, 1538
1801, 2353
1588, 1888
494, 2210
1059, 2001
79, 2200
2203, 2845
2455, 2615
1025, 2856
466, 1493
33, 1974
1357, 1784
1479, 1937
225, 377
995, 2488
1694, 2173
358, 1826
89, 2714
8, 1334
254, 486
2261, 2875
51, 365
897, 1293
538, 2356
154, 1412
269, 1704
861, 2243
1723, 2548
179, 724
1073, 1215
869, 2900
57, 1919
1418, 1733
2658, 2826
1046, 1279
2184, 2607
761, 1527
1349, 2438
311, 2597
526, 1614
838, 2286
643, 1111
34, 1804
2679, 2763
1586, 2726
440, 2540
2411, 2863
2459, 2802
1629, 2988
2005, 2017
90, 1707
85, 2319
804, 2557
146, 1086
1910, 2305
546, 2855
35, 1456
2088, 2728
255, 1403
558, 1727
415, 911
1120, 2538
1009, 1045
82, 1300
207, 2595
578, 1606
769, 2237
370, 2202
737, 1536
164, 333
297, 2789
2044, 2574
583, 2937
2002, 2908
881, 2811
478, 2608
1919, 2346
636, 690
445, 470
316, 2412
1694, 2715
1565, 2219
195, 1422
681, 702
622, 2196
746, 1528
1027, 2101
1108, 2528
46, 1834
1353, 1451
157, 1321
233, 400
1462, 1980
337, 1414
1400, 2761
1078, 1716
1177, 2354
1597, 1857
793, 882
1147, 2533
90, 1513
388, 1885
530, 1335
1845, 1857
1771, 2212
912, 1029
1461, 2566
721, 2720
956, 1533
992, 1115
885, 958
1335, 1550
1636, 2712
181, 381
1258, 2387
773, 2309
315, 1641
917, 2029
1858, 2499
1605, 2602
206, 2221
1717, 2286
1175, 1962
134, 1334
1579, 1845
343, 1702
876, 2624
2010, 2669
1790, 2973
648, 2727
373, 664
535, 687
199, 1599
731, 1659
582, 1504
13, 1745
611, 2552
2637, 2992
383, 2296
478, 1537
1969, 2000
311, 921
950, 2937
1367, 2207
135, 719
400, 2151
1406, 2341
1755, 1831
1671, 1757
688, 2860
176, 788
454, 700
1529, 1728
352, 1410
544, 2265
80, 2052
1005, 2760
339, 1270
257, 1592
871, 2544
818, 1229
452, 899
356, 2083
1274, 2999
1285, 1334
2827, 2925
1114, 2304
2773, 2986
585, 1320
1088, 1801
482, 743
639, 1961
1043, 1853
2349, 2555
658, 2473
1278, 2885
798, 858
1031, 1462
234, 1323
678, 1078
1384, 1854
2780, 2884
568, 2068
937, 1134
141, 2830
1174, 2783
1945, 2990
606, 1869
925, 2941
2006, 2513
963, 1104
116, 169
459, 1891
892, 2378
1211, 2644
1567, 2299
249, 551
1633, 2154
392, 2561
381, 2158
1118, 2567
1864, 2730
444, 1758
1256, 1964
1034, 2205
1485, 2513
296, 881
1453, 2223
1438, 2498
2364, 2460
382, 1481
888, 1743
1582, 1628
2456, 2467
1538, 2467
45, 1713
132, 2314
391, 1731
2407, 2435
921, 2933
106, 2190
481, 904
731, 1035
1575, 2764
1542, 2906
1459, 2662
1299, 2320
486, 2577
2592, 2711
1802, 1849
47, 2670
1018, 2531
1376, 2332
1243, 1905
1589, 2052
455, 2434
2740, 2800
663, 1505
1058, 2704
80, 753
1449, 2097
443, 2864
1635, 1775
1393, 2876
431, 1328
741, 1841
1634, 2410
83, 136
475, 2689
33, 1469
116, 2667
748, 2533
170, 2329
1664, 1781
1433, 2283
1138, 2422
307, 2030
272, 1336
21, 225
1241, 2160
842, 2496
344, 2371
2098, 2294
1, 831
1662, 2902
872, 2083
740, 2705
1597, 2148
157, 1768
1310, 2168
300, 1238
1380, 1404
1462, 1828
270, 699
2637, 2901
599, 1922
1033, 1130
680, 1763
1991, 2037
923, 2854
1512, 1780
540, 2563
1252, 1425
1789, 2525
500, 1612
1533, 1767
36, 1390
1037, 1933
107, 1530
160, 2249
1623, 2888
918, 1314
323, 1301
1524, 2559
1258, 2685
2688, 2877
1170, 2861
1687, 2889
2461, 2741
533, 2830
1900, 2568
818, 1377
1070, 1885
208, 848
1401, 2047
846, 1359
1007, 2095
49, 1442
1464, 1648
1283, 2486
894, 1881
1763, 2873
2098, 2899
342, 2649
1239, 2214
595, 2639
1881, 2100
200, 1099
1062, 2147
195, 1885
711, 1192
363, 842
466, 1390
617, 881
250, 1602
2402, 2456
2281, 2902
735, 1081
865, 1559
1075, 2853
1896, 2640
1741, 2354
1843, 1997
1960, 2561
34, 1079
18, 303
1153, 2445
1568, 2851
1323, 2600
1136, 1788
1363, 2193
375, 2769
1035, 1498
1089, 1203
1369, 2296
2141, 2260
706, 2766
1103, 2144
684, 2334
322, 629
704, 2223
854, 1574
219, 2651
1244, 2270
449, 1622
252, 327
229, 1726
1645, 2875
1174, 1245
591, 2479
191, 1467
1129, 1336
625, 1921
742, 2285
1139, 1821
840, 1302
272, 1156
430, 1532
1385, 2481
1000, 1700
1681, 2961
88, 1225
1512, 2275
1639, 1911
959, 2175
836, 1419
814, 1845
356, 1480
11, 1155
150, 416
611, 823
1455, 1962
994, 2676
248, 1291
215, 710
1387, 1703
824, 940
670, 1161
35, 2160
437, 2747
1050, 1535
774, 1639
904, 2247
228, 1739
274, 1551
179, 2734
696, 2981
1677, 2245
1452, 1795
879, 2863
1504, 1761
2115, 2356
1369, 2134
2306, 2755
762, 867
1337, 1859
1379, 2768
57, 2598
352, 1178
1278, 2785
1233, 1766
796, 2700
1732, 1949
153, 923
1277, 1735
1738, 2041
1112, 1488
2020, 2673
372, 2509
361, 1198
501, 1092
936, 1254
172, 1090
588, 1067
79, 2899
1996, 2974
57, 1835
1425, 1600
855, 2898
1306, 1955
284, 1388
1518, 1805
2334, 2513
619, 2934
414, 2373
117, 2316
30, 1631
1614, 2274
2011, 2995
366, 2321
825, 2360
123, 1097
313, 909
1092, 2640
830, 2919
355, 1561
690, 2417
1077, 1360
168, 1727
518, 2778
23, 1617
1511, 2229
81, 1873
1541, 1924
1667, 2735
2529, 2871
2346, 2449
240, 2592
1666, 2220
1015, 2654
211, 1457
1657, 1967
2190, 2278
2060, 2258
2141, 2169
133, 1126
902, 2232
1146, 1220
2006, 2695
1571, 2121
368, 1978
1165, 1510
329, 1847
1543, 2092
435, 2510
1350, 2082
451, 2509
434, 1910
401, 1200
413, 993
2044, 2175
1515, 2365
446, 1194
718, 1445
878, 2324
633, 1692
951, 2709
504, 2831
1895, 2054
1869, 2408
1759, 2984
604, 2720
1782, 2389
196, 2988
1044, 1712
733, 1538
707, 2089
1248, 2938
407, 1524
43, 232
1812, 2753
185, 2793
698, 1409
852, 2643
1077, 2390
640, 2154
705, 2178
811, 2317
354, 2433
490, 2026
1225, 2022
1066, 2241
823, 2354
571, 2905
1587, 2674
1430, 2463
726, 982
2349, 2886
584, 2033
650, 2186
1378, 2655
2029, 2051
2566, 2572
2100, 2756
1559, 1987
15, 520
1665, 1932
1084, 2122
933, 2818
1371, 2422
28, 2691
1886, 2957
1692, 2882
1756, 2030
1489, 1655
1953, 2734
416, 2105
1577, 2113
2174, 2537
1100, 1439
1596, 2015
1166, 2153
1600, 1971
1428, 1938
779, 2892
2936, 2940
913, 1844
570, 2477
2745, 2953
907, 1288
467, 605
908, 2989
389, 592
1058, 2983
1027, 1204
439, 1729
84, 2417
2494, 2962
878, 2007
1517, 2786
854, 1618
1890, 2567
213, 617
341, 755
262, 2406
593, 2790
558, 594
21, 908
2413, 2465
1057, 1772
1802, 2807
2435, 2511
1085, 1583
790, 2151
1778, 2848
988, 1231
523, 1265
243, 1692
699, 1127
1245, 2034
1909, 2070
1175, 1956
1309, 2623
707, 1048
469, 896
63, 626
898, 2469
822, 2040
771, 1555
1232, 1475
1877, 2830
947, 2336
2442, 2603
239, 1217
96, 1220
42, 176
74, 2038
722, 1038
783, 1691
919, 2429
2232, 2661
1426, 1608
66, 1657
1954, 2663
78, 1125
63, 336
541, 1308
2028, 2516
1632, 1989
874, 1240
1169, 1491
1896, 2395
1211, 1760
161, 483
2062, 2653
534, 2907
1396, 1913
978, 2023
2775, 2996
1761, 1937
844, 1280
528, 1061
1297, 2996
38, 271
2558, 2719
496, 2486
298, 2630
1063, 1983
2799, 2851
1522, 2001
940, 2894
475, 940
2090, 2850
69, 2741
1581, 2307
214, 1625
2157, 2960
617, 836
261, 2582
1708, 1769
995, 2008
827, 1600
1923, 2711
2579, 2835
1290, 1330
1113, 1209
72, 1226
758, 979
362, 2398
679, 2701
708, 2777
2444, 2632
2079, 2606
2706, 2984
317, 2247
578, 843
476, 1773
2469, 2814
589, 1870
94, 2832
1471, 2634
2248, 2808
1031, 1920
1343, 2194
137, 2576
803, 2800
403, 2847
114, 2152
2440, 2860
2099, 2152
275, 1746
371, 1640
505, 1543
350, 1466
1588, 1940
355, 1734
754, 1486
1555, 2330
573, 2186
406, 1867
212, 614
649, 2237
1812, 2814
1011, 2768
98, 2276
1576, 1751
924, 1085
618, 1237
1042, 2333
162, 1957
587, 2242
1928, 2528
1269, 2300
776, 1844
2129, 2254
1724, 2837
681, 2754
62, 1123
916, 2653
1695, 2486
1374, 1500
939, 1218
1842, 1887
723, 2183
504, 1449
849, 1212
1827, 2656
288, 311
1165, 1917
1275, 1939
1181, 2160
10, 1199
424, 2412
1126, 1943
1829, 2233
2255, 2564
1202, 1370
1436, 2528
852, 1525
928, 2238
1547, 2184
612, 2585
40, 293
2277, 2503
1444, 1973
187, 2928
1461, 2956
785, 2710
1170, 2405
1490, 1840
28, 2295
305, 2451
746, 1382
566, 2729
942, 2727
437, 1071
1265, 2647
1286, 1946
185, 2084
95, 2072
1281, 2657
2396, 2691
707, 1452
227, 1871
291, 968
628, 2699
1861, 2507
138, 903
967, 2779
860, 1278
486, 862
573, 1470
1723, 2074
1250, 2546
2723, 2746
1607, 2540
202, 2923
154, 1329
408, 2646
468, 806
810, 1383
1217, 2581
1686, 1920
2380, 2867
231, 484
657, 797
1815, 2129
1647, 1813
580, 977
55, 2489
362, 2675
569, 1499
639, 1365
29, 1076
821, 2832
450, 1004
672, 1649
1994, 2599
64, 2215
1811, 2551
1724, 2035
914, 2609
203, 2804
191, 2157
139, 1519
7, 407
2103, 2231
79, 1282
268, 2516
1958, 2094
787, 2215
302, 2116
661, 2297
725, 1049
992, 1998
48, 251
1742, 2742
1477, 1690
279, 2042
1774, 2880
324, 2646
294, 2198
1942, 2236
353, 912
695, 1411
382, 2911
472, 580
930, 1074
1599, 2397
1246, 1562
401, 2694
340, 1989
1424, 1976
1476, 1703
1938, 2340
159, 552
842, 2056
2781, 2888
238, 549
345, 2739
87, 1687
1968, 2918
355, 2054
2341, 2893
183, 802
548, 2072
149, 230
220, 2915
1150, 2271
337, 1427
2139, 2715
785, 1672
266, 2672
1727, 2951
1902, 2013
635, 1877
2824, 2840
1390, 1908
559, 1171
217, 2107
987, 1665
553, 645
2069, 2358
792, 2738
759, 1209
609, 990
627, 1714
804, 886
12, 1905
235, 2707
1434, 2264
933, 2573
1512, 2067
1907, 2604
1257, 2712
1416, 2038
397, 2972
309, 764
296, 2439
100, 877
1377, 2641
1052, 2004
543, 2242
744, 1180
209, 854
985, 1318
811, 2162
41, 2189
