25.539772
18, 48
86, 97
54, 72
50, 55
46, 59
30, 76
24, 45
11, 80
70, 91
45, 94
7, 99
39, 50
12, 87
36, 86
15, 54
11, 88
34, 71
24, 29
47, 49
31, 63
4, 19
26, 50
1, 44
58, 86
40, 46
1, 78
48, 78
5, 60
34, 75
36, 49
69, 92
3, 22
0, 43
52, 89
11, 79
39, 92
24, 34
45, 92
12, 73
60, 73
31, 91
6, 78
14, 29
49, 95
69, 91
20, 43
42, 44
67, 73
5, 29
74, 79
50, 57
10, 71
32, 94
48, 91
22, 46
2, 18
30, 89
67, 82
37, 67
9, 16
47, 99
43, 46
49, 81
11, 81
89, 96
18, 95
46, 47
51, 53
48, 65
5, 98
54, 75
3, 53
9, 24
32, 56
48, 84
23, 99
17, 43
55, 85
76, 79
4, 11
17, 25
28, 80
67, 90
3, 61
28, 64
53, 83
20, 38
41, 99
27, 47
75, 93
13, 91
68, 78
8, 21
42, 62
29, 33
21, 98
35, 39
46, 66
38, 77
