1.382625
234, 242
165, 221
166, 358
205, 475
25, 76
188, 428
9, 43
152, 233
291, 426
342, 465
117, 240
301, 388
59, 76
251, 470
34, 306
362, 471
327, 484
327, 456
293, 339
79, 481
131, 359
255, 437
29, 372
223, 483
33, 368
205, 432
18, 279
24, 310
117, 299
329, 479
273, 359
121, 438
415, 478
294, 470
20, 180
386, 450
97, 317
137, 420
329, 475
163, 309
269, 491
119, 308
232, 434
54, 149
254, 388
352, 483
19, 114
94, 178
403, 449
27, 376
85, 155
97, 492
195, 407
87, 100
433, 491
37, 130
174, 301
287, 473
129, 318
457, 486
227, 429
26, 395
215, 333
13, 204
232, 248
75, 332
53, 397
211, 409
119, 152
7, 435
12, 319
221, 347
141, 175
20, 378
141, 253
165, 187
71, 298
75, 437
27, 406
346, 360
37, 343
134, 432
356, 408
258, 434
238, 329
101, 335
190, 283
258, 437
275, 374
42, 111
101, 285
131, 371
49, 80
13, 356
289, 341
196, 333
17, 376
30, 229
208, 435
250, 442
227, 440
32, 370
115, 263
129, 288
347, 369
136, 282
221, 232
132, 459
247, 259
20, 344
155, 478
180, 287
314, 383
180, 263
104, 263
259, 435
22, 309
289, 349
295, 327
201, 350
322, 469
408, 477
130, 182
104, 475
202, 320
30, 96
284, 376
24, 265
71, 138
121, 345
138, 322
153, 370
369, 374
253, 424
303, 418
62, 365
410, 428
359, 379
173, 324
128, 465
157, 359
143, 194
14, 429
92, 250
6, 89
182, 301
84, 130
15, 119
122, 433
16, 67
28, 79
176, 384
87, 348
47, 430
173, 498
46, 408
31, 297
197, 322
415, 432
300, 334
50, 367
357, 415
97, 147
156, 406
35, 491
244, 444
3, 37
93, 380
15, 378
161, 203
56, 98
76, 208
339, 384
244, 262
56, 496
18, 287
224, 489
246, 357
195, 424
77, 445
113, 354
130, 322
352, 486
349, 421
302, 487
134, 141
156, 209
91, 255
0, 367
199, 318
284, 454
108, 163
30, 47
274, 350
85, 399
68, 445
352, 407
290, 377
236, 447
306, 493
15, 406
148, 156
47, 237
91, 330
285, 341
175, 384
63, 314
5, 252
120, 397
89, 424
342, 463
170, 423
124, 376
147, 392
443, 448
24, 365
156, 444
166, 496
176, 395
50, 346
281, 462
169, 256
401, 433
8, 341
88, 456
127, 139
157, 287
57, 64
159, 176
302, 424
149, 284
310, 441
120, 359
191, 292
193, 245
166, 217
260, 270
364, 456
416, 430
126, 296
111, 498
371, 394
40, 476
37, 218
168, 259
277, 365
200, 227
36, 329
152, 290
389, 498
132, 211
110, 318
10, 304
32, 224
144, 289
352, 498
156, 267
164, 407
175, 396
174, 392
322, 481
1, 420
394, 492
37, 362
206, 306
136, 242
112, 446
145, 194
143, 388
276, 379
198, 267
167, 347
321, 350
68, 180
296, 335
372, 431
288, 480
160, 350
95, 352
82, 335
129, 425
266, 476
46, 206
240, 475
207, 256
412, 490
35, 56
153, 400
275, 490
189, 492
60, 384
92, 451
94, 411
449, 467
8, 354
79, 144
100, 496
16, 392
50, 353
256, 317
146, 282
325, 327
120, 199
325, 445
34, 261
211, 399
245, 419
4, 419
53, 333
108, 375
56, 407
197, 300
136, 206
438, 460
161, 291
54, 315
342, 450
56, 108
435, 440
221, 278
387, 419
35, 170
43, 90
24, 167
99, 456
66, 177
274, 411
121, 283
144, 161
319, 476
363, 401
31, 466
5, 261
153, 219
7, 149
257, 433
362, 448
220, 279
463, 498
139, 245
361, 427
132, 178
17, 107
39, 83
238, 372
392, 474
92, 344
432, 468
206, 377
349, 367
133, 236
4, 165
33, 119
121, 241
56, 311
199, 265
27, 190
11, 67
344, 476
7, 177
191, 289
105, 426
50, 81
216, 444
99, 338
44, 428
215, 340
12, 21
290, 436
323, 479
69, 297
106, 243
96, 243
34, 452
413, 477
23, 375
72, 272
251, 371
69, 293
109, 277
381, 498
58, 390
27, 417
184, 285
4, 30
135, 272
263, 427
57, 411
14, 142
172, 451
154, 354
202, 396
141, 153
208, 326
44, 353
304, 334
192, 290
403, 468
164, 439
47, 249
62, 102
118, 277
212, 314
45, 435
158, 495
28, 447
24, 103
52, 324
140, 228
171, 253
267, 351
181, 378
86, 103
162, 350
212, 449
102, 281
393, 435
78, 354
181, 228
417, 495
71, 231
337, 412
2, 20
179, 429
190, 420
237, 453
135, 463
88, 464
49, 341
58, 318
321, 398
112, 394
61, 416
48, 433
341, 485
90, 431
214, 353
318, 336
114, 185
270, 412
27, 123
158, 404
132, 210
391, 445
65, 142
73, 297
275, 422
89, 225
19, 165
415, 497
120, 494
51, 121
234, 313
83, 224
206, 268
141, 222
189, 286
44, 331
119, 455
3, 461
198, 307
183, 357
439, 499
414, 463
230, 340
199, 366
133, 418
93, 461
4, 312
280, 294
226, 362
235, 472
388, 402
41, 338
150, 393
92, 305
116, 159
271, 423
233, 316
89, 385
146, 239
363, 472
217, 355
224, 458
55, 163
80, 405
38, 187
298, 482
373, 403
74, 198
35, 213
70, 82
17, 151
75, 186
107, 382
125, 206
185, 328
193, 488
264, 293
