151.000000
0, 49
1, 49
2, 44
2, 45
2, 46
2, 50
4, 18
4, 27
4, 40
4, 48
4, 50
4, 63
4, 66
4, 94
4, 95
4, 100
4, 103
4, 105
4, 109
5, 49
6, 17
6, 62
6, 70
6, 72
6, 79
6, 98
6, 107
6, 116
6, 122
6, 123
7, 43
7, 45
7, 51
7, 54
7, 64
7, 83
7, 90
7, 92
7, 97
7, 104
7, 123
8, 12
8, 14
8, 22
8, 44
8, 57
8, 69
8, 81
9, 12
10, 18
10, 59
10, 60
10, 74
10, 75
11, 14
11, 32
11, 58
12, 16
12, 25
12, 39
12, 56
12, 61
13, 40
13, 42
13, 68
13, 78
13, 82
13, 86
13, 88
13, 93
13, 101
14, 31
14, 47
14, 85
14, 89
14, 96
15, 18
15, 24
15, 52
16, 53
17, 20
17, 30
17, 80
17, 87
17, 99
17, 108
18, 33
18, 55
18, 77
18, 110
18, 117
18, 120
19, 43
21, 42
22, 29
22, 73
23, 40
24, 106
28, 45
34, 47
34, 49
35, 52
36, 48
37, 81
40, 76
40, 102
41, 49
43, 111
44, 65
44, 84
44, 114
45, 67
45, 91
50, 71
38, 49
44, 113
3, 49
26, 49
49, 112
59, 119
49, 118
54, 115
64, 121
