1.322332
27, 32
1, 256
45, 129
84, 156
178, 201
68, 203
149, 237
229, 237
143, 285
112, 252
197, 296
14, 127
176, 263
283, 284
25, 42
39, 85
121, 172
83, 224
120, 135
2, 135
154, 170
287, 295
12, 30
104, 238
98, 197
88, 231
122, 162
83, 299
79, 289
15, 210
63, 123
3, 194
153, 246
68, 258
23, 236
82, 133
4, 247
44, 180
125, 294
150, 194
90, 286
111, 219
139, 174
4, 121
44, 96
37, 51
90, 141
204, 267
20, 85
66, 118
157, 174
3, 120
121, 201
144, 238
125, 267
202, 280
22, 73
137, 172
57, 59
168, 202
108, 189
163, 267
109, 177
25, 36
247, 250
139, 212
102, 245
117, 172
48, 282
141, 218
1, 60
173, 296
38, 241
109, 110
138, 260
10, 71
137, 210
241, 256
45, 86
37, 60
217, 244
28, 230
211, 251
269, 298
69, 158
223, 268
63, 242
197, 243
9, 259
21, 169
60, 157
111, 127
21, 270
8, 230
221, 249
72, 237
101, 282
13, 182
248, 273
78, 142
33, 140
66, 135
153, 293
9, 225
69, 90
55, 97
108, 155
94, 100
230, 236
96, 113
102, 176
254, 293
33, 294
46, 170
120, 220
30, 69
80, 288
128, 273
111, 275
35, 156
38, 75
81, 273
80, 293
189, 263
5, 87
53, 71
160, 227
12, 120
239, 288
50, 173
71, 232
25, 124
124, 193
204, 246
115, 230
215, 219
39, 115
242, 286
118, 215
22, 250
74, 230
30, 239
23, 41
149, 273
39, 164
159, 244
235, 266
152, 165
17, 51
31, 79
259, 280
114, 169
212, 229
50, 276
3, 285
5, 8
2, 82
159, 190
170, 171
157, 213
15, 142
188, 256
128, 223
116, 222
87, 294
2, 142
29, 207
1, 18
219, 232
84, 146
65, 160
208, 270
24, 234
139, 156
214, 224
21, 290
94, 141
18, 90
197, 202
171, 188
102, 214
211, 237
33, 101
111, 279
33, 144
25, 239
87, 205
65, 166
102, 213
113, 244
86, 163
112, 288
195, 240
10, 58
88, 127
187, 267
173, 258
133, 283
228, 283
179, 257
202, 292
16, 20
7, 54
171, 261
135, 182
122, 147
147, 290
259, 261
140, 290
68, 191
152, 202
217, 229
31, 106
216, 290
49, 51
198, 278
67, 252
88, 134
27, 76
112, 200
11, 178
50, 92
148, 164
119, 297
132, 175
49, 265
236, 287
166, 184
104, 167
64, 159
262, 279
21, 206
249, 265
51, 195
145, 215
58, 233
44, 62
160, 280
43, 61
56, 256
92, 181
52, 98
106, 161
121, 255
32, 255
79, 139
38, 105
91, 142
166, 266
133, 271
11, 109
116, 250
159, 281
43, 248
37, 151
8, 274
120, 131
264, 278
24, 261
196, 267
95, 236
40, 60
97, 144
27, 47
153, 192
0, 252
226, 260
38, 209
92, 260
119, 144
203, 277
31, 93
204, 257
99, 243
126, 253
103, 238
77, 222
132, 134
183, 189
130, 139
126, 271
29, 260
54, 145
5, 269
198, 277
6, 216
19, 82
59, 151
251, 291
107, 297
199, 236
89, 227
136, 138
111, 186
84, 272
26, 271
34, 273
185, 241
70, 228
