2.261671
7, 157
13, 328
1, 99
389, 423
83, 194
64, 132
20, 427
12, 373
423, 493
263, 346
49, 146
197, 433
64, 308
30, 311
137, 238
390, 485
18, 177
235, 325
446, 485
133, 365
194, 365
117, 251
12, 71
32, 142
229, 360
428, 440
116, 288
408, 426
105, 192
97, 202
329, 483
421, 466
283, 358
304, 398
213, 357
200, 238
20, 448
2, 376
217, 457
93, 344
52, 141
95, 372
182, 225
323, 332
411, 433
75, 443
135, 255
45, 496
267, 313
67, 498
454, 480
291, 316
77, 238
195, 315
269, 472
46, 272
58, 251
5, 486
33, 189
2, 4
277, 479
118, 401
266, 353
12, 208
109, 404
191, 332
313, 370
461, 496
34, 334
368, 484
292, 321
172, 229
50, 291
272, 477
355, 357
94, 101
216, 243
353, 468
133, 149
88, 336
98, 188
427, 497
109, 458
34, 191
151, 457
2, 15
355, 494
158, 425
139, 334
19, 357
317, 396
53, 407
105, 390
166, 415
295, 297
346, 418
82, 214
25, 174
130, 411
140, 348
109, 381
458, 472
106, 294
203, 301
208, 432
268, 487
80, 286
146, 487
282, 468
32, 450
33, 68
204, 224
46, 298
25, 62
77, 370
84, 451
5, 219
332, 457
85, 337
72, 286
32, 366
101, 103
74, 482
157, 257
160, 459
42, 444
50, 197
15, 174
125, 269
364, 476
294, 365
333, 477
149, 199
234, 290
195, 411
70, 389
99, 102
103, 184
2, 436
320, 473
178, 437
44, 105
102, 408
186, 304
94, 467
47, 387
104, 445
180, 352
81, 172
205, 373
302, 403
225, 294
166, 245
51, 410
213, 309
353, 494
84, 121
261, 443
49, 143
188, 275
76, 282
279, 409
145, 447
152, 498
111, 426
344, 389
352, 454
352, 485
169, 446
16, 134
159, 167
29, 410
1, 225
84, 442
13, 248
140, 206
112, 397
8, 441
146, 364
17, 217
173, 493
30, 485
331, 340
364, 413
271, 494
202, 475
51, 301
400, 467
83, 157
303, 494
346, 358
64, 258
252, 357
241, 454
263, 291
198, 387
3, 348
73, 418
66, 158
152, 466
207, 368
74, 90
278, 379
47, 314
168, 183
137, 290
22, 57
321, 384
66, 267
18, 310
309, 470
274, 382
162, 291
200, 470
81, 134
343, 384
124, 249
11, 269
49, 249
8, 210
44, 268
326, 399
60, 408
353, 490
2, 371
43, 145
398, 441
82, 288
287, 324
14, 289
289, 361
99, 272
143, 289
44, 69
94, 452
37, 149
121, 455
2, 489
83, 123
134, 417
103, 290
222, 306
75, 316
310, 452
42, 396
153, 173
186, 365
118, 336
40, 396
259, 312
273, 282
0, 306
249, 405
287, 349
27, 102
280, 293
133, 394
65, 371
187, 239
340, 387
148, 418
19, 232
102, 317
129, 228
285, 474
43, 77
39, 188
27, 263
100, 155
153, 468
115, 172
99, 339
16, 45
248, 454
387, 429
220, 384
66, 108
2, 222
26, 129
139, 303
108, 133
23, 129
139, 286
68, 445
217, 289
298, 375
107, 129
317, 391
290, 378
22, 65
67, 423
222, 329
48, 380
0, 198
125, 313
58, 112
45, 77
105, 118
348, 491
3, 220
24, 472
117, 330
232, 276
336, 431
68, 201
7, 489
170, 469
68, 302
347, 432
149, 242
155, 380
95, 98
376, 385
38, 212
50, 285
457, 463
9, 135
74, 487
52, 303
180, 187
136, 294
430, 495
12, 243
253, 413
208, 212
246, 380
312, 479
11, 348
214, 423
165, 170
34, 100
392, 465
277, 328
363, 381
52, 270
48, 256
238, 247
175, 486
33, 339
203, 250
64, 396
16, 95
113, 198
48, 159
203, 219
72, 196
100, 402
41, 490
386, 492
80, 138
170, 372
422, 453
211, 424
24, 412
117, 431
49, 120
344, 462
122, 123
46, 319
35, 36
38, 235
149, 383
359, 401
127, 222
36, 401
155, 284
45, 367
57, 427
128, 433
61, 313
281, 332
55, 211
281, 388
38, 84
126, 191
373, 400
103, 175
96, 407
353, 465
53, 311
86, 104
193, 381
26, 265
181, 497
29, 488
218, 246
29, 341
148, 179
9, 299
320, 441
70, 420
186, 300
248, 492
350, 358
402, 460
296, 339
260, 403
211, 301
77, 438
215, 473
36, 56
111, 244
116, 233
279, 354
129, 301
65, 327
278, 467
156, 420
7, 231
79, 201
219, 223
32, 56
50, 437
171, 315
466, 478
22, 475
246, 349
282, 409
89, 253
313, 377
114, 188
6, 50
236, 383
170, 414
262, 276
211, 280
154, 324
190, 388
143, 150
122, 449
416, 481
254, 264
78, 396
123, 406
40, 207
240, 424
31, 393
222, 428
176, 326
31, 210
85, 350
87, 171
135, 486
456, 483
319, 416
326, 350
230, 426
231, 471
342, 405
147, 250
177, 237
209, 406
165, 495
77, 362
290, 318
163, 202
395, 485
76, 166
63, 276
382, 471
338, 363
8, 435
24, 131
226, 352
21, 91
92, 413
28, 64
4, 374
189, 221
361, 464
492, 499
127, 345
119, 422
10, 411
19, 183
21, 48
82, 356
54, 182
207, 297
9, 453
204, 445
335, 448
210, 459
325, 369
198, 322
91, 254
74, 110
185, 269
343, 419
386, 434
161, 355
99, 305
12, 307
163, 164
1, 59
23, 227
428, 439
144, 164
31, 351
