22.798001
293, 468
128, 429
664, 844
468, 950
27, 594
367, 479
276, 651
401, 815
775, 974
600, 661
510, 651
690, 998
12, 739
44, 966
393, 777
272, 896
638, 789
520, 908
61, 361
292, 929
397, 832
169, 592
80, 535
29, 78
25, 435
172, 671
288, 439
94, 513
501, 548
257, 514
39, 508
97, 558
625, 657
683, 820
271, 565
386, 452
822, 874
315, 687
172, 876
508, 763
782, 829
362, 887
114, 903
442, 989
26, 299
247, 417
307, 504
161, 997
177, 449
462, 935
647, 985
196, 337
257, 495
443, 495
173, 764
548, 980
202, 596
252, 550
501, 526
230, 930
193, 696
229, 398
190, 362
45, 661
904, 952
38, 980
268, 426
302, 795
313, 423
439, 815
502, 532
515, 829
39, 117
362, 463
827, 963
88, 789
217, 339
39, 225
65, 903
387, 555
22, 863
281, 904
755, 931
315, 564
263, 677
94, 460
204, 551
215, 992
496, 782
798, 858
321, 834
431, 954
128, 837
371, 884
19, 254
147, 231
316, 349
835, 903
247, 606
469, 825
57, 862
168, 719
663, 846
227, 915
17, 704
190, 284
718, 979
157, 417
737, 893
935, 943
494, 919
802, 809
30, 416
910, 948
51, 770
559, 651
285, 568
718, 997
245, 619
847, 984
619, 994
456, 570
136, 616
401, 695
103, 398
201, 391
575, 802
260, 471
202, 403
73, 501
632, 698
393, 472
875, 886
106, 249
505, 813
410, 793
857, 925
559, 677
345, 509
125, 662
301, 798
197, 612
414, 522
68, 536
860, 891
138, 550
671, 789
880, 915
509, 918
164, 264
581, 789
466, 552
777, 786
537, 792
43, 172
42, 440
310, 628
426, 429
14, 541
649, 810
394, 507
671, 817
601, 656
491, 582
895, 959
434, 832
215, 500
410, 664
356, 803
722, 735
71, 498
294, 947
91, 707
150, 374
31, 881
780, 843
513, 899
74, 630
660, 726
313, 491
329, 763
84, 705
273, 786
223, 742
92, 901
773, 774
637, 711
493, 854
499, 987
262, 451
138, 611
323, 752
827, 901
398, 646
25, 51
378, 591
533, 870
359, 419
662, 744
265, 718
547, 907
563, 700
530, 742
823, 996
783, 866
800, 810
61, 496
256, 993
340, 805
27, 600
299, 972
947, 986
393, 966
546, 561
110, 186
739, 890
453, 818
13, 403
288, 451
582, 776
584, 671
89, 470
277, 895
486, 976
324, 373
344, 921
47, 774
1, 909
386, 498
160, 499
204, 348
358, 732
486, 619
366, 760
69, 903
532, 662
920, 990
13, 803
4, 291
206, 802
146, 671
22, 273
491, 753
154, 222
148, 410
380, 664
589, 601
163, 454
495, 712
133, 197
85, 433
91, 929
196, 812
351, 586
867, 974
687, 792
100, 987
471, 869
806, 964
780, 834
105, 301
733, 907
544, 829
85, 136
315, 829
716, 920
215, 946
119, 472
655, 729
212, 456
82, 214
816, 832
603, 611
245, 693
154, 160
355, 866
879, 955
177, 672
247, 530
11, 696
69, 516
213, 710
93, 170
185, 310
46, 330
59, 800
17, 195
678, 858
733, 892
322, 828
206, 617
27, 359
34, 167
9, 194
369, 400
124, 468
42, 511
423, 620
400, 921
536, 982
441, 698
396, 542
363, 939
143, 490
51, 680
308, 535
111, 869
376, 680
72, 973
210, 316
786, 940
198, 930
152, 453
569, 933
129, 914
235, 596
45, 655
48, 836
80, 295
96, 712
284, 302
647, 892
540, 867
113, 728
259, 357
46, 843
363, 501
203, 848
48, 541
355, 986
152, 897
64, 539
728, 762
576, 664
221, 303
164, 388
540, 734
282, 291
453, 594
39, 735
296, 416
15, 304
13, 193
185, 707
539, 769
564, 942
165, 277
33, 109
154, 624
618, 633
435, 699
35, 683
37, 757
79, 622
726, 971
965, 978
411, 722
459, 971
282, 994
80, 567
13, 908
700, 732
561, 663
191, 988
472, 719
414, 520
423, 868
558, 805
273, 971
152, 928
430, 543
396, 662
29, 566
478, 832
206, 648
405, 934
225, 743
953, 972
79, 360
409, 714
53, 225
53, 118
212, 747
192, 399
801, 934
155, 916
152, 638
196, 799
152, 523
232, 629
562, 656
558, 850
579, 975
213, 932
449, 572
491, 866
505, 687
281, 354
488, 566
162, 771
202, 411
204, 297
868, 890
249, 282
641, 904
460, 730
580, 826
289, 579
445, 628
343, 511
207, 755
1, 33
166, 717
148, 225
847, 912
106, 530
591, 903
372, 671
19, 258
493, 631
705, 919
291, 630
257, 405
173, 223
172, 548
36, 179
149, 870
327, 835
28, 921
144, 403
113, 590
929, 964
13, 192
41, 243
595, 753
337, 384
575, 882
63, 261
20, 549
1, 21
769, 802
793, 816
454, 622
175, 998
167, 966
213, 269
590, 689
87, 578
285, 637
358, 644
777, 907
140, 572
590, 847
106, 491
161, 475
174, 263
6, 639
86, 898
45, 101
390, 815
123, 359
16, 748
176, 284
333, 695
249, 784
155, 465
222, 742
689, 793
426, 575
421, 610
649, 715
56, 979
122, 911
213, 739
45, 516
880, 898
347, 846
195, 564
97, 960
660, 873
697, 731
527, 551
666, 701
39, 855
118, 633
184, 480
220, 317
169, 487
598, 793
30, 832
606, 614
204, 966
112, 144
661, 774
24, 449
450, 682
405, 539
402, 991
496, 710
449, 499
1, 433
6, 729
351, 441
192, 911
810, 947
346, 851
429, 678
95, 656
361, 676
55, 343
136, 398
165, 179
328, 802
83, 266
514, 986
445, 482
276, 967
68, 707
183, 311
445, 664
732, 969
264, 285
115, 736
426, 550
395, 950
83, 122
169, 474
44, 402
1, 910
368, 461
288, 857
53, 364
633, 944
723, 924
831, 890
198, 643
254, 531
366, 821
625, 682
536, 946
541, 605
736, 748
150, 398
133, 715
634, 669
200, 352
173, 640
83, 489
215, 648
118, 389
446, 838
157, 918
41, 521
34, 94
409, 688
52, 74
422, 874
739, 808
392, 746
328, 584
99, 714
115, 298
513, 611
71, 833
302, 639
100, 150
373, 876
395, 723
207, 329
893, 913
635, 851
131, 929
407, 431
815, 995
54, 844
769, 981
22, 990
892, 945
447, 659
65, 218
153, 995
301, 521
55, 469
429, 861
185, 657
331, 567
309, 947
24, 408
223, 549
428, 497
292, 843
500, 538
627, 999
143, 156
423, 721
681, 849
105, 244
289, 968
451, 621
336, 791
213, 285
714, 938
237, 812
169, 932
368, 610
168, 407
176, 904
512, 980
367, 689
543, 868
246, 334
73, 342
554, 570
332, 834
7, 870
635, 803
429, 532
125, 221
513, 906
58, 417
130, 962
63, 965
256, 625
4, 785
163, 537
271, 423
257, 896
882, 997
184, 939
285, 325
288, 452
618, 768
570, 834
157, 627
271, 658
444, 449
29, 496
387, 448
386, 396
43, 111
25, 405
108, 577
450, 703
200, 863
352, 531
68, 812
686, 693
830, 952
194, 496
737, 782
269, 914
788, 809
578, 906
19, 448
434, 958
232, 684
738, 881
320, 626
677, 913
11, 970
629, 639
589, 734
160, 320
150, 233
544, 927
590, 771
734, 933
526, 933
289, 965
507, 696
210, 719
84, 985
319, 559
340, 543
82, 313
377, 972
79, 886
807, 853
674, 754
81, 440
494, 839
360, 400
127, 490
244, 874
279, 613
604, 841
271, 930
56, 458
659, 983
275, 391
268, 937
605, 946
243, 701
300, 484
159, 979
322, 634
347, 538
521, 761
509, 706
738, 812
498, 560
15, 41
149, 783
409, 631
366, 798
51, 972
440, 740
307, 520
445, 845
561, 613
247, 905
593, 641
34, 996
395, 813
814, 827
384, 428
93, 715
254, 277
87, 632
501, 690
631, 835
757, 809
8, 147
286, 813
673, 734
141, 424
469, 519
194, 503
599, 936
269, 334
261, 604
91, 797
75, 795
335, 339
358, 440
108, 993
195, 955
220, 641
126, 293
458, 597
231, 737
136, 227
697, 878
208, 516
153, 239
211, 958
180, 663
31, 607
72, 492
57, 388
515, 936
70, 346
107, 997
378, 608
452, 794
192, 483
133, 623
65, 141
217, 500
261, 574
407, 860
529, 638
306, 950
17, 724
587, 735
23, 687
825, 966
219, 237
631, 848
872, 901
131, 917
445, 665
249, 731
162, 477
425, 909
465, 913
9, 765
308, 581
20, 280
191, 538
224, 846
485, 751
18, 586
40, 999
158, 354
303, 758
291, 517
442, 690
725, 991
856, 936
323, 779
242, 759
434, 923
371, 733
48, 137
77, 398
188, 819
16, 458
104, 175
290, 369
648, 820
21, 675
759, 839
330, 727
350, 733
452, 840
283, 762
109, 382
807, 890
60, 682
353, 628
140, 756
805, 949
667, 953
59, 579
212, 420
383, 423
305, 596
240, 563
267, 500
142, 509
374, 702
649, 961
74, 877
708, 750
412, 729
321, 365
117, 670
5, 391
610, 739
536, 977
234, 953
393, 900
808, 885
72, 260
381, 462
411, 642
210, 778
236, 929
312, 518
121, 584
951, 957
415, 997
62, 490
578, 751
345, 669
314, 899
252, 518
98, 954
772, 846
11, 90
85, 811
186, 233
422, 484
120, 523
10, 160
679, 805
277, 580
62, 443
516, 790
767, 911
85, 432
338, 936
134, 365
440, 814
188, 453
476, 685
318, 495
5, 658
137, 943
719, 889
487, 645
564, 681
322, 481
56, 446
687, 796
135, 231
596, 741
116, 520
301, 852
752, 789
50, 856
505, 691
311, 901
525, 997
255, 798
595, 922
353, 766
304, 962
539, 888
737, 824
749, 863
2, 933
187, 611
336, 939
218, 685
31, 438
859, 968
122, 926
804, 994
266, 781
110, 842
89, 302
66, 891
528, 903
169, 241
379, 845
392, 938
745, 957
145, 887
78, 466
287, 802
341, 423
3, 381
653, 763
235, 956
615, 680
745, 904
553, 624
67, 319
79, 171
199, 578
212, 668
32, 762
467, 886
209, 539
216, 766
264, 534
362, 720
381, 864
189, 306
385, 741
274, 306
871, 975
440, 659
413, 875
270, 828
436, 862
292, 692
750, 994
0, 44
286, 326
232, 427
654, 886
221, 278
567, 588
226, 331
196, 437
189, 717
250, 313
76, 919
102, 400
238, 713
237, 585
180, 181
445, 902
205, 302
248, 634
0, 557
146, 883
571, 881
524, 899
602, 642
18, 506
455, 912
556, 648
39, 636
238, 659
226, 406
609, 639
259, 931
151, 476
464, 686
524, 650
10, 754
158, 182
472, 941
178, 233
79, 370
404, 701
715, 787
81, 709
457, 832
418, 913
228, 665
139, 290
160, 545
243, 573
473, 658
405, 894
74, 865
583, 963
132, 146
70, 253
481, 694
49, 225
251, 406
201, 375
400, 652
