1.349489
0, 89
44, 89
89, 98
17, 98
9, 17
9, 69
9, 36
17, 60
36, 43
43, 99
43, 84
38, 43
25, 38
25, 32
8, 38
8, 61
3, 32
3, 18
18, 59
25, 47
18, 74
2, 74
54, 74
81, 99
25, 35
35, 49
49, 68
12, 68
16, 68
12, 15
30, 99
29, 30
5, 35
5, 88
83, 88
54, 92
59, 93
32, 97
56, 88
7, 56
7, 86
37, 60
37, 53
47, 87
32, 40
40, 58
46, 58
2, 23
23, 45
10, 45
12, 55
34, 55
55, 75
6, 59
22, 58
83, 95
5, 48
33, 55
9, 73
32, 42
14, 88
2, 4
31, 59
1, 45
41, 97
67, 75
11, 40
60, 91
35, 94
51, 94
66, 75
60, 64
64, 65
0, 85
78, 88
50, 61
43, 52
24, 64
64, 79
70, 79
63, 70
63, 72
62, 63
16, 90
55, 76
27, 32
27, 80
57, 95
31, 82
23, 71
0, 39
18, 28
20, 91
52, 96
21, 56
31, 77
26, 73
5, 19
10, 13
