24.616999
0, 41
41, 215
41, 189
77, 189
215, 271
171, 271
14, 77
189, 260
183, 260
183, 268
54, 268
39, 183
27, 39
39, 170
5, 170
174, 183
16, 171
174, 184
98, 184
98, 211
129, 211
18, 129
18, 259
259, 280
18, 180
106, 180
29, 180
29, 269
29, 273
106, 178
226, 280
64, 226
95, 183
95, 220
171, 214
158, 171
152, 158
158, 201
76, 201
39, 118
118, 251
222, 251
31, 222
31, 84
84, 147
33, 147
103, 222
67, 84
103, 298
262, 268
7, 262
7, 92
78, 262
92, 239
239, 244
216, 244
48, 239
48, 100
157, 244
130, 157
216, 230
119, 230
119, 187
15, 187
15, 292
1, 292
187, 289
258, 289
124, 289
187, 264
15, 126
126, 242
227, 292
235, 292
137, 235
196, 235
114, 235
235, 256
218, 256
231, 256
125, 231
125, 246
50, 246
165, 231
191, 235
230, 266
48, 285
243, 285
243, 283
212, 283
203, 212
258, 276
121, 244
2, 266
66, 289
234, 244
91, 130
264, 265
188, 265
155, 265
119, 195
80, 203
37, 80
80, 136
130, 146
146, 272
36, 118
9, 77
9, 97
9, 154
73, 97
29, 151
30, 227
30, 90
90, 257
30, 148
253, 276
253, 297
266, 296
128, 273
104, 128
8, 104
8, 245
98, 139
125, 135
83, 135
118, 123
110, 123
44, 189
84, 156
140, 156
140, 299
143, 156
107, 143
152, 206
115, 206
62, 115
84, 228
167, 228
167, 168
65, 168
59, 168
59, 241
228, 277
43, 167
43, 113
43, 58
58, 87
110, 149
5, 161
49, 147
49, 223
20, 49
225, 285
82, 225
32, 82
32, 138
32, 294
117, 225
192, 294
225, 255
85, 255
85, 287
51, 287
19, 51
19, 142
142, 172
21, 287
21, 47
47, 93
55, 93
38, 55
38, 181
38, 57
57, 186
51, 173
57, 202
138, 209
86, 209
86, 279
109, 279
156, 166
108, 243
44, 160
68, 160
68, 263
190, 263
46, 190
46, 232
131, 232
46, 291
190, 249
46, 63
145, 190
63, 261
60, 261
56, 60
56, 88
56, 210
6, 210
6, 238
60, 197
6, 275
102, 263
102, 194
293, 294
34, 93
137, 288
252, 288
137, 179
74, 179
42, 74
42, 248
36, 120
65, 112
112, 290
112, 144
22, 144
219, 269
150, 219
71, 172
81, 189
236, 249
200, 269
200, 237
141, 237
237, 278
111, 237
159, 237
39, 96
40, 158
23, 171
59, 284
282, 296
132, 282
79, 132
101, 132
122, 132
67, 89
162, 253
133, 196
133, 254
94, 254
197, 247
54, 75
13, 266
24, 78
24, 198
126, 153
60, 274
72, 254
61, 282
189, 199
11, 47
175, 285
124, 169
169, 213
182, 194
224, 251
31, 233
164, 197
12, 164
164, 240
52, 240
127, 247
18, 177
185, 294
26, 55
149, 207
10, 90
53, 147
35, 162
260, 295
27, 204
4, 38
94, 281
134, 145
163, 294
163, 176
25, 63
69, 145
28, 49
154, 270
187, 205
193, 205
17, 239
194, 221
221, 229
116, 135
149, 286
99, 220
5, 70
133, 267
217, 289
68, 250
3, 251
38, 208
45, 208
105, 223
