1.322332
0, 252
112, 252
112, 288
80, 288
80, 293
153, 293
153, 246
254, 293
239, 288
204, 246
204, 267
125, 267
125, 294
163, 267
33, 294
33, 140
30, 239
12, 30
30, 69
69, 158
69, 90
90, 286
90, 141
141, 218
12, 120
120, 135
2, 135
3, 120
3, 194
150, 194
66, 135
66, 118
120, 220
242, 286
63, 242
63, 123
118, 215
215, 219
111, 219
111, 127
14, 127
111, 275
3, 285
143, 285
2, 82
82, 133
87, 294
5, 87
5, 8
8, 230
28, 230
230, 236
23, 236
115, 230
39, 115
39, 85
20, 85
74, 230
23, 41
39, 164
2, 142
78, 142
15, 142
15, 210
137, 210
137, 172
121, 172
4, 121
4, 247
121, 201
178, 201
247, 250
117, 172
22, 250
22, 73
219, 232
71, 232
10, 71
53, 71
94, 141
94, 100
18, 90
1, 18
1, 256
1, 60
241, 256
38, 241
37, 60
37, 51
60, 157
157, 174
139, 174
139, 212
38, 75
17, 51
212, 229
229, 237
149, 237
72, 237
149, 273
248, 273
128, 273
81, 273
157, 213
188, 256
128, 223
223, 268
139, 156
84, 156
35, 156
84, 146
171, 188
170, 171
154, 170
46, 170
211, 237
211, 251
33, 101
101, 282
48, 282
111, 279
33, 144
144, 238
104, 238
25, 239
25, 42
25, 36
25, 124
124, 193
87, 205
102, 213
102, 245
102, 176
176, 263
189, 263
108, 189
108, 155
102, 214
214, 224
83, 224
83, 299
86, 163
45, 86
45, 129
10, 58
88, 127
88, 231
187, 267
133, 283
283, 284
228, 283
16, 20
171, 261
135, 182
13, 182
259, 261
9, 259
9, 225
259, 280
202, 280
168, 202
197, 202
197, 296
98, 197
173, 296
197, 243
50, 173
50, 276
173, 258
68, 258
68, 203
202, 292
140, 290
21, 290
21, 169
21, 270
114, 169
208, 270
147, 290
122, 147
122, 162
68, 191
152, 202
152, 165
217, 229
217, 244
159, 244
159, 190
113, 244
96, 113
44, 96
44, 180
216, 290
49, 51
67, 252
88, 134
112, 200
11, 178
50, 92
148, 164
49, 265
236, 287
287, 295
104, 167
64, 159
262, 279
21, 206
249, 265
221, 249
51, 195
195, 240
145, 215
58, 233
44, 62
160, 280
160, 227
65, 160
65, 166
166, 184
56, 256
92, 181
52, 98
121, 255
32, 255
27, 32
27, 76
79, 139
79, 289
31, 79
31, 106
106, 161
38, 105
91, 142
166, 266
235, 266
133, 271
11, 109
109, 177
109, 110
116, 250
116, 222
159, 281
43, 248
43, 61
37, 151
8, 274
120, 131
24, 261
24, 234
196, 267
95, 236
40, 60
97, 144
55, 97
27, 47
153, 192
38, 209
92, 260
138, 260
226, 260
119, 144
119, 297
203, 277
31, 93
204, 257
179, 257
99, 243
103, 238
77, 222
132, 134
132, 175
183, 189
130, 139
126, 271
126, 253
29, 260
29, 207
54, 145
7, 54
5, 269
269, 298
198, 277
198, 278
264, 278
6, 216
19, 82
59, 151
57, 59
251, 291
107, 297
199, 236
89, 227
136, 138
111, 186
84, 272
26, 271
34, 273
185, 241
70, 228
