24.367278
0, 659
659, 844
844, 1035
1035, 4954
0, 1266
655, 659
655, 3661
655, 3683
0, 4590
3736, 4590
3096, 3736
1266, 2511
366, 2511
366, 2782
2373, 2511
3683, 4839
2519, 4839
3805, 4954
849, 3805
849, 3537
3537, 4415
4415, 4781
2760, 3537
2507, 2760
2507, 4476
4476, 4503
2507, 3622
2507, 3667
3667, 4594
3486, 4594
658, 3486
406, 3486
3122, 3486
846, 4415
3486, 4053
424, 4053
424, 3481
2697, 3481
1820, 3481
1820, 2508
2650, 4415
3414, 4476
163, 846
163, 4168
163, 4485
4073, 4415
4073, 4596
3790, 4073
3436, 3790
3849, 4596
1473, 3849
3591, 3849
1797, 3591
1797, 4440
290, 4440
282, 3591
282, 368
368, 4628
368, 2395
2395, 2788
2603, 4440
2074, 2603
2603, 3542
2649, 3122
2649, 4895
776, 2074
317, 659
1669, 3122
2373, 4055
517, 4055
4055, 4860
4177, 4860
2682, 4860
2649, 4062
4062, 4539
1866, 4062
2737, 4539
1652, 2737
1652, 2918
2737, 3639
1803, 3639
927, 3639
927, 2645
1066, 2645
927, 4869
18, 927
1066, 3643
1520, 1652
1486, 1520
1486, 2451
2451, 4431
1893, 4431
2757, 4431
2757, 3562
1486, 3929
3929, 4801
1520, 4298
1772, 4298
566, 1772
1772, 3426
1893, 4299
1066, 2483
2483, 4150
1587, 4150
1587, 4479
73, 4479
1829, 2483
1587, 4001
305, 2483
2483, 4499
1587, 2967
1638, 2967
2431, 2483
2431, 4097
3411, 4479
1899, 3411
73, 2125
1260, 2125
305, 4120
4120, 4396
3434, 4396
1548, 4499
1638, 3912
3629, 3912
3986, 4499
1941, 3986
1941, 2357
254, 2357
3860, 3986
3860, 4360
2382, 2431
1653, 2382
1437, 2382
833, 1260
2357, 4515
1778, 4396
416, 1778
1621, 1778
1437, 4703
1252, 4703
1252, 2412
2412, 4063
465, 4063
504, 4063
732, 4063
465, 3245
283, 3245
504, 970
3151, 3245
2278, 4063
2278, 3648
3648, 4375
1454, 4375
1321, 4375
1321, 1329
970, 4507
283, 1627
732, 3297
682, 3297
365, 682
365, 4547
1662, 3297
1662, 2419
1662, 4278
734, 970
3181, 4547
801, 3181
801, 3198
780, 3181
3198, 3516
911, 3516
911, 2854
2764, 3198
1284, 1321
2412, 4256
922, 4256
922, 1629
1261, 4479
192, 1261
970, 4585
3151, 4879
4219, 4879
4184, 4219
419, 4184
419, 3593
3770, 4184
3147, 3770
475, 3147
475, 812
812, 1333
1548, 2514
970, 3100
3100, 3798
3593, 3837
2441, 3837
880, 3837
3217, 3629
1753, 3217
339, 1753
339, 3785
3785, 4189
374, 4189
339, 3359
1714, 3359
1433, 3217
339, 3632
369, 4189
1433, 3389
3389, 3430
3389, 3463
1170, 3463
1170, 4531
3055, 4531
1683, 4531
652, 1683
1170, 1498
1458, 4531
3281, 3430
1673, 3055
1673, 3677
228, 3677
2864, 3677
543, 3677
543, 4717
3376, 4717
425, 4717
425, 3981
2781, 3981
543, 2270
1189, 2864
1189, 3787
526, 1189
3787, 4662
3417, 4662
1191, 3417
1573, 4662
2136, 3417
1148, 2136
1148, 3726
1549, 3726
2136, 3534
3534, 4393
1148, 2426
1148, 2550
3389, 4894
850, 4894
850, 4057
4057, 4472
1152, 2270
3306, 4662
228, 1111
1111, 1718
1549, 4871
1929, 4871
439, 1929
2606, 4871
2606, 3722
835, 4871
78, 835
78, 1814
835, 3566
78, 4520
2119, 3566
78, 1011
1011, 2531
2531, 3611
374, 1865
1328, 1498
1011, 3833
3833, 4505
3059, 4505
3857, 4505
3857, 4626
2695, 3833
2695, 3491
139, 3306
652, 4460
2459, 4460
2459, 2719
2136, 3814
3814, 4854
6, 4854
2160, 3306
2160, 2828
2160, 3530
1191, 4052
627, 4894
4230, 4440
698, 4230
1670, 4230
2508, 4976
3988, 4976
1998, 4976
3988, 4637
2240, 4637
1126, 2240
420, 1126
1126, 4534
4349, 4534
1861, 1998
529, 4637
89, 1998
1314, 3988
1314, 3668
1314, 2259
1998, 3457
3457, 4465
758, 4465
602, 4465
602, 3812
3224, 4465
1813, 1998
1924, 4637
2259, 3374
3117, 3374
3374, 4060
1924, 3655
3117, 4266
1301, 2519
907, 1301
907, 1267
907, 2523
358, 1941
358, 3985
3026, 3985
3026, 3187
3026, 3230
3187, 3441
3203, 3441
3591, 4617
4617, 4880
2354, 4880
2354, 3970
308, 1454
308, 3161
308, 4822
308, 1263
1263, 4210
4210, 4351
1959, 4351
1900, 1959
3028, 4351
862, 3028
10, 862
862, 4166
577, 4210
10, 4111
3453, 4210
1306, 3453
1306, 1731
1731, 4763
1081, 4763
617, 1081
1731, 2486
56, 862
56, 4070
1825, 4070
1825, 3890
1081, 2762
2762, 3855
2674, 3855
2614, 2674
2307, 2674
2762, 2989
1120, 2614
914, 2989
32, 914
914, 3897
2250, 2614
20, 2250
20, 2095
1408, 2095
1408, 3804
177, 3804
967, 3804
967, 3946
259, 3946
1775, 3946
3131, 3946
3131, 3195
3131, 3274
1064, 3274
1408, 2763
1628, 2763
2488, 3946
2488, 3716
272, 2488
1408, 2994
1426, 3195
3431, 3804
3431, 3640
3640, 4389
4389, 4553
259, 2284
2284, 2546
2546, 2861
20, 4385
3848, 4385
3653, 3848
3280, 3653
1393, 3848
252, 1393
252, 4810
252, 4795
1393, 3323
3323, 4932
1633, 4932
189, 252
1115, 3323
1115, 2694
349, 967
349, 3744
1350, 3744
1350, 2304
2304, 4105
2304, 3502
349, 4516
2653, 4810
1021, 2653
724, 2653
724, 2453
250, 2453
250, 3806
745, 2453
250, 2889
105, 2453
2973, 3806
1001, 2973
2973, 3781
3328, 3781
630, 3781
630, 666
666, 872
872, 2322
2322, 3816
1833, 3328
1833, 1874
1001, 1471
2973, 3909
2529, 3909
1001, 2518
2518, 3467
3467, 4949
872, 2736
2736, 4833
2774, 4833
2708, 2736
1769, 2322
1001, 3424
2774, 3660
2635, 3660
1089, 2635
1089, 4714
2635, 4175
1089, 4967
1868, 3806
1868, 2896
2896, 4796
4694, 4796
706, 4694
706, 1659
1288, 2896
1868, 4735
3781, 4953
2896, 4719
2972, 4719
2972, 4362
1028, 2972
451, 1028
4067, 4362
2583, 4067
2454, 2583
643, 2454
1934, 4067
508, 1934
1934, 3302
1650, 1934
1650, 4982
1934, 3346
1505, 4982
4678, 4735
407, 2973
105, 4683
1081, 2533
1490, 2533
480, 1490
1490, 2133
892, 1490
2133, 2472
2472, 4329
2472, 4379
1251, 4379
1251, 3977
2504, 3977
1335, 2504
2504, 4868
1335, 4616
2891, 4616
2346, 2891
2346, 3331
218, 2891
218, 314
837, 2346
837, 3219
3219, 4437
263, 4437
263, 1644
245, 4437
489, 3331
2076, 3331
1717, 4616
1335, 1533
263, 3232
2535, 3232
247, 837
778, 1335
778, 4412
1825, 3623
3623, 3666
3302, 4142
460, 724
3518, 3890
1397, 3518
1028, 1656
71, 2614
71, 4232
71, 882
2387, 4232
203, 2387
11, 203
11, 1681
1623, 1681
1623, 4829
1623, 4114
450, 4114
1623, 1757
1757, 2863
203, 1150
1150, 3823
1623, 3878
2387, 4558
2527, 4558
2124, 4558
1098, 2124
538, 2124
1098, 4447
667, 3878
59, 667
59, 4250
59, 808
808, 1309
1309, 4464
1577, 4464
667, 1208
1208, 4730
1208, 4135
667, 4896
808, 4634
3928, 4896
3255, 4896
1064, 3788
1397, 2667
1389, 2667
3165, 4070
1263, 2500
1095, 2500
2500, 3024
1047, 4616
1047, 3512
2988, 3512
2752, 2988
1408, 1591
785, 1591
785, 1785
1785, 2220
2193, 2220
1785, 3152
81, 2220
2090, 2193
785, 918
918, 948
463, 948
463, 3558
463, 3364
2193, 4659
2785, 4659
2152, 2785
1984, 2785
1984, 4533
4533, 4748
1013, 4748
1013, 2019
1984, 3046
3046, 3077
3077, 3952
3952, 4723
4483, 4723
2778, 3077
2684, 2778
236, 2684
3794, 4723
1054, 3046
3794, 4704
1916, 1984
1373, 4659
1373, 3854
372, 4730
3417, 3764
265, 3764
3764, 3769
2595, 3769
3243, 3769
554, 3243
246, 3243
2758, 3243
122, 3243
122, 253
253, 3471
1584, 3471
253, 2975
2971, 3471
2971, 3943
2755, 3943
253, 3344
3943, 4173
2719, 4355
4355, 4772
952, 4772
952, 3811
952, 2197
2546, 4469
1518, 3666
1163, 1518
1163, 4512
2842, 4512
2842, 4741
873, 4741
3920, 4741
2842, 4253
3535, 4253
2722, 3535
2842, 4774
586, 1163
586, 3499
375, 586
2590, 3499
2461, 2590
760, 2431
239, 760
239, 3997
418, 3997
418, 1318
1318, 3109
418, 2295
2295, 3472
239, 1745
21, 3997
21, 2750
2018, 2750
2018, 4102
93, 4102
760, 3143
2537, 3823
2537, 2727
1325, 2781
1325, 4540
1899, 4629
3154, 4629
3154, 4307
3928, 4919
2953, 4919
2953, 4570
2939, 4570
2953, 3750
3625, 4919
3625, 3914
1109, 4919
3660, 3713
3608, 3713
2741, 4634
2198, 2741
2343, 2741
1733, 2736
790, 1733
790, 1740
1740, 1823
1499, 1823
1499, 2979
2611, 2979
3683, 3795
3247, 3795
606, 3255
2755, 2871
2, 2871
2, 3442
888, 3442
888, 3035
888, 1982
1982, 4843
473, 4843
1289, 4843
473, 1079
1079, 4390
3035, 3468
3468, 3720
2499, 3720
1050, 2499
1050, 1556
1556, 4922
2604, 4922
2604, 4225
3182, 4225
1985, 3182
888, 2658
1315, 4922
1341, 1556
4843, 4877
1309, 2079
2079, 3662
1276, 1627
2795, 2891
164, 2795
2855, 3230
2855, 4972
1535, 4540
1535, 4140
4014, 4140
2943, 4014
96, 1535
1535, 2593
363, 1535
363, 2146
363, 2686
500, 1535
920, 2146
920, 4007
1477, 4007
221, 3640
221, 718
221, 2619
1718, 3938
2184, 3938
20, 3464
2426, 2936
169, 2936
309, 2090
637, 1252
4184, 4996
2202, 4996
846, 1708
1309, 2260
7, 2260
2524, 4014
2524, 4288
2555, 4288
454, 2611
1778, 2628
2628, 2668
1477, 1729
552, 1729
392, 552
392, 2858
1014, 2535
1014, 3171
2809, 3171
2809, 3801
3801, 4603
906, 3801
3873, 4603
1955, 3171
273, 1955
273, 3983
906, 3580
311, 1955
311, 4006
4006, 4818
1882, 4006
965, 1882
644, 965
311, 4959
1514, 4818
1514, 2252
3738, 4465
2587, 3738
1502, 2587
2587, 2623
2677, 3738
3738, 4883
3820, 4883
497, 3738
497, 2029
2029, 2784
2258, 2784
435, 2258
435, 4907
2623, 3899
2029, 2925
1378, 1502
1502, 2712
2712, 4319
4319, 4674
3789, 4674
1672, 4319
527, 4674
527, 4496
527, 2128
1801, 4496
130, 1801
527, 1247
1247, 1914
264, 1914
1247, 3757
817, 3757
1144, 1247
527, 2164
1265, 2164
2164, 3772
3772, 4427
2712, 3381
2275, 3381
2275, 4698
3869, 4698
2212, 4698
3700, 4698
3681, 4698
238, 264
238, 4000
4427, 4435
2837, 3899
2039, 4435
1660, 2039
1660, 4813
2194, 4813
2616, 4813
2276, 2616
2616, 3160
2616, 4265
2616, 3402
3402, 4340
4340, 4367
3157, 3402
3157, 4235
1144, 4251
4251, 4322
2455, 4322
2121, 4322
557, 4251
557, 1070
1351, 2455
2455, 2506
2506, 2902
2262, 2902
99, 435
99, 3078
2476, 3078
1966, 2476
2276, 3577
3577, 4916
4916, 4952
792, 3577
792, 2625
2625, 3521
1884, 2625
1884, 2366
2305, 2837
1330, 2305
1330, 3029
353, 3029
1198, 3029
1076, 1198
3475, 3577
1402, 3475
1402, 2963
1559, 2963
1402, 4361
1082, 3475
1007, 1082
2247, 3157
2247, 3112
2033, 3112
2033, 2069
3112, 3747
1666, 2069
2247, 2701
1784, 4319
1660, 4718
2390, 4718
4269, 4718
587, 2390
193, 587
587, 4374
160, 4269
160, 4341
1608, 4341
4341, 4689
1943, 4689
587, 2460
2460, 4908
160, 4323
1165, 1608
1164, 1165
1164, 1467
1164, 4670
2814, 4670
3312, 4670
3410, 4670
1164, 3638
1467, 4263
1618, 2390
2460, 2767
2841, 4670
1943, 2418
2355, 2418
2366, 3162
2482, 4322
2482, 3582
1601, 3582
1848, 3582
1848, 3233
187, 3233
187, 2024
2482, 2820
1519, 2820
1519, 4136
1601, 3916
2424, 3916
370, 3916
1586, 2424
1586, 3027
1531, 4136
187, 3493
2424, 3445
3445, 4784
1324, 1586
1324, 3642
3642, 4726
2838, 4726
1278, 2838
1278, 2608
147, 2838
147, 4315
2001, 2838
4480, 4726
893, 3445
893, 4824
3240, 4824
4405, 4784
1502, 2228
2228, 4817
994, 4817
994, 2770
2746, 2770
4323, 4999
608, 4999
608, 2990
2990, 3754
608, 1748
1748, 3875
209, 3875
43, 3875
43, 3934
466, 1748
1748, 4324
1527, 4324
3944, 4324
1921, 4324
2771, 3944
2771, 4639
2420, 2771
131, 1527
131, 4381
31, 43
31, 4467
1748, 2630
919, 1527
919, 4727
110, 4727
3615, 4727
331, 3615
3944, 4406
1531, 4205
3819, 4205
2711, 3819
2094, 3819
60, 4205
1099, 3157
1099, 3011
1695, 3011
3011, 3036
3036, 3115
3312, 3383
2587, 2636
726, 2636
2636, 4981
1987, 2636
1987, 4115
3110, 4115
1544, 3110
4751, 4916
1472, 4751
2449, 4055
1182, 2449
2449, 3454
1996, 3454
1255, 1996
346, 1996
346, 1579
1579, 1968
1038, 1579
2106, 3454
1255, 3393
262, 3393
262, 673
143, 3393
733, 2449
733, 2466
757, 2466
757, 3964
3009, 3964
757, 1675
2466, 4579
353, 3552
3552, 4581
3363, 4581
3126, 3363
2503, 3126
1915, 3117
1149, 1915
1149, 3634
1814, 3556
2428, 3556
2428, 3081
1562, 3081
729, 3081
2551, 3081
2551, 3694
839, 3694
1169, 3694
1169, 1352
1352, 4892
1562, 2997
2997, 3388
2021, 3388
3388, 4640
839, 4165
1799, 2551
1799, 2632
2632, 4310
3688, 4310
3984, 4310
1436, 3984
1436, 4889
1106, 2632
677, 1436
1106, 1258
1223, 1258
1223, 4179
445, 4179
445, 2945
1963, 2945
3156, 3984
255, 2632
1619, 2551
1619, 4463
3156, 3585
3688, 3696
2399, 3521
2399, 3659
2399, 2928
535, 2928
1965, 2399
866, 1965
866, 2530
1474, 2530
145, 866
145, 2584
145, 680
680, 4487
1585, 4487
3815, 4487
1097, 4487
2530, 3831
2399, 4592
4592, 4832
936, 3659
2413, 3815
2413, 2495
2495, 4980
680, 2773
2773, 4352
1585, 4636
357, 4636
1086, 2530
1086, 1541
1541, 2662
1244, 2662
634, 1086
3438, 4352
3307, 3438
3815, 4100
4100, 4970
1533, 3628
3628, 4872
3350, 3628
3908, 4872
3908, 4432
2910, 4872
2910, 3300
1188, 3300
231, 1188
103, 231
2157, 4006
2157, 2688
2688, 3724
762, 2157
3402, 4081
4081, 4231
1070, 3972
1180, 2202
1180, 2219
1180, 2913
1873, 2913
483, 2913
1180, 4759
1180, 1435
220, 2913
197, 220
197, 931
220, 3128
3128, 4359
197, 1184
1184, 4037
931, 2502
3128, 4093
1070, 1462
1462, 4268
294, 4268
294, 2872
294, 4526
2867, 4526
2539, 4268
1462, 4621
1611, 2395
1914, 3925
2732, 3925
2732, 3444
2567, 2732
1280, 2732
306, 2322
306, 756
756, 4752
3741, 4752
1823, 3142
650, 3142
650, 881
881, 2620
2620, 4912
3758, 4912
958, 1426
1262, 2449
1899, 2306
1741, 2306
1741, 1810
543, 821
60, 547
547, 2875
547, 4133
1558, 4133
1689, 4133
1689, 2070
1281, 2070
2070, 2961
536, 2304
981, 1586
795, 2722
795, 1016
296, 2708
134, 2304
134, 1246
1246, 3052
44, 2029
44, 3551
1146, 3551
1146, 1640
513, 1146
2882, 3551
2882, 3974
142, 2882
44, 2575
2575, 3808
1590, 2575
3808, 3884
3525, 3884
3884, 4271
779, 3808
779, 1491
3525, 4247
3206, 4271
1207, 3206
1207, 2505
45, 3683
746, 2732
2217, 3240
2217, 4059
3255, 4123
4123, 4783
1761, 2523
936, 2053
2692, 4136
2017, 2692
253, 1815
1815, 1932
482, 1932
1863, 4266
733, 3039
2528, 3039
2715, 3039
961, 2715
961, 4119
4119, 4378
2380, 4378
4378, 4441
1204, 2715
1204, 4830
1792, 4830
1792, 4890
410, 4830
410, 4207
2268, 4207
2268, 4791
999, 4830
999, 2993
165, 1792
165, 4736
165, 3451
961, 2465
2465, 3144
4119, 4589
1792, 3559
3559, 4842
1204, 3765
3400, 4441
788, 1321
681, 788
681, 3510
681, 2540
2006, 2540
2006, 2176
1909, 2176
1809, 2176
883, 2176
174, 883
174, 3428
883, 1679
1679, 4041
1425, 4041
1425, 2377
2176, 4330
2039, 4543
2216, 4543
2216, 4688
2216, 4124
3524, 4124
3342, 4124
2077, 2216
1853, 3342
1853, 2154
3867, 4543
350, 3867
3867, 4197
350, 804
804, 2245
2245, 4036
4084, 4688
2983, 4084
818, 4084
818, 3626
1989, 3867
1989, 2898
1989, 4885
4443, 4885
4443, 4939
388, 4939
388, 1227
590, 4443
901, 1227
864, 901
2718, 4443
2718, 4915
3673, 4915
2718, 4328
432, 2718
432, 3291
3291, 3978
222, 3978
3635, 4328
1366, 3978
1317, 1366
1366, 3881
432, 2002
316, 3881
3978, 4536
897, 3291
897, 3497
316, 3796
2641, 3978
2641, 4642
3528, 4036
3528, 3960
350, 1334
886, 4999
886, 3583
886, 3345
3727, 4496
92, 3727
92, 4948
2995, 4948
413, 2995
413, 1158
413, 4311
550, 1158
550, 2612
92, 4354
672, 4354
72, 2995
2694, 2922
372, 884
153, 884
153, 1460
1460, 3194
1460, 3210
3210, 3879
2235, 3879
3879, 4820
3311, 4820
1592, 4820
1592, 2349
487, 4820
403, 4820
3210, 4449
748, 4449
179, 748
748, 2402
748, 3555
3898, 4820
1362, 3898
1781, 2198
1781, 3927
3404, 3927
3404, 4624
284, 1921
2875, 3598
3598, 4666
540, 4666
1447, 4666
470, 1447
234, 1447
470, 3365
3253, 3365
3253, 4851
234, 1911
3365, 4267
1133, 4267
3756, 4267
622, 3756
540, 1734
1142, 1734
1065, 1142
1734, 2659
2659, 3763
1065, 1404
1404, 1822
1404, 4997
1404, 2443
1404, 2263
444, 3763
444, 3633
3633, 3762
3762, 4767
3633, 3776
1822, 4326
4326, 4938
2720, 3763
498, 2720
498, 2020
2020, 2670
66, 2670
1264, 2720
1264, 1275
391, 498
391, 2315
2315, 3900
1634, 3900
1131, 3900
364, 3900
364, 562
1600, 3900
1634, 4212
2091, 4212
198, 4212
198, 2949
562, 1864
1758, 1864
982, 2949
2315, 4827
2061, 4827
1537, 2061
1212, 2061
1391, 2315
104, 1734
104, 3830
3830, 4257
739, 1264
3847, 4326
2057, 2061
1002, 2057
104, 1399
498, 3477
1370, 3477
2097, 2949
2097, 4561
4456, 4561
4104, 4456
2876, 4456
2055, 2876
1294, 2876
2462, 3253
212, 1370
212, 1369
1369, 4163
1369, 2589
2589, 4848
2589, 4482
135, 212
2589, 4604
4604, 4768
1830, 4163
2201, 4848
1646, 4848
1294, 3919
1071, 4851
1071, 4653
1071, 2768
521, 3763
521, 1122
521, 2835
2835, 4082
3366, 4082
3288, 3366
3288, 4414
1845, 4414
1507, 2503
416, 501
501, 4110
1609, 4110
103, 398
2693, 2983
2693, 2978
2978, 4906
387, 2978
387, 2817
387, 3533
2249, 3533
276, 2249
3533, 4600
4600, 4797
3963, 4797
1124, 2249
2714, 4797
1444, 4906
612, 1444
2249, 2471
2910, 4933
2454, 4903
2577, 2785
1383, 1600
1383, 4501
1137, 4501
130, 2765
395, 2765
395, 1311
304, 1311
1311, 2813
1522, 2813
395, 701
767, 2813
1522, 2816
2765, 3975
2813, 3071
304, 1795
610, 1795
701, 1550
582, 1550
146, 582
146, 2445
1311, 4273
304, 3265
1470, 3265
1470, 4091
536, 4484
1528, 4484
1528, 3189
2591, 3189
3189, 4241
2155, 4484
3871, 4970
3871, 3935
3935, 4950
417, 1120
2765, 4573
405, 4854
1044, 2575
1507, 4382
445, 4700
2756, 3436
2291, 2756
812, 2182
4433, 4637
1914, 3550
1770, 3747
1770, 3684
3409, 3684
3308, 3530
402, 3308
402, 1218
1334, 3385
1752, 3059
1704, 4271
2588, 3374
2506, 2730
838, 2730
838, 1564
1564, 3547
46, 3547
2730, 3033
46, 1534
2730, 4211
3033, 3482
3482, 4550
1497, 3482
323, 4550
1497, 4492
1497, 4477
389, 2508
389, 4397
389, 1090
3934, 4625
3793, 4625
1767, 4625
2978, 3596
566, 1135
1135, 4633
4633, 4864
704, 4864
704, 3378
1821, 3378
2473, 3378
2280, 2473
790, 3587
475, 3290
1594, 1767
93, 4742
4401, 4742
2961, 4862
875, 4862
875, 4038
809, 875
809, 2935
342, 2935
342, 4514
601, 4514
601, 2679
158, 4862
1405, 3916
1405, 3843
2513, 3843
1405, 4458
955, 3843
955, 1045
469, 1045
469, 3465
3465, 3872
3731, 3872
3872, 4017
75, 3872
3872, 4016
2403, 4016
295, 2403
38, 3731
38, 996
1663, 4016
2403, 4527
3872, 4667
75, 1375
1187, 1375
1187, 1297
1187, 2078
2078, 3784
1187, 3353
1375, 3440
515, 3784
515, 3246
295, 1604
1156, 1604
1604, 1806
1375, 1766
1045, 3001
2787, 3001
1181, 3001
2513, 4331
3592, 4331
3592, 4297
996, 2966
2726, 4331
2726, 3852
570, 2726
570, 4926
716, 4926
716, 3360
2726, 4157
3979, 4157
3979, 4663
983, 2726
983, 3733
983, 3504
1248, 3733
2108, 3360
1084, 3733
1084, 3367
1295, 3367
1020, 3367
852, 1020
2036, 3367
2036, 4403
541, 4403
1375, 3129
988, 3440
988, 3319
1956, 3319
1012, 2787
1151, 2403
1569, 2403
232, 1569
1569, 3228
1971, 3360
1971, 2552
1971, 4074
2552, 4530
4453, 4530
3527, 4453
1764, 4453
2058, 4453
1243, 4530
1243, 1412
1412, 2937
2192, 2937
786, 2192
1410, 2192
1410, 4645
3810, 4645
786, 1195
1410, 1415
774, 1415
639, 774
1415, 4276
3538, 4645
3538, 4671
2298, 3538
2298, 4069
1245, 4069
2298, 3501
3809, 4276
574, 639
2058, 3098
1971, 2806
2552, 3183
1971, 4966
2916, 4966
3287, 4966
2081, 2916
511, 2081
414, 4966
2081, 4623
4564, 4623
414, 1841
4270, 4966
2833, 4645
414, 1883
1883, 4289
3889, 4289
2319, 3889
1883, 4130
2050, 4130
2050, 3868
2050, 2427
2427, 4068
1540, 2427
2388, 2427
890, 3868
890, 2344
736, 890
736, 2372
1635, 2833
1635, 2321
33, 2321
33, 4448
2378, 3098
464, 2378
2378, 3732
1400, 3732
3732, 3999
1828, 3999
2799, 3809
2799, 2974
87, 2799
241, 2193
241, 3656
521, 3042
394, 2974
394, 3712
95, 394
95, 1302
1302, 2035
2035, 4409
1110, 4409
633, 1110
633, 4191
1110, 2850
764, 2850
783, 2850
2045, 4191
2045, 4066
2862, 4066
2862, 4296
3939, 4296
3939, 4559
3254, 3939
1077, 3254
1077, 3697
3697, 4239
3546, 4239
522, 3697
1077, 4141
819, 4141
2311, 3697
1077, 4223
1077, 2281
154, 2281
3840, 4239
1077, 1398
687, 3840
687, 2592
124, 687
124, 430
802, 3840
802, 2859
959, 2281
959, 1046
1046, 2846
503, 2846
503, 2004
2547, 2859
2547, 3236
1381, 3236
477, 1381
3236, 4391
2908, 4391
1381, 4712
4399, 4712
1036, 2547
455, 3236
455, 3278
2852, 4399
633, 4444
1508, 4444
280, 3712
3095, 3254
1110, 2037
2037, 2302
957, 2037
822, 2037
822, 3641
310, 3641
2780, 3641
2751, 2780
106, 2751
2470, 2780
106, 3259
3259, 4793
293, 4191
1302, 1812
539, 1812
539, 4841
4223, 4347
1302, 3674
542, 2176
2810, 4073
1887, 2810
4262, 4441
1211, 4262
1452, 4262
1802, 4262
1802, 2102
1636, 2102
1545, 4262
2444, 4262
2444, 4555
740, 3643
2638, 4748
2762, 4648
2840, 4648
4595, 4648
2664, 4595
1129, 2664
1824, 4648
1824, 2952
1039, 1824
1638, 1896
1896, 2361
2361, 3322
2697, 3235
695, 4115
342, 2671
195, 2671
1932, 1946
1946, 3545
1946, 4148
1632, 4683
1632, 4580
367, 536
367, 546
367, 3895
1908, 3486
3242, 4382
1492, 4014
74, 4399
74, 2999
74, 3204
2716, 4341
1210, 2716
2227, 3100
2063, 2227
2063, 4178
1178, 3475
199, 2202
2437, 4232
949, 2437
2567, 3369
2606, 3040
623, 3040
623, 3002
916, 3040
623, 3797
1328, 4945
3106, 4945
88, 4945
2425, 4945
1676, 2425
517, 3500
277, 4097
277, 3721
277, 3043
4351, 4606
4220, 4606
367, 4302
2227, 4664
412, 4664
1490, 2847
559, 2847
2545, 2847
723, 2545
723, 3888
2802, 3888
1857, 2545
1785, 2041
248, 2041
248, 4946
1224, 2041
206, 1224
2926, 4946
2397, 2926
1219, 2397
1219, 3937
446, 1219
446, 1566
1566, 3146
3146, 3418
396, 2397
446, 1386
270, 1386
2485, 4751
1304, 1474
1304, 3387
1304, 2761
176, 2761
27, 176
27, 3330
2039, 4627
3561, 4627
3561, 4327
3010, 4327
3118, 4327
1875, 3118
971, 1875
1875, 2463
2463, 3821
3821, 4517
3065, 4517
3657, 4517
971, 4815
748, 1176
556, 1176
556, 2873
1177, 2873
4477, 4838
294, 2191
65, 2913
3248, 4698
1456, 3248
1456, 4369
3248, 3375
365, 1780
1780, 2706
1780, 2541
2541, 3105
2644, 3105
2601, 2644
629, 2601
629, 1377
1108, 3552
3441, 3850
2971, 3379
3379, 3462
3462, 4033
4540, 4989
3326, 4989
3165, 3599
1240, 3599
1240, 2602
2234, 2602
2234, 3321
449, 1311
463, 4873
837, 3004
4070, 4975
728, 4975
7, 648
648, 3041
2840, 4198
207, 1350
2323, 4972
2323, 2969
1448, 2323
115, 1448
115, 898
2807, 2969
898, 2594
2594, 3616
2458, 3616
2594, 3526
902, 3526
115, 656
656, 3954
474, 656
3954, 4112
3439, 4112
3005, 3954
656, 1482
1482, 1950
1482, 3408
2954, 3408
2923, 2954
1448, 1651
1822, 2917
2367, 2917
2917, 4799
3948, 4799
3948, 4709
2064, 2367
1273, 4799
1273, 2347
2347, 3749
3575, 3749
2572, 3575
2038, 3575
1141, 3575
1141, 4419
998, 4419
488, 998
97, 488
1308, 3634
1308, 3132
2980, 3132
3132, 3739
855, 3739
855, 2865
855, 3751
3568, 3751
2190, 3568
1390, 4460
1390, 4556
2032, 3667
2032, 4778
240, 4100
2173, 2486
405, 579
579, 4914
945, 2533
632, 945
4556, 4572
3115, 4766
525, 4766
525, 1709
525, 1019
525, 3509
878, 3509
247, 2976
640, 1528
1393, 4185
4347, 4510
71, 1551
380, 1551
380, 1154
380, 2446
2446, 3148
841, 3148
104, 1354
132, 1354
132, 1371
132, 4035
1371, 3427
132, 2166
2166, 3907
3376, 4549
1897, 4549
1758, 2886
2886, 3064
599, 2886
999, 2093
357, 1988
518, 4397
518, 2271
1069, 1181
1069, 3013
1069, 1368
605, 1368
605, 1575
1575, 4028
851, 4028
851, 2818
107, 3013
3367, 4529
217, 804
881, 1958
3028, 4665
553, 4665
553, 2342
191, 2342
553, 2870
553, 2702
1768, 2870
756, 4108
304, 1080
1144, 1555
1788, 4801
2705, 2865
377, 2705
377, 2906
377, 1870
1075, 1870
1075, 3250
1630, 3250
1630, 2450
1183, 1630
645, 1899
645, 675
675, 3231
2905, 3404
1725, 2905
1209, 2905
1725, 2356
2356, 2368
1725, 3565
58, 3565
58, 3298
2698, 3298
58, 2525
3565, 4344
208, 4344
208, 558
208, 4747
384, 4747
4312, 4747
3067, 4312
1337, 4296
1337, 1596
454, 467
474, 1332
108, 1188
808, 3021
3696, 4722
1394, 2923
29, 3587
29, 4109
29, 3959
29, 39
39, 1981
938, 3527
196, 3673
1054, 4438
2297, 4438
2297, 3355
2538, 3027
2220, 3824
317, 2409
844, 1037
2538, 3543
43, 1342
895, 4719
3584, 4369
2605, 3584
2605, 4898
2605, 4771
1732, 3584
1145, 1681
1145, 2174
1427, 1462
485, 1427
485, 1538
1538, 3780
1427, 2849
371, 2849
1771, 2849
916, 2801
170, 2801
2430, 4895
1973, 2430
1350, 2438
2841, 4290
2940, 4290
2779, 3028
2779, 3048
2779, 3936
1624, 3936
2030, 2779
2497, 3048
509, 3936
509, 942
942, 4086
1048, 4148
1048, 2147
1048, 1930
135, 329
4740, 4939
100, 2307
35, 358
1473, 3452
2989, 4151
219, 4151
1747, 4151
779, 1744
484, 1744
1543, 3228
55, 3465
2237, 3661
39, 1654
2152, 4846
1588, 4302
560, 1588
560, 1602
1347, 1602
1602, 4245
427, 1602
1602, 3686
1515, 1588
1190, 1347
560, 954
954, 986
986, 3324
986, 1453
1453, 2353
438, 2353
1649, 3509
2810, 4363
773, 4592
688, 773
688, 3862
3719, 3862
638, 3245
638, 3015
669, 2063
669, 1268
669, 1944
1272, 3112
25, 602
3905, 4895
1334, 2360
735, 2360
2360, 4979
1683, 2303
2303, 3967
350, 2642
1029, 2642
1029, 4392
1029, 1703
1170, 2791
2791, 3447
1450, 3447
2194, 4118
518, 3825
3825, 4149
689, 3793
689, 3802
879, 3802
3802, 4858
689, 815
443, 4858
2664, 4047
3910, 4289
3910, 4029
2288, 4029
2083, 2288
984, 4029
4029, 4445
3915, 4029
2067, 3915
829, 2067
829, 1542
1542, 2562
478, 829
37, 2083
37, 4309
362, 4309
362, 4587
3142, 4849
2019, 3998
3998, 4303
4303, 4943
2404, 4303
1143, 2404
1143, 4054
507, 1143
507, 2557
507, 1118
507, 4018
4018, 4085
1407, 4943
1407, 2365
1722, 2033
324, 1722
324, 2172
1760, 2172
1271, 4140
867, 1271
3281, 3799
3799, 3818
150, 3411
150, 2131
1820, 1923
1923, 4356
4495, 4939
2745, 4495
654, 4495
654, 4696
4495, 4669
1580, 2172
1580, 3658
2520, 3658
1580, 1668
1668, 3213
3050, 3213
3050, 3327
3213, 3588
616, 3588
992, 3213
994, 4376
2104, 4516
949, 3644
714, 3644
1501, 3027
217, 1847
1172, 1847
1172, 4646
76, 1172
76, 2647
1369, 4787
789, 4460
789, 1254
1254, 3968
3386, 3968
3968, 4291
1486, 3220
390, 4667
302, 3983
4684, 4868
3421, 4684
851, 4876
337, 4876
4876, 4904
2423, 4904
337, 1894
337, 4092
2151, 4092
2789, 4092
1086, 3260
700, 3260
700, 2848
2391, 3260
3826, 4949
3826, 4837
2895, 3749
2447, 2895
2447, 3384
1285, 3384
1285, 4699
1256, 4699
1256, 1293
759, 1293
490, 1293
759, 4931
759, 3980
1103, 3980
759, 3692
580, 4931
2161, 4699
2161, 3211
490, 4563
858, 4563
2074, 2633
1833, 2627
2627, 3357
2713, 3357
1370, 3088
2775, 3928
1134, 2775
1667, 3043
2712, 4632
828, 4627
1486, 3474
3474, 4080
4080, 4836
4172, 4836
3429, 4172
887, 4836
2758, 3994
1093, 3994
1315, 2211
258, 2211
258, 571
571, 2815
2748, 2815
258, 2332
1975, 2332
2726, 3459
690, 1704
2477, 2727
2088, 2477
2477, 2790
1819, 2790
1917, 2477
720, 1917
720, 3395
3395, 3479
3425, 3479
2327, 3479
727, 2896
727, 1700
1700, 1983
1322, 1983
23, 1322
23, 1612
727, 3460
971, 3020
2597, 3020
1030, 2597
3020, 3212
1030, 4125
1733, 3201
711, 2450
2411, 3959
2411, 3229
2411, 2689
2411, 3531
959, 3971
1964, 3971
1964, 2065
751, 2065
2065, 2345
2251, 3971
2065, 2267
452, 751
452, 3394
823, 2267
823, 2376
1892, 2376
1296, 1892
1296, 2739
1905, 2739
1905, 4528
1296, 3382
2430, 4552
498, 1974
2509, 3287
1796, 3350
736, 4548
662, 4548
1079, 1798
2810, 3191
3383, 3407
1923, 3373
3373, 3403
564, 2091
564, 4493
3775, 4493
1388, 4617
3414, 4584
3631, 4584
3631, 4654
1742, 3631
1742, 2369
1392, 2369
2524, 2911
2251, 4545
4306, 4545
3272, 4306
3272, 4320
4545, 4882
2208, 2925
173, 3165
119, 640
119, 3485
3485, 3786
119, 3014
1091, 3014
534, 3014
534, 4565
3341, 4565
534, 3728
1300, 3728
289, 3728
2502, 4413
3597, 4413
553, 3032
1906, 3404
1906, 4261
2005, 4261
2005, 3996
1439, 3996
2242, 2761
981, 3680
2460, 3817
3818, 4009
4009, 4286
2850, 4779
4394, 4779
2722, 3141
3766, 3776
30, 3766
1119, 3766
30, 4798
3450, 4798
1680, 3450
1680, 4031
1411, 1680
1680, 2544
3296, 3450
2596, 4031
2479, 3296
3663, 4689
381, 3663
694, 3141
1460, 3707
3292, 3707
2384, 3292
3707, 4339
2384, 3517
1102, 3565
1102, 2845
1102, 2991
1102, 2145
2845, 4264
3313, 4264
4248, 4264
2676, 4248
54, 3313
2742, 4248
54, 3846
827, 2842
827, 4244
4244, 4522
1524, 4522
1524, 3571
530, 1524
530, 4015
2996, 4015
1011, 3779
1854, 3736
411, 1854
575, 599
575, 1737
575, 4442
4442, 4978
455, 1712
4162, 4270
2440, 4162
4162, 4886
960, 2462
891, 960
960, 4045
848, 960
848, 2907
2268, 4643
524, 4643
991, 4643
4377, 4643
4012, 4377
1024, 4787
2358, 2806
278, 2358
384, 4227
81, 3072
24, 3769
24, 4129
1475, 4396
1475, 2099
1298, 3888
1273, 4410
507, 1617
418, 2793
1639, 2793
3265, 3771
85, 2720
3522, 4836
4727, 4743
3399, 4743
1025, 3399
1025, 3627
3627, 3957
2545, 4284
3025, 4284
3794, 4571
731, 4571
731, 1928
731, 4859
4489, 4571
1062, 4489
2536, 4489
18, 2717
1104, 2717
3566, 3701
2188, 4256
2188, 3489
3489, 3839
2188, 2729
1790, 3839
1790, 2150
1790, 2744
1480, 2150
2599, 3839
3570, 4303
3443, 3944
1881, 4102
456, 469
1764, 4770
1553, 3346
1553, 3554
681, 3687
2007, 4801
2007, 2931
2931, 3748
292, 2007
292, 2107
2107, 4272
79, 4272
79, 3689
79, 2680
2931, 4857
1384, 4857
2075, 3748
2107, 4790
340, 4790
340, 4732
2985, 4732
2985, 3690
2660, 3690
1072, 2660
1072, 2484
2484, 3709
3709, 4076
423, 3709
292, 4418
1597, 4418
2955, 4418
4418, 4519
1920, 4418
1702, 1920
1702, 2941
2941, 3138
340, 2253
4076, 4574
292, 1132
1132, 1922
1922, 3932
1402, 4287
479, 1334
479, 3507
2720, 3124
211, 986
908, 3946
908, 3332
674, 3332
674, 1495
2601, 4040
1438, 4040
1903, 4018
1513, 1903
1513, 3777
50, 3777
3777, 3906
1060, 3777
3906, 4758
3958, 4758
3012, 4758
3037, 3958
1938, 3430
300, 4722
300, 2115
90, 2115
300, 4987
300, 2316
2115, 2878
569, 2878
569, 2467
2467, 4365
4365, 4958
1719, 4958
2467, 3476
874, 3476
2169, 4958
3190, 4704
1312, 3500
3828, 4559
3828, 4652
1203, 3828
1203, 3184
1203, 4575
1203, 3053
3155, 4652
136, 1086
455, 1724
1601, 4350
3257, 4350
953, 3257
3257, 3336
847, 3257
847, 2243
3257, 3861
693, 3861
2880, 3861
5, 2880
5, 3870
532, 3870
532, 1424
532, 3214
2478, 3214
3060, 3214
1017, 3060
1017, 3316
2475, 4109
2948, 4684
1489, 4698
1489, 1925
518, 4554
3349, 4554
1396, 3349
2137, 2873
927, 4137
1742, 2218
2218, 4221
1222, 2218
3116, 4793
2186, 4540
1986, 4549
2885, 4563
2616, 4807
613, 4807
481, 3852
3983, 4569
3484, 4569
912, 3484
107, 1536
1536, 1962
1962, 2723
1418, 2354
1848, 3294
445, 2025
2025, 3016
3016, 4277
224, 3016
224, 2207
182, 2207
356, 3016
2713, 3337
3337, 4541
64, 4541
64, 4279
1514, 1547
1500, 3680
3397, 4066
4689, 4962
4962, 4964
747, 4964
4962, 4965
657, 4965
657, 4345
2084, 4345
4149, 4738
1767, 3711
63, 3711
63, 1694
1694, 4586
63, 1387
378, 1694
378, 2613
2082, 2613
61, 2082
61, 4426
148, 2613
1712, 2759
1031, 2759
1031, 4509
1895, 4509
3317, 4509
1692, 3317
1692, 3617
1767, 4488
3708, 4488
2415, 3708
2415, 4183
686, 2415
686, 3949
348, 3949
3763, 4905
1367, 4905
274, 2911
274, 1715
1715, 4630
101, 274
1454, 4819
4687, 4819
3991, 4687
369, 3813
2669, 3118
3049, 3806
2171, 3049
2746, 3539
2983, 3880
458, 1271
3491, 4806
3459, 3922
594, 4309
594, 4260
589, 4260
151, 594
312, 3888
312, 1199
1199, 1750
2047, 2346
2047, 4169
2047, 3490
3490, 3992
265, 313
3301, 3451
3877, 4124
2006, 3792
1154, 2700
2700, 4201
1358, 2700
149, 1358
2825, 4851
1151, 1818
2757, 3654
1782, 3914
1782, 2051
2051, 2296
1201, 2296
138, 1201
138, 4583
1201, 4164
138, 2468
2123, 2234
404, 2245
404, 3200
641, 3200
641, 4893
3637, 4893
2042, 3637
696, 2042
696, 1867
641, 2881
674, 4461
441, 4461
4237, 4461
1686, 4237
1567, 4461
1567, 4249
1403, 4249
1403, 2180
307, 2180
1686, 4969
2571, 4969
2571, 2749
1886, 2571
565, 2730
861, 2227
3096, 3356
1247, 3127
1050, 3670
2778, 3419
2014, 3419
573, 2014
2014, 4281
1097, 3398
3469, 3741
1265, 1739
925, 4201
1797, 1879
370, 1595
607, 852
607, 1420
1420, 3101
504, 3675
4355, 4788
1971, 4792
836, 4792
379, 836
48, 379
379, 738
48, 1202
1202, 1913
379, 1800
48, 1723
1723, 1804
1804, 4348
4348, 4577
1804, 2798
121, 379
296, 2890
810, 2705
984, 3371
2286, 3190
2187, 2286
2888, 4040
1904, 2888
1310, 2327
1045, 3595
2116, 3595
561, 3595
4561, 4944
40, 711
40, 2046
226, 2369
1378, 4785
1087, 4785
36, 4477
36, 4786
4188, 4952
2992, 3409
79, 3271
2665, 4104
2665, 3422
3422, 4275
3590, 4275
2118, 4662
195, 2318
1877, 2318
2173, 4934
3297, 4452
332, 613
916, 2200
2200, 4909
3926, 4909
3926, 4338
3030, 4338
1902, 3030
1811, 2806
671, 4037
1341, 4078
1269, 4078
2374, 3598
204, 2374
204, 1242
1242, 2256
2256, 3289
1432, 3289
1432, 1808
1808, 3075
3075, 3636
1808, 4681
260, 4681
260, 4874
3075, 4325
3075, 4174
3289, 3866
1221, 1499
1042, 1221
2281, 4608
4608, 4891
4395, 4891
225, 747
225, 2089
1506, 2089
930, 1506
225, 3933
1600, 3370
3370, 3391
2239, 3464
490, 2209
2209, 4176
3506, 4176
3506, 4321
134, 956
956, 4459
1927, 2562
1927, 3304
1282, 1927
1927, 3842
1282, 4867
1231, 4867
506, 1231
506, 3193
1231, 2743
1015, 2743
1015, 4887
3896, 4887
576, 4772
576, 737
576, 4542
2221, 4432
1945, 3353
491, 1119
1526, 4572
794, 1526
3358, 4028
256, 3281
2156, 3160
1773, 2156
330, 1773
330, 1589
1416, 1589
330, 3084
1372, 1416
368, 4724
2506, 3199
1468, 2658
1355, 1468
1468, 1858
1355, 4716
1155, 1858
2177, 4946
2177, 4358
2177, 3268
3886, 4197
2887, 3886
2379, 2567
2379, 3589
3120, 3589
2223, 2379
2223, 2938
2087, 2379
1203, 1504
1504, 1637
1504, 2313
332, 2062
2519, 3223
2600, 3779
2383, 2600
551, 1988
608, 4697
1125, 4697
178, 1125
178, 2490
2126, 4207
2126, 3158
2126, 4619
4619, 4831
3710, 4831
1705, 3710
877, 1705
1678, 3710
3241, 4038
3829, 4714
1846, 3829
3659, 3803
493, 3497
493, 4214
4213, 4214
4077, 4213
4077, 4850
3607, 4213
3607, 4434
2549, 4434
1878, 4213
1878, 4030
1878, 4816
1201, 4812
964, 2365
964, 1685
964, 3893
229, 964
229, 2401
2401, 3114
2401, 3102
1898, 3102
3102, 3834
2956, 3834
2655, 3102
3114, 4955
2244, 4955
707, 964
1363, 1898
1898, 2416
615, 1410
111, 844
111, 1615
111, 4611
550, 826
826, 4305
617, 4576
772, 3803
2873, 4940
266, 4940
266, 4870
1239, 4870
214, 1239
214, 2056
2056, 3076
933, 3076
19, 933
214, 4128
4128, 4313
4156, 4313
636, 4156
1583, 3076
1583, 1885
636, 3894
3564, 3894
1992, 3564
1992, 3063
1583, 4075
4075, 4428
3807, 4156
2424, 3573
2343, 4471
1616, 4471
2350, 4097
2755, 3752
4034, 4820
4784, 4865
15, 1748
15, 665
665, 1699
137, 1699
232, 3651
2010, 3651
1944, 4609
4246, 4549
1994, 3861
1994, 3121
1681, 3723
1369, 2143
2099, 2772
1395, 2772
974, 1395
2301, 2772
941, 3443
2064, 2805
445, 2574
1715, 1759
2672, 3816
1840, 2672
1092, 1594
1092, 2558
2558, 4209
1606, 4209
803, 1606
2282, 3709
2282, 4731
1338, 4731
3834, 4656
426, 4656
1406, 4656
878, 1051
1818, 1832
1832, 2008
2008, 3579
941, 1422
161, 4781
964, 1113
1857, 4918
3270, 4918
3270, 3416
1148, 2434
619, 2677
4693, 4810
3602, 4693
1326, 3602
1214, 2885
1214, 4676
3448, 3632
3448, 4828
336, 1514
1114, 4063
1114, 4498
1114, 4457
910, 4498
910, 4010
1162, 1394
1162, 2892
111, 2071
1003, 2071
1003, 1711
1003, 1032
1032, 4087
1554, 1897
1892, 2429
4523, 4738
1207, 3536
554, 1033
133, 1033
745, 1836
1534, 4973
598, 2956
955, 4318
2466, 4366
1622, 4892
4841, 4899
364, 4562
521, 1827
495, 1827
1827, 3256
4, 3256
4, 4295
1511, 4295
495, 2433
502, 1827
502, 3433
685, 2454
685, 2320
646, 2320
3511, 4948
2269, 2295
2269, 4117
376, 2771
376, 1479
376, 4538
763, 1148
763, 2308
89, 2808
1779, 2808
1779, 3104
2233, 3104
3420, 4851
567, 3420
3202, 4606
1038, 3070
1571, 3070
3899, 4056
3010, 4602
1593, 4602
1742, 2792
1464, 2792
1464, 3390
355, 3390
4392, 4917
1100, 4917
335, 1100
335, 2277
1136, 2277
1656, 3299
230, 4377
230, 3903
230, 3874
2666, 3688
2666, 3068
2179, 3595
1104, 1380
132, 3125
2334, 3125
1942, 3890
2513, 4901
3086, 3231
1248, 1817
2548, 4288
2548, 4713
2640, 3666
375, 1237
2105, 3374
1839, 2369
2863, 3918
781, 3918
781, 2826
2826, 3515
678, 3515
781, 1365
1365, 2011
105, 4416
1170, 2800
1249, 1395
120, 1249
120, 4974
2122, 4974
1315, 1990
1990, 2812
203, 533
1759, 2392
2986, 4149
2986, 4113
611, 4113
1822, 3192
509, 4650
2564, 3615
2518, 4064
2681, 4064
1484, 1652
1484, 2111
1484, 4497
3058, 4497
2664, 2839
857, 4972
1844, 2760
594, 625
438, 4473
422, 2024
422, 2836
3518, 4386
601, 3186
2125, 2823
758, 4762
1578, 4762
1429, 2025
1429, 4814
1253, 2790
513, 3650
635, 1156
635, 3456
3286, 3456
2454, 4027
2331, 2430
2331, 2469
1010, 2331
3771, 4620
1088, 4620
1088, 2274
1088, 2213
549, 2213
777, 2274
777, 3435
2274, 3097
4404, 4620
2326, 3847
2265, 2326
1851, 2265
1851, 1888
1888, 2023
1851, 4216
3853, 4907
2699, 3853
3853, 3882
1419, 3853
2892, 3941
3941, 4746
744, 4746
3941, 4852
626, 4852
2560, 4852
2560, 4259
194, 4259
251, 1830
251, 3176
3176, 4233
180, 3100
180, 431
180, 3672
551, 2329
2524, 2884
184, 3141
2054, 2679
1253, 3791
618, 3791
2261, 2974
2371, 4482
617, 4285
2831, 4285
4285, 4805
3197, 4409
1481, 3197
514, 2319
1183, 4557
3508, 4557
3508, 3976
3508, 3887
750, 3887
994, 1560
4645, 4658
156, 4413
156, 3177
1727, 2745
1064, 4317
860, 4317
860, 2879
2879, 3054
661, 860
119, 1283
159, 1249
159, 3560
1385, 3560
159, 2203
2203, 2452
651, 1913
651, 2339
2339, 4551
3624, 4551
1442, 3754
2615, 3414
4003, 4006
620, 4003
49, 4981
49, 1186
3049, 4504
4504, 4733
4504, 4888
1417, 4504
2005, 3540
3540, 4050
3540, 4977
2338, 4977
2338, 2386
2386, 4204
4204, 4705
2338, 4956
4925, 4956
1960, 2454
1960, 3987
3314, 3987
3074, 3294
3074, 4199
4061, 4199
842, 2723
77, 842
77, 2100
77, 2027
2027, 4353
2027, 4116
2027, 3226
77, 1488
1488, 3221
1488, 3079
3079, 3990
2096, 4076
977, 1425
313, 4065
4292, 4302
2519, 4802
723, 2135
2135, 2435
2135, 2408
1697, 2408
382, 1768
2278, 4789
2597, 4993
4099, 4993
1746, 4099
185, 4993
185, 3876
1057, 1746
1057, 4478
2554, 4478
2554, 2987
2987, 4567
2015, 2554
293, 2351
326, 827
326, 1677
326, 1976
1976, 4008
3483, 4008
1230, 4008
2009, 3067
684, 2076
170, 4373
769, 2948
769, 4983
769, 1166
399, 1166
399, 1009
1089, 2049
2049, 2521
2521, 4809
603, 1302
3082, 4438
1895, 4782
2853, 4782
2215, 2853
3113, 3129
3113, 3170
783, 3965
1361, 1543
3135, 3789
2068, 3453
2068, 4384
1684, 4384
1139, 1684
1298, 4025
172, 4025
499, 612
3699, 3752
46, 1852
1852, 4985
1605, 1852
1544, 2543
1937, 2543
909, 4815
909, 1174
1174, 1205
129, 1205
129, 4960
129, 267
129, 4605
3325, 4605
2170, 4605
2170, 4990
2170, 3178
3136, 3178
3136, 4971
1831, 4971
2573, 4386
926, 1470
1058, 3598
315, 3117
315, 2498
2059, 3294
2514, 4190
4190, 4765
459, 4765
459, 4721
8, 3356
8, 2127
1978, 2127
4053, 4994
923, 3648
104, 4863
3185, 3880
1092, 3266
2999, 3090
517, 2803
164, 1970
1970, 3761
2234, 2977
1004, 3270
1441, 3615
1520, 2279
4080, 4711
4640, 4647
3137, 4647
3093, 4119
318, 3265
318, 4316
2195, 4164
2195, 2794
2794, 2934
516, 2934
3930, 4433
2617, 3930
1091, 3340
114, 3340
2663, 2979
112, 2533
112, 2480
1311, 3740
385, 3740
1052, 3342
2622, 2698
1787, 3785
213, 3528
3265, 3693
939, 4038
2227, 4803
639, 2501
3487, 4806
2222, 2354
2957, 3518
2129, 2957
2129, 4961
2782, 3955
1625, 3955
1478, 2122
1558, 2964
1563, 4381
3094, 3272
3094, 3865
3094, 3354
3354, 4615
2834, 4615
3679, 4515
1901, 3679
765, 1351
765, 3140
2747, 3140
69, 2747
69, 476
437, 4687
437, 3715
3715, 3773
1977, 2115
3940, 4545
4013, 4849
2034, 4712
674, 1364
1364, 2738
1516, 2237
2181, 3049
2181, 2464
1082, 4614
3202, 3594
3594, 3612
1889, 3612
998, 3237
2924, 3237
1997, 2924
871, 1997
717, 2924
1997, 3609
1344, 2054
1076, 4158
1849, 4158
320, 4158
3606, 4994
3606, 4023
3310, 4023
949, 1056
1056, 1969
3931, 4624
2570, 3931
3329, 4747
3261, 4487
1616, 4170
2651, 2940
853, 2651
1461, 2651
1313, 2036
763, 1483
1483, 3168
365, 4725
1189, 4372
1880, 4003
1880, 1993
26, 1880
26, 3343
4245, 4591
751, 900
900, 3249
3249, 4755
162, 900
162, 2456
3461, 4755
584, 3461
584, 2432
584, 3069
2221, 4155
2510, 4155
2279, 3282
3282, 4631
787, 1723
1523, 3555
560, 4641
4641, 4924
141, 4641
2517, 4641
141, 1167
1374, 1577
1374, 4167
3062, 4167
2006, 2493
2701, 3859
3425, 3961
881, 3401
3276, 3401
1670, 4706
1259, 3809
279, 3483
149, 709
709, 2407
2407, 3601
3601, 4686
536, 2312
719, 2312
257, 719
1709, 4897
1220, 4950
4167, 4823
1776, 4823
2800, 3309
2363, 2760
434, 2265
434, 519
519, 1707
1707, 4661
434, 1869
1869, 3372
1281, 2821
271, 3928
1859, 3996
1441, 4968
2942, 4530
1487, 3202
1554, 3335
741, 3335
741, 2436
436, 2436
854, 2436
1450, 2163
1179, 2163
764, 4429
1661, 4429
1661, 4083
3471, 3604
2148, 3604
2112, 4555
1594, 2822
1734, 2654
1254, 1552
1978, 3175
1382, 4190
972, 2833
797, 3641
2542, 3341
1351, 3569
413, 1765
1202, 2292
2292, 4203
929, 3390
929, 2522
2522, 2704
544, 2704
761, 2522
761, 2167
1561, 2167
732, 2340
1301, 4193
397, 2176
343, 397
343, 4304
1995, 2967
792, 4004
3180, 4505
116, 2125
476, 3449
2266, 4717
359, 1407
359, 468
468, 1777
1777, 4314
1789, 2488
1949, 3818
607, 782
2379, 2512
156, 2231
1771, 3073
2394, 3073
3073, 3951
1940, 3951
1658, 2394
210, 4829
753, 3965
1238, 3042
1238, 3901
3901, 4835
3891, 4835
3145, 4832
2405, 4543
1751, 1768
543, 3706
1465, 4608
831, 2611
831, 1345
1345, 2962
1586, 2330
1042, 2735
916, 2317
903, 2317
2317, 4800
1327, 4800
1316, 3683
1316, 2043
1061, 2043
2359, 4674
264, 4929
459, 4143
2796, 4143
1, 2796
1, 4195
401, 2796
401, 752
401, 3473
401, 2168
2168, 3488
3473, 3576
3368, 3576
3179, 3368
4143, 4655
3368, 3618
3488, 3603
3454, 4194
358, 3377
2709, 3377
820, 1829
3339, 4803
66, 1421
345, 3162
70, 345
52, 70
2624, 4916
1399, 2586
529, 2944
127, 3920
602, 4240
285, 4807
2822, 3225
1793, 3721
386, 3146
949, 2139
3503, 3804
1492, 2678
1729, 2582
1502, 3832
3832, 4760
3704, 4760
1025, 4346
2013, 4346
2013, 4226
2866, 4226
1303, 4226
2928, 4208
2868, 4726
1157, 2502
572, 1157
1157, 4601
3734, 4601
319, 3734
2306, 4400
673, 3759
3091, 4445
2778, 3022
2264, 3022
377, 4334
442, 4334
442, 2933
1530, 2933
331, 985
985, 3605
2685, 4188
2685, 2929
521, 3169
1933, 4116
2318, 4333
1469, 3407
3137, 3406
2099, 4612
1022, 2530
305, 4490
2470, 3621
1674, 3621
1838, 3010
242, 1838
2273, 3416
1432, 4525
1547, 4910
122, 755
932, 4179
341, 1071
407, 2016
2795, 4486
2587, 4300
905, 1848
1128, 4014
1446, 2207
1693, 4746
1149, 4357
2115, 4274
1794, 2957
1041, 3535
1041, 1891
1844, 3047
2003, 3047
355, 1918
1755, 3463
1016, 2553
807, 2553
807, 1574
807, 940
940, 4963
940, 1343
940, 4466
940, 3238
3696, 4107
4107, 4610
730, 3316
730, 4649
2997, 4134
885, 3807
885, 3380
974, 1241
2548, 4578
155, 4578
155, 1292
328, 4550
171, 328
171, 2959
171, 2086
167, 2086
167, 4776
328, 2696
3205, 3231
400, 3895
400, 2920
400, 712
3649, 4400
2417, 3055
1715, 3352
1476, 3352
811, 1476
1455, 2775
1455, 3982
2132, 4735
2246, 2435
608, 3767
3258, 3767
277, 1991
83, 1991
472, 1991
3804, 4729
478, 4090
1719, 4474
2393, 2471
768, 2393
243, 2393
1039, 3003
3003, 4242
2824, 4242
1774, 3672
796, 1774
193, 1807
865, 4972
568, 865
322, 865
322, 4332
3844, 4332
987, 4332
200, 2223
943, 1012
943, 2310
2188, 3541
268, 3541
645, 3216
867, 1026
1026, 3099
3099, 4161
3234, 4649
3000, 3234
1094, 3234
1160, 3046
3892, 4143
2457, 3892
1336, 2457
2214, 3892
3620, 3785
2599, 2626
1698, 3761
1698, 3080
2621, 3080
1698, 2098
3080, 3267
127, 528
117, 528
325, 528
1730, 2517
1730, 2196
1870, 2909
537, 2909
2661, 3154
932, 2827
1369, 3760
3227, 3760
3461, 3863
697, 3863
4644, 4864
3676, 4644
1235, 3676
3549, 3676
1631, 1771
1631, 4494
816, 1634
692, 1661
1557, 3131
2375, 3053
373, 4824
135, 428
1679, 4147
1650, 2138
843, 2138
843, 4481
78, 4657
1215, 2985
2547, 3089
3089, 3244
364, 494
2036, 2422
2141, 2906
2277, 2439
2439, 4293
360, 4293
360, 1494
1494, 2984
14, 4293
1179, 2927
118, 2927
118, 3532
2117, 4231
2117, 4206
3215, 4206
2370, 3128
1008, 3862
2728, 4515
1938, 2364
2073, 4592
347, 2073
2073, 4145
896, 4564
896, 4947
896, 3563
1121, 3563
1121, 2336
286, 2336
2175, 4947
436, 3361
1023, 3361
3361, 4941
1023, 2830
13, 132
2724, 4714
1687, 2237
125, 1687
832, 1687
1200, 2518
1200, 4702
3279, 4702
4387, 4702
1040, 1709
2241, 3593
1966, 3103
1389, 1728
1755, 2481
1368, 4761
1582, 4812
1582, 2576
1495, 2998
274, 3995
3574, 3660
2721, 4922
257, 2257
1762, 2257
2230, 4345
1279, 3441
1423, 2669
2829, 4295
3038, 3779
1053, 3038
2636, 4691
4691, 4825
145, 3159
1434, 3817
741, 4254
876, 4254
1161, 2971
966, 2340
702, 966
823, 3691
708, 1169
297, 1504
1583, 3647
109, 347
2189, 3103
647, 3298
3049, 4826
2300, 4826
951, 3179
951, 2811
299, 2811
2811, 3320
2811, 3458
1382, 4588
653, 744
1414, 4644
668, 3242
153, 2832
1843, 2896
802, 2287
2287, 3139
2946, 3139
2901, 3139
1581, 2518
1581, 2958
2958, 4051
1805, 4051
1805, 2568
1929, 3768
713, 1730
1677, 1907
1907, 4370
2601, 4878
963, 4878
605, 1842
1003, 1353
1629, 4181
1493, 3791
1493, 4840
1493, 2178
1349, 3566
2157, 4229
2860, 3180
2648, 3876
976, 1777
766, 976
1803, 4992
2968, 4992
4132, 4992
3835, 4132
393, 3835
3034, 3806
866, 2563
889, 2563
2856, 4037
1250, 2856
1487, 2561
344, 1335
2097, 4998
383, 1561
383, 4451
875, 2028
2028, 2877
2877, 2921
588, 2175
104, 3514
303, 3514
303, 742
1517, 1977
2714, 3252
1027, 3252
1027, 2272
995, 4291
1677, 1936
2566, 4843
769, 4728
3321, 4436
334, 1977
334, 1647
241, 1319
1138, 4304
1138, 1926
1355, 3239
4138, 4291
4138, 4255
1961, 4138
2969, 4764
29, 3362
1383, 2255
3045, 3820
2491, 4062
408, 2491
1996, 2982
1424, 2786
703, 2786
703, 2652
1739, 4455
2766, 4274
287, 2766
109, 3044
2556, 3044
3940, 4439
4424, 4910
99, 4096
3275, 4096
1759, 4856
2779, 3008
309, 784
784, 3523
1225, 3421
1922, 2534
18, 3222
937, 3222
1826, 4000
2574, 2609
1521, 2609
1523, 4106
496, 4106
496, 1277
496, 2516
2971, 3953
3953, 4215
4121, 4354
351, 498
825, 1276
2841, 4511
2347, 4745
4745, 4861
4238, 4512
2857, 4238
2857, 3924
1720, 3924
1816, 3233
2200, 4502
2814, 3702
1210, 4920
4635, 4920
1568, 4920
1568, 1972
1972, 3277
1568, 4991
2210, 4991
1173, 3961
1173, 3092
67, 3092
67, 4673
4673, 4749
166, 1595
2669, 4753
764, 3264
272, 3947
3947, 4202
477, 4139
705, 3940
4159, 4792
1431, 1442
2691, 4238
2290, 2691
2290, 3827
495, 4692
830, 4692
1808, 2843
2043, 4811
2915, 4770
2915, 4881
1783, 1994
2562, 2580
2580, 4844
2012, 4844
1130, 2012
1130, 2396
1291, 2396
1291, 1706
361, 3220
275, 361
275, 3630
1565, 3630
1565, 4020
361, 4988
1356, 4206
442, 1512
1691, 2150
931, 3678
1106, 3836
237, 3836
577, 1735
1735, 2970
3806, 4935
3619, 4935
1929, 4715
2981, 4950
471, 2981
918, 1572
4541, 4680
1081, 4283
2630, 4280
3755, 4280
3544, 4617
1820, 1860
1496, 1771
555, 3644
555, 1112
296, 3567
822, 1449
1185, 1449
1185, 3006
2565, 3006
3006, 4936
2667, 4521
51, 3488
149, 947
947, 2352
947, 2489
326, 3613
134, 921
863, 2651
679, 2879
41, 2614
1331, 3517
1229, 3090
628, 1229
1128, 3284
2153, 2192
3088, 4421
2424, 4343
1284, 1546
915, 2742
3348, 4539
523, 3348
523, 2066
523, 4398
2629, 4398
715, 2066
715, 3318
3318, 4708
523, 660
1984, 2740
12, 4309
3883, 4379
3327, 4750
453, 4473
946, 3125
3665, 3807
2631, 3611
3985, 4088
799, 3752
799, 1510
1253, 2683
2683, 4834
1232, 2435
1085, 2879
2362, 3000
1834, 2362
1620, 3468
409, 1407
950, 2379
2134, 2695
4720, 4825
2757, 4126
809, 3904
1539, 3904
175, 2196
4217, 4635
874, 1721
1721, 2140
4144, 4807
1373, 4095
3921, 4550
1083, 4341
1083, 1856
2195, 2904
1140, 2046
1140, 4995
1338, 2130
3719, 4855
520, 4855
791, 4968
164, 3581
3581, 3950
3950, 4192
1171, 3581
2324, 4192
197, 2690
168, 2215
168, 1168
352, 784
352, 3717
3717, 4005
433, 3717
167, 4508
4508, 4675
1775, 3108
3108, 4613
2118, 2844
3669, 4559
1430, 1563
215, 1381
434, 1206
244, 1526
2560, 4420
658, 1034
2209, 4423
710, 1179
1005, 3324
1665, 4399
840, 1665
86, 840
234, 3470
3572, 4403
270, 354
281, 4472
1811, 3529
600, 4015
3023, 3481
2375, 4222
4101, 4222
2916, 4335
1884, 3251
3251, 3285
3285, 4042
363, 1305
447, 1977
2669, 3705
3209, 3349
94, 1484
1320, 2115
1606, 3838
152, 2799
3519, 4081
2248, 4698
2222, 3269
1902, 2919
1033, 4417
2224, 4417
3911, 4417
143, 1307
144, 3721
3, 2619
2414, 3792
1803, 1890
928, 1427
1964, 4228
962, 4228
3831, 4026
1067, 4026
1067, 4866
3450, 4875
770, 3835
4138, 4690
3411, 3646
462, 3655
946, 2526
2526, 2532
2101, 2532
1413, 3125
2474, 2586
2474, 4043
1320, 4744
1876, 3055
1876, 2618
649, 2618
1876, 3111
2578, 3111
1599, 4511
683, 1599
2754, 4929
868, 959
3005, 3856
421, 2047
1919, 2115
2914, 3075
2914, 3347
1401, 4779
338, 1401
621, 3642
621, 3973
3685, 3973
2894, 3973
1910, 4040
1910, 3746
1749, 1910
1748, 3392
1786, 4715
2816, 3167
1197, 3167
213, 3305
141, 1690
1596, 2109
2070, 3405
4122, 4846
0, 1643
1384, 2900
2298, 2657
2599, 3437
1596, 2869
3353, 3415
2651, 4337
2442, 4337
1101, 2315
1359, 4662
9, 4675
687, 4252
3312, 4773
856, 4773
3166, 4708
1939, 3531
140, 1805
4244, 4927
170, 4048
2299, 4048
595, 3965
36, 2930
1999, 2930
1999, 4593
2897, 4593
1763, 3307
2158, 3905
2158, 4685
61, 2804
384, 2162
34, 2162
2663, 4079
1710, 3899
1554, 3051
997, 1594
1440, 2531
1440, 2225
429, 2696
429, 2421
3182, 4757
3331, 4342
2236, 4689
1688, 2236
2236, 2515
2236, 2656
1340, 2603
1125, 1871
1061, 2238
2667, 2903
1613, 3063
1869, 2634
2947, 4492
1348, 1584
1299, 1348
1146, 4154
514, 3610
510, 3229
1005, 2031
98, 4415
74, 1357
2159, 2641
524, 4794
477, 1463
1117, 2549
1117, 2206
813, 1898
286, 1127
3372, 4046
891, 4236
616, 4928
4196, 4223
729, 1147
3941, 4301
1206, 3018
1234, 3903
2175, 3652
1655, 2860
754, 1655
2123, 4368
1503, 3869
1031, 3173
1309, 4002
1648, 2070
1648, 1726
1595, 2883
2883, 4597
1029, 2185
62, 1316
563, 4281
563, 3057
3057, 3083
1055, 4716
1055, 4380
2496, 4106
2843, 3993
3095, 4930
2215, 2932
80, 3918
128, 3865
2070, 2607
1616, 3066
2492, 2534
1194, 2492
917, 986
917, 4200
3230, 3263
743, 3958
2031, 2734
1323, 2706
3303, 4252
2783, 3081
1345, 3188
298, 3798
699, 2806
699, 2639
2639, 2673
2314, 2673
157, 4573
787, 3682
670, 823
581, 3052
1130, 3412
3412, 4682
2569, 4682
800, 4605
4600, 4607
1696, 4607
154, 913
1614, 2837
2235, 2385
960, 2183
292, 2448
1274, 1970
113, 1274
1122, 3196
3196, 3864
825, 3714
440, 4173
1140, 2950
1978, 4672
1603, 3642
2106, 2337
921, 4769
3141, 3698
1499, 1664
1664, 3413
3413, 4402
824, 1390
771, 4511
700, 2776
505, 3131
91, 3886
3150, 4990
3150, 4103
4679, 4706
1202, 4282
1236, 2369
331, 4032
3753, 4032
1459, 4665
2110, 2510
1357, 2325
2092, 2698
183, 2988
183, 1123
1153, 3350
2731, 4277
1159, 3075
242, 1756
2777, 3724
4100, 4707
3774, 4707
1088, 3017
3822, 4303
66, 3695
25, 1059
4668, 4744
3989, 4668
2199, 4487
1504, 4535
4160, 4535
1125, 4430
160, 845
477, 4847
2819, 3126
1290, 4574
725, 3161
57, 3280
4039, 4346
1253, 2637
3432, 3839
2152, 3645
1953, 3645
1754, 3861
2080, 2694
255, 3902
1736, 4558
2887, 4153
291, 4778
291, 805
805, 4462
4784, 4884
1361, 1872
1772, 1862
3958, 4804
2211, 3163
555, 4500
1073, 3095
492, 1073
2514, 4845
190, 1557
190, 2410
2149, 4916
3718, 4647
609, 3718
894, 3023
2769, 4565
1839, 2120
2120, 4913
593, 4913
2456, 3885
2083, 3423
973, 2145
664, 1276
3745, 3834
1793, 4019
924, 4855
2499, 4524
1951, 4524
1951, 2687
2579, 2687
591, 1119
3759, 4566
269, 2687
3861, 4308
596, 2265
181, 3246
181, 3153
274, 4937
1365, 4187
722, 4334
3499, 4388
1485, 4388
486, 843
1379, 2689
40, 4957
4044, 4957
775, 4463
3262, 4060
2022, 3422
1011, 1339
229, 4446
1287, 4446
3208, 4446
2664, 4058
1754, 3218
2000, 3218
1453, 4072
2348, 3468
978, 4019
876, 1226
1184, 1645
676, 1645
3374, 4598
2552, 3841
2406, 2588
531, 571
979, 1066
2128, 2144
3019, 3677
1192, 3980
2662, 3945
1438, 1743
2511, 4425
1261, 4951
2426, 4422
869, 3106
1912, 4018
327, 2084
166, 4454
1049, 2521
1049, 3172
1162, 4470
2438, 4677
1270, 2533
1270, 2646
623, 1451
711, 721
3742, 4724
582, 935
935, 3085
1428, 3085
3085, 4853
2309, 4853
1384, 1835
1835, 3273
1610, 2513
3204, 3956
381, 749
989, 4315
2168, 3553
2893, 3553
2294, 2893
17, 2066
4071, 4192
288, 4071
3142, 4821
312, 2899
3031, 4551
3031, 3729
202, 702
202, 1682
4019, 4186
3295, 3438
415, 3295
415, 3743
3743, 4756
1598, 1643
1598, 4294
1024, 1216
2400, 2755
904, 1615
904, 1979
168, 1525
3054, 3800
3800, 4622
249, 3011
1068, 3168
1514, 4407
547, 3600
2487, 4783
1768, 3056
166, 1850
205, 4237
322, 2675
1162, 4923
2585, 2954
2585, 3133
834, 4490
834, 3586
301, 895
68, 700
4665, 4737
3403, 4942
2956, 4754
1096, 4754
1509, 2585
969, 1873
551, 968
1466, 1497
3851, 3911
2229, 4522
437, 4171
3492, 4328
53, 3492
638, 1217
1798, 4243
1413, 3494
3466, 4050
4078, 4900
2541, 3174
333, 3174
2850, 3664
1641, 3664
310, 4127
3548, 3721
1018, 3548
1307, 1642
2610, 2891
47, 2873
2649, 4739
2797, 3653
2627, 3455
2165, 2623
1107, 3501
170, 3917
909, 4094
3495, 4094
227, 2973
2644, 4152
1457, 4152
3493, 4491
1088, 1713
321, 1713
1980, 2160
1791, 1980
2160, 3149
2381, 2884
2398, 4170
585, 1788
585, 2113
3059, 4775
2026, 2090
123, 2973
644, 2085
1280, 1952
840, 2494
790, 2389
3130, 3472
2104, 3962
575, 899
1716, 4487
457, 2751
1041, 3446
185, 1286
2204, 4181
925, 3725
2101, 3913
82, 3407
453, 1175
1175, 4336
1175, 2581
2693, 3333
1402, 3480
2651, 2960
2328, 3364
592, 2650
2851, 3309
4218, 4499
1116, 4356
1041, 1105
914, 4902
1409, 3809
1855, 4533
1068, 3338
3338, 3923
186, 3836
186, 3087
3087, 4599
1957, 3087
550, 4734
652, 934
896, 2044
2605, 3845
2052, 2152
512, 4789
2333, 2593
4089, 4816
1193, 3009
1865, 3966
376, 4371
1719, 2335
1257, 4819
663, 1210
571, 4513
2912, 4812
604, 1792
2941, 3513
3081, 4021
235, 2622
1242, 4921
980, 3095
1017, 4660
2246, 4408
2447, 4022
2341, 4022
875, 4544
1666, 4224
223, 527
2707, 4429
84, 2707
84, 4049
2111, 4582
870, 3362
2142, 2767
3134, 3777
2703, 4512
1464, 4411
4180, 4489
3877, 4011
2283, 3775
1935, 4800
3164, 3976
3498, 4014
642, 3498
1657, 2193
2088, 4383
121, 4518
42, 2877
1006, 2211
1006, 2226
3578, 4397
112, 859
3792, 4638
2369, 4532
1014, 4182
1524, 4911
1783, 3007
1967, 4153
1445, 3477
1689, 3505
1041, 3496
131, 2254
1466, 3207
3783, 4642
2762, 3293
1947, 4199
1947, 4808
28, 4627
126, 2639
1000, 4290
4967, 4986
1312, 2048
2037, 2753
273, 4364
2519, 4146
1895, 3671
1228, 3671
1742, 3858
1376, 1808
545, 2430
3520, 4708
806, 4589
1054, 1607
798, 4796
1513, 1931
2126, 3315
1626, 3859
521, 1074
2301, 4258
448, 4258
4067, 4618
463, 1360
2148, 3283
2075, 2710
188, 3139
144, 3703
1087, 3351
855, 1233
2733, 3109
2953, 3334
975, 4422
118, 624
1966, 3735
16, 2359
340, 1196
614, 4824
1529, 4254
3557, 4416
2072, 3557
1078, 1976
993, 4381
155, 4701
3043, 4506
1437, 2285
2273, 4131
3782, 4131
1707, 2103
944, 1898
3634, 4475
1219, 1532
1570, 2346
109, 3969
3969, 4024
1321, 4546
1671, 2416
1283, 3396
1770, 4984
1932, 3614
2060, 4032
1247, 4695
111, 2874
1576, 2294
127, 4537
548, 2398
796, 2114
1063, 1968
190, 4098
3730, 4948
102, 4485
22, 4254
1738, 1935
597, 4296
2725, 4280
1346, 2725
2052, 4710
852, 2205
1415, 2232
1701, 1921
3075, 3737
814, 3429
1534, 3478
2289, 4344
174, 461
3119, 3746
691, 1864
216, 4344
2040, 2151
233, 1153
2276, 4777
3061, 4777
201, 1657
3107, 4079
2810, 4234
583, 3467
261, 4769
4030, 4450
793, 2488
2151, 3778
1443, 3391
3454, 4468
4780, 4784
1223, 2598
1611, 4651
1948, 3197
2559, 4499
2951, 2975
2293, 3073
2965, 4338
1605, 2643
875, 1837
990, 2744
631, 3705
996, 3942
1213, 1926
1652, 1954
3123, 4307
1175, 4568
3880, 4560
1043, 4779
578, 726
