1.342238
0, 1765
0, 3705
3705, 4423
3759, 4423
4423, 4593
1737, 4593
1765, 2981
0, 1957
1957, 4974
1812, 4974
1694, 4974
461, 1694
1714, 4974
435, 1714
435, 4347
435, 3851
435, 1391
3391, 3851
2974, 3391
2894, 3851
2894, 2948
2948, 3416
1365, 3851
1957, 2081
2081, 2720
2084, 2720
7, 2894
182, 2894
182, 272
2948, 4466
1229, 4466
1391, 4921
2616, 4921
2616, 4901
2894, 3424
2521, 3424
53, 2521
2253, 2521
2335, 2521
2521, 3629
98, 2253
98, 626
626, 4956
961, 2253
420, 4956
420, 3779
53, 2362
135, 2362
2253, 4060
1742, 4060
420, 2864
978, 2864
420, 2676
3524, 3629
1491, 3524
1491, 3511
3511, 4021
239, 3524
239, 4136
4136, 4826
3303, 4826
3303, 4468
3303, 3978
874, 3978
3060, 4826
2335, 3977
555, 3977
555, 3483
555, 2240
4468, 4837
626, 2815
1128, 2815
3060, 4085
564, 4085
1212, 2894
2815, 3975
3654, 3779
664, 3654
664, 706
1640, 3654
3266, 3654
3266, 4009
664, 4333
3432, 4333
1035, 3432
1035, 2018
2018, 2287
3432, 3987
2582, 3266
492, 706
3987, 4810
4810, 4840
2462, 4810
2462, 3013
4069, 4810
656, 4069
492, 888
888, 4234
888, 4227
1544, 4234
936, 4227
4227, 4291
1969, 3432
1042, 1969
1042, 1686
1042, 3613
1686, 4137
1042, 3353
2934, 3353
888, 3294
1557, 3294
639, 4069
639, 4851
2873, 4851
229, 4851
4270, 4851
4270, 4574
1759, 4574
1759, 4893
1229, 1619
1002, 1812
420, 1628
199, 1628
1628, 4053
568, 2815
3142, 4227
1365, 1555
1315, 1555
1555, 4240
2832, 4240
2106, 2832
3314, 4240
299, 2106
1315, 3471
299, 2775
2775, 4791
2267, 4791
1059, 2267
1059, 2539
1059, 2066
509, 2539
1059, 1815
2066, 4211
1509, 2066
1509, 3659
854, 3659
854, 1738
1738, 2675
205, 854
1059, 4757
1509, 2897
2617, 2897
2897, 4579
3240, 4579
2089, 3240
2038, 2089
1528, 2038
3948, 4579
2038, 4322
2089, 4471
3240, 4268
2098, 4268
4268, 4955
126, 4268
126, 1478
1478, 2464
2464, 3927
2653, 3927
1534, 3927
1478, 4872
3880, 4955
1955, 2089
915, 4268
289, 4579
1900, 2089
3240, 3449
2327, 3449
3449, 4274
3218, 4274
3069, 3449
2844, 3069
871, 3218
2284, 4274
2284, 3118
54, 3218
54, 1269
1269, 4890
1343, 3069
871, 1296
433, 1296
433, 2437
433, 2930
931, 2930
529, 2930
529, 2898
1561, 2898
905, 931
2040, 3069
871, 2307
1804, 2307
1804, 3521
3023, 3521
532, 2307
433, 2892
2892, 4101
22, 1296
22, 3685
22, 739
3685, 4206
3685, 4573
22, 586
3685, 3907
739, 3319
2713, 3023
2510, 2713
2510, 4560
2713, 4815
739, 2324
170, 4274
1486, 2098
1486, 2092
2092, 3464
2685, 3464
868, 2892
868, 3638
3638, 4674
3225, 4674
3225, 3448
1936, 3448
3258, 3448
3258, 3459
1150, 3459
1556, 3459
1080, 1936
1080, 3637
695, 3637
695, 3569
1824, 3569
695, 1850
904, 1850
1824, 4180
762, 1850
762, 2046
1056, 3258
2476, 2897
1301, 2038
1301, 1363
1363, 4218
1363, 3190
1675, 4218
1358, 3190
1301, 1994
1994, 3862
198, 3862
198, 4924
198, 2706
2610, 2706
2706, 3415
1081, 3415
1081, 2904
1266, 2904
1363, 1639
1301, 4496
3650, 3862
3650, 4119
2778, 4119
974, 3650
27, 974
27, 830
830, 1271
4119, 4550
974, 1263
830, 4915
3448, 4744
4744, 4754
295, 4754
295, 3576
1702, 3576
350, 529
350, 817
1534, 2522
1296, 3604
2775, 4588
4588, 4774
190, 2844
190, 4145
251, 4145
251, 2096
412, 2096
412, 2998
412, 4323
412, 1604
1298, 2998
2096, 3917
1298, 4324
784, 4324
3384, 4323
1406, 3384
1406, 3344
3199, 3384
2325, 3199
2325, 4546
1243, 2325
3384, 3494
174, 4324
2325, 2916
1982, 2916
4546, 4892
2118, 4892
657, 2118
619, 657
985, 2118
2118, 2288
391, 1298
191, 2325
191, 218
218, 940
940, 2333
2191, 2333
2333, 3874
3428, 3874
1777, 3428
218, 1952
2191, 2459
2459, 4152
2554, 3874
980, 2554
1149, 2554
980, 3627
1587, 3627
571, 1587
919, 1587
847, 919
2269, 3627
682, 919
525, 919
525, 4625
602, 4625
2716, 4625
1884, 2716
20, 4625
3691, 4625
600, 3691
600, 3419
3323, 3419
1350, 3419
20, 4111
2120, 3323
1884, 2501
218, 2154
3872, 3874
1985, 3872
2154, 3828
3828, 4481
2050, 4481
1077, 2716
2083, 4111
2083, 3251
571, 1165
119, 571
2716, 4772
4668, 4772
3502, 4772
1451, 3502
4280, 4668
260, 1451
260, 1000
260, 2203
260, 4797
3502, 4857
260, 3059
2055, 3059
4772, 4877
3038, 3059
2342, 3038
827, 3059
827, 3476
2560, 3059
1451, 3608
1121, 3608
1121, 4582
1598, 3059
3115, 3476
944, 4772
827, 1808
1808, 4376
1797, 4376
941, 1509
941, 3909
648, 941
2751, 3948
2751, 4707
3031, 4707
1165, 4935
185, 4935
16, 2815
1604, 3684
3684, 4087
4087, 4954
2840, 4954
2840, 2874
2874, 4251
1558, 2874
3896, 4954
1007, 2874
1007, 3829
3725, 3829
963, 3829
963, 2826
2826, 3619
4064, 4251
4251, 4397
1786, 4954
1786, 2910
2910, 3475
595, 3475
595, 3110
3110, 4944
339, 4944
1997, 4944
1997, 3339
339, 4289
843, 4289
843, 3065
3065, 4194
339, 1376
84, 3065
4087, 4639
1809, 4639
1809, 3107
2886, 3107
410, 2886
410, 4196
428, 2886
410, 965
410, 3944
3435, 3944
923, 3435
923, 1337
180, 3944
180, 3544
3544, 4580
148, 4580
148, 4526
4526, 4669
1164, 4669
2450, 4196
2444, 2450
2329, 4580
233, 410
233, 2499
2057, 2910
1628, 2723
1552, 2723
1552, 2789
1552, 3149
3149, 4691
4691, 4988
4645, 4988
1511, 4645
1826, 4645
3733, 4645
3149, 4396
133, 4396
1020, 4396
2044, 4396
910, 2044
2723, 2881
1826, 4192
1097, 1491
1097, 1469
1097, 1342
1342, 2300
1342, 1829
1290, 1829
1829, 4780
2644, 4780
1313, 2644
3520, 4324
1395, 3520
318, 1395
318, 2936
1349, 2936
1349, 4317
1349, 3124
593, 3124
593, 2370
527, 2370
87, 527
87, 3837
1144, 3837
593, 3815
87, 1338
527, 3485
3235, 3485
2384, 3235
2384, 3320
1019, 3320
1019, 3988
3988, 4850
4059, 4850
2819, 4059
1019, 4738
310, 2819
310, 3952
3845, 3952
349, 3320
349, 2875
1215, 3320
1215, 4825
4825, 4970
938, 4970
4778, 4825
4182, 4970
87, 3358
3358, 3523
3523, 3897
3523, 4548
4548, 4641
1470, 4548
310, 3892
1032, 3892
4074, 4825
817, 4542
1292, 4542
1292, 3451
3174, 3451
3174, 3887
3887, 4472
250, 4472
250, 970
669, 4472
1437, 2974
1437, 1653
1181, 1653
1181, 3371
3371, 3649
3151, 3371
2922, 3371
2922, 3153
3153, 4209
3151, 3676
360, 3371
360, 3698
1181, 2574
3371, 3688
1987, 3688
1987, 2265
1987, 4026
1885, 2265
3688, 4822
1875, 4850
2423, 3637
1150, 3168
3168, 4320
2893, 4320
1366, 2893
1366, 2301
1366, 2555
2555, 3249
2555, 4485
263, 4485
4032, 4485
1892, 4032
3450, 4485
1578, 2893
1366, 2273
2982, 3450
2026, 2982
2026, 2911
1963, 2911
1963, 3121
990, 3121
1807, 3121
1807, 2592
990, 1698
1698, 4258
1807, 3869
3741, 3869
3741, 4632
3710, 3741
1732, 3710
2112, 2555
2112, 3466
3466, 3802
109, 3802
1732, 3072
2893, 3721
1698, 3001
362, 3741
310, 414
414, 2122
2122, 3253
2378, 3253
2378, 4982
414, 2433
146, 2433
1439, 4472
1439, 4989
178, 4989
178, 3754
3754, 4690
3116, 4690
2726, 3116
178, 2949
2949, 3064
1454, 3064
1454, 2766
1454, 2304
2304, 4063
43, 1454
43, 298
2766, 3932
298, 1268
2766, 4942
3460, 4942
3037, 3460
628, 3037
628, 1700
628, 2559
1700, 3830
3830, 4299
697, 2559
697, 3781
3781, 4144
2475, 3781
2475, 3679
3277, 3679
1167, 3277
3501, 3679
2053, 3501
1351, 2053
574, 1167
2345, 3501
832, 3277
2196, 2475
763, 2196
2196, 4590
3016, 4299
2101, 3016
1294, 2101
2053, 3477
393, 2106
3760, 3802
516, 3760
1018, 3760
1018, 2671
1159, 2671
2020, 2671
2020, 4221
728, 2671
341, 2020
2020, 3372
678, 3372
2020, 2426
4322, 4731
1973, 4731
560, 1973
4442, 4731
2702, 4442
1574, 1973
11, 560
11, 4048
11, 4714
39, 3733
39, 258
258, 3541
258, 801
3265, 4915
3265, 4157
94, 2106
626, 2479
1301, 3642
2436, 2894
13, 2436
2436, 4875
3609, 4875
1924, 2018
1038, 3476
962, 1561
1905, 3168
1875, 3433
1029, 4924
1029, 2146
2146, 3667
2146, 4756
2922, 4934
2478, 4934
2478, 2965
728, 1733
1733, 4640
1733, 4693
3188, 4640
1073, 1733
332, 3188
332, 1818
3378, 3432
3378, 3687
3687, 4535
534, 4535
3378, 3672
1718, 2948
482, 3107
482, 2827
2827, 4730
380, 482
2827, 4034
4034, 4477
4477, 4728
2108, 4728
482, 3129
2392, 3129
2392, 4417
482, 3397
416, 3397
3397, 4764
416, 425
425, 4597
425, 3006
2590, 4034
141, 2590
141, 4719
2285, 2590
2785, 4719
1389, 4597
1292, 3351
1149, 1222
1222, 3937
1022, 2930
1022, 2043
2043, 4600
1858, 2084
545, 1858
545, 1172
593, 2651
2651, 4380
4380, 4978
2586, 4978
1507, 2586
2970, 4978
1665, 2970
1665, 2354
2354, 3884
29, 3884
1652, 3884
28, 1652
1652, 2862
342, 2862
1652, 2823
1744, 2823
1428, 1744
1428, 2908
2908, 4344
579, 1744
28, 585
28, 145
145, 2312
28, 2662
1262, 2662
1652, 2085
2085, 3951
1776, 3951
38, 3951
1776, 4028
4028, 4276
4276, 4771
1948, 4771
1928, 3884
1928, 2036
2036, 3486
1152, 2036
2637, 3486
2221, 2637
2028, 2221
2901, 3486
1867, 2901
1867, 4861
2614, 2901
1744, 3495
1207, 3495
1207, 4741
1207, 3312
262, 2862
28, 1778
1034, 2662
1034, 3509
828, 3509
762, 2950
568, 4079
116, 4079
116, 2208
2208, 2458
179, 2458
179, 1443
1443, 2245
2245, 3910
179, 1306
960, 1306
179, 1533
1449, 1533
902, 2245
902, 4967
3104, 4967
1224, 3104
1224, 1719
1719, 1811
1811, 2841
2841, 3678
629, 2841
77, 3678
2504, 3678
890, 1811
719, 1811
719, 1416
2841, 2931
2931, 4247
1344, 4247
1736, 4247
1367, 1736
1344, 3859
1967, 3859
1736, 1921
1921, 2581
2581, 3941
2696, 3941
3468, 3859
2517, 2696
449, 2517
2517, 4273
3096, 4273
449, 4827
1334, 2517
1855, 2517
1855, 2395
1615, 2395
2395, 2793
1855, 2086
1166, 2696
1166, 4509
1344, 2579
2696, 4506
517, 1367
2931, 4821
2931, 4779
4130, 4779
212, 4130
212, 3926
212, 3481
3481, 4348
1050, 3481
1050, 2661
213, 3481
643, 4348
557, 643
557, 1634
213, 1536
300, 1634
3185, 4130
1462, 3185
1462, 4949
643, 3774
1861, 4130
1861, 4694
2973, 4694
1971, 4694
2973, 3311
1971, 4916
641, 4694
1384, 1861
1384, 4871
1050, 1495
1495, 2641
1495, 4583
612, 2641
612, 652
652, 2860
3707, 4583
1095, 4583
1095, 1252
455, 1095
643, 2752
1462, 4721
4130, 4624
1050, 2896
1252, 2021
212, 1440
1216, 1440
471, 1216
163, 471
1216, 1832
163, 3352
163, 475
1697, 1861
1502, 1697
1502, 4941
3796, 4941
1962, 3796
203, 1697
2752, 4599
989, 1384
4536, 4583
544, 4536
544, 2533
2533, 2733
444, 2533
907, 2533
203, 4785
2188, 4247
2188, 4676
131, 4676
131, 4869
2188, 2657
2564, 2657
1853, 2564
1853, 4238
3423, 4238
306, 3423
2657, 4881
3492, 4881
815, 2657
815, 1617
1617, 3508
2564, 3503
2024, 3503
306, 4479
4102, 4479
1617, 3804
3726, 3804
2136, 3726
2441, 3804
3926, 4120
305, 4120
305, 2361
186, 2361
193, 2361
193, 614
1709, 4785
1709, 1741
3774, 4508
1825, 4508
1825, 4830
2782, 4830
1970, 4508
1970, 4900
1970, 3461
1834, 4900
45, 4830
45, 181
181, 3868
2688, 3868
546, 2688
1871, 2688
121, 1871
121, 3214
546, 2991
3528, 3868
3528, 4824
709, 3528
45, 4016
654, 3214
45, 3636
3478, 3636
3636, 4391
3478, 4127
1918, 4127
3478, 4909
189, 3478
189, 2825
2825, 3252
3252, 4431
45, 1291
1291, 3209
1291, 3875
3209, 3283
74, 3283
74, 1512
1838, 3283
419, 1838
419, 4480
2664, 4480
406, 3875
3875, 4616
3209, 3714
691, 3714
691, 2117
709, 2054
2054, 4841
2248, 4841
2054, 3551
2175, 2248
2175, 4138
1457, 4138
1457, 4908
1735, 4908
1202, 1735
1457, 3763
2712, 3763
2175, 3356
911, 3356
159, 911
911, 3173
2846, 3173
637, 2846
6, 637
637, 4300
4300, 4420
3731, 4420
1764, 3731
1764, 3722
241, 3722
241, 4515
658, 4515
357, 658
85, 3356
85, 3960
1582, 3722
357, 2129
3288, 3722
1689, 3960
1689, 4913
1689, 1874
1689, 2933
74, 1934
670, 1934
1608, 1934
1608, 2439
1277, 2439
670, 3205
3205, 4252
1565, 1608
1106, 1934
1449, 1535
1535, 3720
755, 1535
755, 3858
1202, 4008
1638, 4008
208, 1638
1638, 3125
3508, 3583
1388, 2641
719, 1345
1345, 2914
2914, 3087
1345, 1571
1571, 3386
788, 3386
1293, 3386
1293, 2749
1293, 3491
848, 3491
848, 4925
1422, 4925
1052, 1422
1052, 4648
2256, 4648
1225, 4925
1225, 2022
1052, 3855
500, 3855
2951, 3855
2951, 3740
3128, 4648
1787, 4648
500, 3462
3462, 4198
4198, 4920
4198, 4670
1723, 4198
788, 3592
2348, 3592
3127, 3592
2857, 3127
2389, 2914
641, 3704
1177, 3704
1177, 4964
2041, 4964
3321, 4964
1288, 2041
4781, 4964
1325, 4781
4451, 4964
2779, 4451
1288, 3631
25, 3631
3321, 4863
2779, 3113
2620, 3321
1571, 2721
2052, 2721
788, 2626
1912, 2626
2390, 2626
1912, 3824
1433, 3824
1643, 2626
1643, 4456
3085, 3714
2564, 4135
1998, 2696
1998, 2781
1735, 2266
2266, 2468
1195, 2266
1316, 2266
2468, 2589
1966, 2589
1463, 3654
724, 1463
724, 1304
1110, 1304
1304, 3712
1110, 2989
3763, 4399
1581, 4632
1581, 2952
1547, 2952
1547, 3969
1547, 4882
2625, 3969
1475, 1547
2952, 4672
1475, 3918
2538, 3969
15, 2538
2538, 4739
15, 4658
3122, 4739
3122, 4793
460, 4793
460, 1079
3122, 3768
2222, 3768
1750, 2222
1750, 4891
270, 2222
270, 3418
700, 1079
2503, 4882
4658, 4704
248, 4704
248, 3063
2452, 3063
3793, 4704
161, 3793
3793, 3986
2801, 4891
2801, 3019
476, 3019
1902, 4739
1902, 4533
1902, 2137
2137, 3816
2137, 2809
1902, 3979
1902, 3163
2397, 3163
3163, 3441
3441, 4696
4122, 4696
238, 4122
2217, 3441
2193, 2217
1250, 2193
1250, 1904
2193, 4170
1250, 4895
1904, 2363
995, 2363
1250, 2880
1233, 2193
1250, 3186
3186, 4066
1904, 3203
2217, 4318
1250, 1413
4066, 4642
4561, 4642
2338, 3203
3893, 4066
2585, 3893
2585, 4200
1533, 3239
1036, 1475
1036, 3662
1036, 3338
302, 3338
838, 3662
838, 2031
2031, 3645
2031, 4896
4306, 4896
3966, 4306
1684, 3645
1684, 2863
1684, 3427
3645, 4097
1841, 4097
42, 1841
42, 4806
312, 3662
760, 1036
760, 2296
2296, 4235
3228, 4235
1842, 3228
265, 1842
265, 906
265, 2877
265, 2008
733, 2877
733, 3834
2135, 3834
1179, 2135
1179, 4963
2135, 3860
1656, 4963
1656, 3947
3947, 4828
4687, 4828
3406, 4828
1103, 4963
1103, 4249
2165, 4249
1476, 2165
1476, 3079
806, 1476
756, 806
2104, 4249
1231, 2104
1231, 3535
1103, 4453
1259, 4249
304, 1231
4041, 4453
2128, 2165
611, 806
2165, 4455
1231, 2576
1779, 2576
1779, 3403
4453, 4775
4248, 4775
304, 2868
2868, 4443
1378, 2868
235, 1103
256, 2576
3894, 3947
2145, 3894
1429, 3894
1751, 2145
1708, 1751
2843, 3894
1432, 2135
1332, 4249
1332, 3505
795, 1332
232, 756
756, 1610
1667, 1963
268, 1667
1607, 1667
1607, 4435
751, 2801
936, 1605
1812, 1909
2558, 3391
1339, 2558
3265, 4617
4140, 4617
473, 2910
473, 2448
2448, 2997
473, 522
522, 2753
2753, 4250
2412, 4250
2412, 4153
646, 4153
646, 3586
1033, 3586
646, 3656
646, 4912
1033, 1492
1492, 2593
702, 1492
604, 702
604, 1673
604, 1009
604, 4117
702, 3899
1396, 4117
1396, 2413
2413, 3242
1396, 3293
1085, 2413
702, 3011
748, 3011
748, 2976
2976, 4139
748, 2255
2255, 2311
1404, 2311
1404, 4555
748, 2424
1017, 2424
702, 901
901, 3664
392, 901
3225, 4799
2294, 4799
1097, 3555
2273, 3641
1910, 3641
154, 2475
1290, 1869
3029, 3424
2214, 3029
1467, 2214
367, 1467
1467, 3547
1173, 3547
1173, 1485
367, 2308
367, 3972
408, 3972
3029, 4549
3359, 4549
408, 650
650, 1541
1541, 3114
2655, 3114
1857, 2655
1857, 4375
826, 4375
1541, 3776
1374, 3114
1374, 4760
2357, 2655
1801, 3114
158, 4760
158, 1817
150, 1817
158, 2550
2550, 4401
2812, 4401
902, 2290
2290, 4715
4715, 4839
3946, 4715
3452, 4715
2310, 4715
3771, 4715
552, 2310
2190, 3946
1579, 2190
1373, 1579
33, 2190
33, 1897
33, 1690
1690, 4183
1671, 1690
1310, 1690
1749, 4183
1749, 2791
2791, 4413
140, 4839
1907, 4715
3924, 4397
2859, 3924
2340, 3384
2154, 3780
3180, 3780
3780, 4880
1099, 4880
1813, 3180
582, 1813
1813, 3548
1543, 3548
549, 1543
549, 2584
1543, 2463
920, 2463
2584, 3156
555, 4787
3407, 4787
1054, 3407
948, 1054
948, 4906
330, 948
330, 1185
1185, 4724
10, 1185
10, 3898
10, 2387
2387, 4295
2328, 3898
1847, 4881
1033, 2719
2719, 4633
975, 2719
975, 1041
1041, 2524
2524, 2636
1139, 2524
1256, 2636
1041, 2480
348, 1256
1673, 3467
312, 2512
914, 2512
2512, 2767
2767, 4835
914, 2660
2660, 2714
80, 2660
1569, 2714
106, 1569
80, 3361
3361, 3993
1569, 3184
3184, 4001
4001, 4404
921, 3184
3189, 4404
478, 3189
1523, 3189
3382, 4238
3382, 3580
3381, 3875
1409, 1541
628, 1854
1854, 4373
1304, 2852
2852, 4753
3002, 4753
3002, 4630
3699, 4227
3697, 3699
796, 3699
796, 3500
2021, 4777
709, 3246
2469, 4696
1327, 3314
1327, 2754
2754, 3745
2573, 3745
110, 2573
110, 437
437, 4516
3755, 4516
2573, 3601
117, 3755
117, 3757
437, 4495
1330, 4495
3437, 4495
3437, 4923
3300, 4923
108, 3437
3178, 3300
2790, 3755
3300, 4149
437, 1767
1767, 3595
3595, 3934
925, 1767
930, 3757
105, 2914
4257, 4516
108, 4786
2230, 4786
1573, 4780
1573, 4763
1734, 4763
1734, 2941
1039, 2941
1039, 4505
214, 3114
214, 2060
133, 2062
462, 4322
1434, 4715
1434, 3217
1026, 1434
1026, 4860
4094, 4860
1712, 4094
135, 2835
1826, 3245
2992, 3245
158, 4845
2289, 4845
1674, 2289
1674, 4996
889, 1128
1610, 3480
1749, 2438
1755, 2438
597, 2438
1180, 1755
13, 3981
801, 3695
126, 3803
2487, 3803
3384, 3669
4012, 4915
3832, 4012
2432, 3832
2432, 2810
2810, 3817
2115, 2810
2115, 2283
1494, 2283
973, 1494
973, 1309
3832, 4037
3271, 4037
4037, 4343
3983, 4343
3271, 3573
860, 3573
2932, 4037
2313, 2432
1687, 2932
1687, 3141
436, 3141
3047, 3832
1137, 3047
1872, 4343
1872, 2673
1076, 2673
52, 2673
52, 3847
52, 66
3686, 3847
2673, 4852
52, 4205
1840, 1872
496, 3847
104, 496
496, 1403
1403, 2669
440, 2669
66, 4651
1876, 4651
1876, 3634
237, 1840
1876, 4051
1005, 4051
2140, 4051
1840, 3030
1005, 4634
2168, 4634
2168, 4393
4393, 4433
665, 4433
496, 1340
1006, 1340
368, 1006
368, 3772
1364, 3047
29, 3843
734, 3843
734, 3126
2228, 3126
1286, 3126
850, 1286
69, 3126
69, 2358
2358, 4171
2358, 4584
363, 2358
4096, 4584
2063, 4096
950, 4171
308, 734
308, 4818
2228, 2562
2562, 2623
2623, 4024
742, 4024
2562, 3421
374, 3421
374, 3883
3883, 4722
4229, 4722
1789, 4229
257, 1789
257, 4747
257, 932
374, 1064
438, 1064
374, 2251
823, 850
3542, 4096
1774, 3542
1154, 2358
4024, 4340
4340, 4366
727, 4366
936, 1369
1369, 2865
339, 2404
1992, 2404
1057, 2404
1057, 2192
2192, 4655
508, 2192
508, 3456
3456, 4363
1303, 2136
1303, 3527
199, 3727
707, 3727
1162, 2404
1162, 4436
3671, 4436
233, 4950
3061, 4950
1255, 3061
851, 4950
851, 2866
1060, 3061
1255, 2709
1980, 2709
1458, 4950
1458, 1780
623, 851
623, 4768
1731, 2574
1731, 4720
3842, 4720
2798, 4720
1317, 1731
349, 2682
2682, 3536
2682, 4483
3034, 4483
2260, 3034
967, 2260
649, 4480
466, 3153
466, 2853
2853, 3429
1158, 3180
773, 1158
812, 4875
812, 3797
812, 4411
883, 3830
338, 883
2322, 4964
2322, 3724
531, 3724
1575, 4468
1738, 2746
1253, 2463
466, 4529
913, 4529
913, 3490
8, 4900
8, 3743
97, 189
3151, 3566
3566, 4371
1506, 3566
2503, 4543
727, 2231
92, 131
92, 4725
92, 2553
3562, 4102
1796, 4171
2645, 4821
1363, 2380
2014, 4989
331, 919
331, 4501
331, 1783
321, 1783
321, 951
331, 1043
3129, 4615
3588, 4615
2639, 3588
2639, 2879
3588, 3822
1677, 3822
1677, 2646
1109, 1677
3147, 3822
2899, 3147
2899, 3181
3181, 3256
2198, 3147
3256, 4330
1096, 4330
447, 1096
447, 2212
956, 3181
956, 4065
956, 4446
634, 4446
634, 2608
2608, 3135
3447, 3588
3447, 4146
4146, 4749
1428, 4242
247, 1422
247, 4530
647, 4530
647, 4649
4054, 4649
2449, 4054
2231, 4986
1644, 4763
2205, 3509
1066, 2205
1066, 1282
398, 1282
1606, 3619
1606, 4784
1606, 4667
3216, 4617
2430, 3216
588, 4192
1342, 4004
1564, 1571
1564, 1724
903, 1564
995, 1464
249, 1702
3625, 3741
3625, 4414
3655, 4414
4414, 4951
3465, 4414
2867, 4978
2867, 4015
113, 2867
985, 4148
1581, 4246
1867, 3512
683, 3512
683, 862
824, 3714
2275, 2304
2275, 4033
764, 2275
764, 3526
3234, 3526
265, 4528
1560, 4528
505, 1560
3755, 4370
135, 1682
1512, 4653
426, 4653
4132, 4653
4653, 4734
157, 4480
157, 2851
1639, 3976
3545, 3576
102, 4934
2154, 2156
2156, 3335
624, 2156
624, 4110
624, 4312
228, 4312
624, 3014
2972, 4110
355, 2972
355, 1868
3169, 4615
905, 2004
3063, 4608
71, 1779
71, 3193
3193, 3297
1715, 4477
4009, 4999
4151, 4999
3117, 4999
3117, 4230
1863, 4230
3117, 4195
1287, 3117
630, 3117
630, 4519
60, 3669
60, 3756
822, 3756
822, 4491
2124, 4491
1781, 3756
660, 4136
1579, 4473
3379, 4473
2903, 3379
3832, 4125
3985, 4125
2064, 3985
2064, 3074
167, 3074
167, 1213
2048, 3074
226, 342
226, 3761
3006, 4007
1626, 2487
1626, 4706
101, 2333
101, 4866
1249, 1544
3582, 4227
3582, 3939
3770, 3939
672, 3770
183, 672
1440, 3318
3544, 4513
4346, 4513
4093, 4346
4346, 4798
2745, 4798
396, 2745
2745, 3861
503, 3861
503, 3928
3067, 3928
2807, 3067
139, 3067
1789, 4415
792, 4415
2072, 4415
407, 792
2072, 3341
2870, 3341
3093, 4896
1715, 2182
1419, 2182
1419, 3324
422, 2182
692, 2182
729, 1419
729, 3666
729, 1319
2549, 3666
729, 2061
220, 2061
2061, 2153
1414, 2549
1414, 3814
674, 1414
3623, 3814
1761, 2153
1761, 4232
2795, 3666
2795, 2804
729, 3165
1414, 3345
3345, 3958
607, 3345
220, 4215
2153, 4293
4293, 4883
194, 4293
194, 1448
3633, 4293
1328, 3633
1328, 1531
3633, 4030
2902, 4030
2902, 4991
685, 4030
685, 3263
3263, 4432
4030, 4492
1695, 4492
587, 3165
587, 1554
1554, 3083
587, 712
712, 1488
1488, 3778
775, 3083
775, 2505
1979, 2505
775, 3159
137, 775
137, 1260
1624, 3159
1124, 1624
1124, 2727
1624, 3670
3670, 3962
1124, 3606
195, 3962
884, 3083
1260, 3313
1521, 3313
561, 1521
561, 4995
3644, 4995
3857, 4995
1308, 3644
1308, 3838
1308, 1514
1514, 4460
1223, 4460
1223, 3612
2834, 3612
530, 2505
2734, 2834
886, 1521
137, 1882
430, 3606
254, 430
254, 4488
1410, 4488
254, 725
725, 2925
772, 2925
245, 2925
772, 3040
3040, 4990
725, 2007
725, 1459
772, 1938
772, 3236
1901, 2925
1843, 1901
2007, 3146
2621, 3146
177, 2621
1522, 3146
1196, 2621
1522, 2731
2520, 2731
1459, 1613
70, 1613
70, 1178
1178, 3749
3611, 3749
1093, 2734
2640, 3778
2640, 3213
880, 2549
758, 880
1133, 3159
1133, 3137
1319, 1320
884, 2232
2232, 3285
636, 2007
636, 4361
3735, 4361
2786, 4004
2778, 3349
554, 3349
1047, 3880
1047, 1570
210, 4861
862, 4045
1220, 4045
1220, 3590
1967, 4686
529, 3585
3585, 4663
3304, 4663
1637, 1980
1637, 4143
1426, 4143
1426, 1685
1426, 2765
103, 2765
103, 3453
2161, 2765
2161, 2681
681, 3724
1005, 4160
832, 4429
452, 4429
452, 979
452, 1657
1657, 2133
228, 4873
4091, 4873
1368, 4091
2180, 4091
956, 2419
2419, 2680
1487, 2680
1487, 3053
1487, 4457
40, 4457
816, 4786
816, 4766
225, 4766
225, 2425
2425, 4976
765, 816
1519, 2425
4094, 4385
4272, 4375
2736, 4272
1003, 2736
2027, 2736
1375, 2712
1779, 4461
3241, 4461
1169, 3241
19, 1169
4461, 4808
2848, 4808
766, 2848
4461, 4595
2525, 4461
1833, 2525
1631, 2525
714, 2525
714, 4484
3696, 4484
2698, 3696
400, 3696
400, 1849
400, 1663
1132, 1663
400, 1012
969, 1012
986, 3696
1849, 4664
1400, 1663
969, 2492
2492, 3758
1132, 2316
779, 2316
779, 4903
779, 2484
3696, 4997
3938, 4997
2206, 4461
3364, 3758
2254, 3364
3308, 3364
3223, 3308
1400, 3307
386, 3307
386, 2435
1942, 3938
661, 1942
1942, 2481
2254, 2602
2602, 4020
1960, 3307
994, 1960
1960, 2926
1611, 1960
400, 1318
4324, 4629
753, 4629
753, 3426
1506, 2769
2215, 2769
2769, 3374
2104, 2632
2632, 2820
750, 2820
750, 3082
2613, 4415
2613, 3538
1114, 1750
3010, 4667
76, 1714
4198, 4372
2353, 2354
2353, 3552
1092, 2353
987, 2853
987, 3808
2498, 3808
3024, 3808
456, 2498
987, 2858
373, 2858
376, 3808
376, 1435
1435, 1503
143, 2858
2377, 2498
2377, 3657
2377, 3383
2174, 3361
149, 2370
149, 3202
149, 1311
4008, 4222
3982, 4222
2953, 4222
413, 2953
413, 2945
1595, 2945
1595, 2166
2166, 2238
821, 2238
2166, 3201
996, 3201
2166, 3454
782, 3454
1595, 4237
2404, 2808
3946, 4475
4475, 4983
1651, 4983
4342, 4983
1651, 3889
2465, 3889
2263, 3889
3142, 3997
2030, 3997
859, 2030
2030, 4665
859, 4842
2201, 4842
2201, 3990
2236, 4665
1468, 4842
3068, 3990
1383, 3068
418, 1383
383, 418
383, 1802
1383, 4751
4675, 4751
858, 4665
842, 858
858, 2635
2274, 2635
1184, 2274
1184, 4554
123, 4554
123, 3786
123, 2356
2356, 3270
3786, 4544
3812, 4544
3812, 3920
2876, 3920
2780, 4544
343, 2876
343, 4769
3305, 4769
805, 2876
2876, 4612
4612, 4804
2134, 4804
814, 2134
2876, 4458
3998, 4554
418, 618
335, 862
335, 2460
335, 2034
2460, 2710
1930, 2710
1930, 3075
1959, 3075
780, 1959
780, 4188
4220, 4484
757, 4218
757, 2856
654, 3422
3422, 3572
26, 4135
1469, 1756
2262, 2801
995, 4217
2778, 4525
2451, 3641
657, 2654
3191, 4996
2257, 3191
1471, 2257
1471, 3056
3056, 4106
3619, 4494
1133, 3291
535, 3291
535, 2762
382, 535
217, 535
1010, 2479
1010, 4430
1353, 4430
2988, 4430
3086, 3217
2114, 3308
3002, 3805
362, 3487
3725, 4695
3232, 4695
207, 815
611, 1140
898, 1140
898, 3088
353, 3088
1140, 4867
31, 1541
31, 3389
1520, 4110
1763, 2749
1696, 1763
1696, 2583
319, 2583
375, 1696
375, 3888
3888, 3974
3500, 4795
3219, 3476
2386, 3219
1438, 4784
1438, 3272
1738, 2768
871, 1753
359, 1948
359, 3045
359, 1983
334, 3201
334, 486
486, 1074
583, 1074
694, 1074
486, 2741
2741, 3879
316, 3879
486, 3268
1466, 3268
1466, 1819
486, 2606
1074, 1424
694, 3396
583, 4364
366, 1819
366, 1981
3922, 4364
3430, 3922
366, 4105
261, 4105
3275, 4105
2147, 3275
1305, 4105
1305, 2011
26, 2717
1415, 3114
1646, 3983
1646, 4626
958, 4626
3522, 4626
2235, 3522
958, 1245
2235, 2887
2887, 3621
716, 2083
3573, 3813
902, 1267
1267, 3357
732, 1267
732, 4783
3438, 4536
3186, 4940
473, 2271
2859, 4427
110, 1529
537, 602
537, 3568
4734, 4750
1548, 2419
1548, 3164
2270, 4871
2270, 3584
1186, 4273
358, 2606
358, 4075
2042, 4075
1894, 2042
3195, 4669
3414, 3502
32, 1983
1053, 1277
1053, 2656
1580, 2114
1001, 1580
3171, 4912
1755, 2019
4651, 4788
812, 1895
2523, 2899
382, 1661
1661, 4359
1491, 1562
1191, 4117
682, 2001
867, 3503
929, 4549
2969, 3477
1174, 3188
1174, 2489
1209, 3271
1209, 2999
1728, 4429
1728, 4449
1312, 1548
18, 3320
18, 293
293, 4189
18, 831
354, 831
354, 3593
257, 4168
2586, 3594
2199, 3594
44, 2199
766, 928
2323, 4209
2323, 4228
3159, 3553
1601, 3553
4847, 4924
1186, 1729
1641, 1729
483, 1641
1641, 4671
1359, 1641
1641, 4699
1769, 4699
3128, 3719
573, 3719
1703, 3719
2454, 3719
573, 3376
1331, 1703
2763, 3483
1266, 4884
2167, 4884
1455, 4884
1047, 1839
1483, 1839
1713, 4949
1713, 3748
147, 1928
147, 2947
147, 4265
1442, 4265
1442, 2601
655, 4616
4727, 4791
1610, 4187
2810, 4392
1629, 2947
1255, 4482
2110, 4482
372, 2110
372, 3819
1888, 3819
372, 4353
787, 2860
287, 787
787, 3775
787, 1730
553, 1730
553, 4987
1730, 2787
663, 1730
663, 4922
1599, 3775
3124, 3935
2391, 3938
902, 2971
1548, 4531
421, 2240
1099, 3099
4037, 4968
2785, 3250
3250, 3444
570, 1426
825, 1426
1762, 2238
1330, 3750
814, 863
4392, 4859
566, 3303
566, 3902
3377, 3902
3377, 3853
3902, 4539
1932, 3902
3377, 3665
1354, 3665
566, 2737
391, 743
2874, 4904
660, 1989
1989, 4301
2594, 4301
2055, 3504
2931, 4434
291, 1468
291, 2099
291, 4854
1851, 4431
1851, 2399
2399, 2915
2915, 3015
1479, 2915
2915, 4790
378, 4790
317, 4790
2189, 4790
172, 2189
317, 605
605, 722
2486, 4481
1188, 2486
1188, 3546
1954, 2486
1954, 2091
2091, 4647
999, 2091
2059, 2091
2091, 4692
1346, 4692
1814, 4692
1427, 1814
999, 2349
2349, 3139
3139, 3836
2817, 3836
510, 2817
715, 3546
715, 2838
489, 2838
489, 2330
2330, 2416
668, 2091
2817, 3138
1346, 1941
1068, 1941
513, 1954
513, 1237
3138, 4176
1346, 2457
2242, 2457
2242, 2495
668, 1539
1539, 2570
540, 2570
540, 2224
540, 1740
540, 3790
3790, 3867
2040, 2961
1187, 2961
1187, 4726
1187, 3286
3070, 3286
129, 3070
3286, 4966
2317, 4966
2317, 3795
1688, 2317
2379, 3070
548, 4168
548, 4374
722, 2075
1622, 3142
1622, 4977
4813, 4875
839, 4347
2310, 2337
1526, 2523
1526, 2216
2216, 2447
1119, 1526
1059, 1916
2928, 4934
4315, 4749
3342, 4315
1445, 3342
864, 3342
864, 3930
864, 4947
1691, 4947
448, 3342
448, 3055
448, 4889
2233, 4315
2233, 4575
2233, 2739
4420, 4628
2202, 2737
2585, 2921
484, 2921
2921, 3243
897, 2921
897, 4605
2649, 4605
2649, 3567
2281, 2649
1452, 4605
2181, 2921
876, 1039
202, 876
3328, 4720
1474, 3328
1474, 3739
78, 1474
78, 1929
1642, 1929
1929, 3410
3410, 3885
47, 3410
1228, 3423
2068, 2710
1630, 3376
1630, 2689
35, 1630
2229, 2689
88, 251
1004, 4495
1977, 3181
1977, 2511
2511, 4928
2511, 4712
4638, 4712
4267, 4712
3835, 4638
2568, 3835
770, 2568
770, 3617
112, 3617
112, 1246
1246, 2382
2382, 2519
2382, 2729
1616, 2729
1616, 4805
3296, 4805
3296, 4099
2429, 3835
969, 3231
2158, 3231
2158, 4607
3607, 4607
1853, 3950
1788, 2594
1788, 2309
2309, 4244
2595, 4468
2539, 4709
391, 2012
1924, 4809
96, 2669
96, 998
998, 4179
96, 737
96, 388
388, 4762
96, 307
307, 4379
96, 2162
2162, 4355
998, 1961
1961, 2692
2403, 2692
2692, 3818
2692, 4437
1201, 4437
268, 2163
221, 2163
2163, 3280
3184, 4083
1889, 4083
813, 3083
856, 2765
4690, 4858
4581, 4858
138, 3323
338, 1784
567, 1784
1784, 3412
2959, 3412
567, 3051
567, 4614
1379, 4614
1379, 2431
2142, 3502
651, 2208
651, 3287
3115, 3587
433, 4623
1855, 4424
3354, 4424
841, 3354
690, 1400
690, 4254
1638, 4594
1965, 3867
1060, 2496
1836, 2662
1836, 4023
1836, 4303
1888, 2985
916, 2985
1577, 2985
1577, 3852
3366, 3852
1807, 2708
1586, 2708
4225, 4640
4173, 4225
1341, 4173
1938, 4553
907, 947
947, 1625
209, 947
83, 209
83, 3864
318, 4025
281, 3296
3366, 4902
3705, 4329
1390, 4329
126, 2600
3655, 4210
3912, 4883
1495, 3222
376, 2144
151, 2144
1420, 2144
780, 3405
1542, 3405
1542, 4812
1542, 2252
2252, 3207
3207, 3965
2252, 3996
3996, 4381
1563, 3996
3417, 3996
3255, 4381
2016, 3417
1537, 2016
2352, 4381
2352, 3017
1576, 3017
1542, 2743
4525, 4591
2138, 4591
2138, 3995
1313, 3515
1499, 3515
3515, 3798
2049, 3798
1499, 2527
3504, 4522
3043, 4522
1062, 3043
1037, 1062
2474, 4790
2330, 4256
2801, 4388
1009, 3292
1534, 1906
2206, 4514
3589, 4514
4669, 4816
3332, 4816
4304, 4816
364, 4304
364, 2152
1285, 2152
276, 4304
276, 4654
276, 3537
3537, 4416
3940, 4416
3940, 4350
3042, 3940
1394, 3332
1394, 3517
1241, 3517
1171, 1394
276, 4390
2612, 4390
2374, 4390
1241, 1567
1567, 4233
2556, 4233
1895, 2367
1949, 2367
1949, 3375
2999, 4585
1454, 3957
1333, 2841
1333, 3388
3388, 4326
2420, 4326
2420, 2996
2472, 2996
2472, 4493
2472, 4946
3876, 4457
565, 3876
565, 3041
3004, 3041
2547, 3004
2674, 3024
63, 2873
3765, 4714
2182, 4204
86, 4204
3689, 4204
1450, 3521
1444, 1450
1444, 1739
485, 1739
3023, 4071
2071, 4071
2071, 2958
867, 3144
3079, 3439
3512, 4870
3132, 4870
3108, 4870
3048, 4870
2004, 4316
120, 1849
233, 337
2552, 4841
2332, 2552
2552, 4438
670, 1666
2249, 3403
2249, 3474
3474, 4659
1082, 3474
3799, 4659
192, 3474
192, 2869
2383, 2869
2869, 4121
2183, 2383
1549, 2183
1347, 1549
1347, 2748
62, 2748
62, 1251
62, 4362
2659, 4362
1549, 4271
4076, 4271
2421, 2748
2436, 3395
2416, 4164
2527, 3071
684, 1288
879, 3406
598, 879
473, 1716
118, 4024
118, 2603
668, 4957
284, 4957
284, 3003
1399, 3003
622, 1399
622, 2987
2187, 2987
2234, 2987
2234, 2631
2631, 2633
1219, 2631
1516, 1750
633, 1516
3657, 3736
155, 3736
155, 4043
155, 1856
3334, 4043
1920, 3334
811, 1920
4043, 4843
4426, 4843
4426, 4789
663, 736
736, 1472
736, 896
896, 1747
896, 3766
1370, 1747
1472, 2286
2286, 2938
1472, 4360
861, 2286
271, 861
4585, 4853
2415, 4853
453, 2415
819, 3725
636, 4226
739, 3094
3094, 4980
2833, 3094
2833, 3575
2514, 2833
2514, 2518
224, 4980
1670, 2514
2730, 3575
224, 3066
1313, 4425
3574, 4425
13, 4095
1705, 4719
1360, 2134
95, 3587
273, 1288
33, 4620
4177, 4620
3993, 4811
4201, 4811
4201, 4462
2197, 4201
4462, 4833
2160, 2197
2160, 4718
3012, 4718
591, 2160
1699, 4201
1296, 1397
601, 3128
601, 1025
935, 1920
935, 2058
2295, 4051
2295, 4389
518, 2354
518, 1946
1946, 4910
869, 4910
2607, 4910
1517, 1842
1016, 2058
1016, 4952
1760, 4211
2288, 3624
1417, 3624
1076, 1593
2305, 4722
2305, 4011
559, 2305
559, 2980
2980, 3499
845, 3499
559, 2171
490, 2171
64, 559
2305, 4803
1722, 4392
1722, 4856
2187, 4444
2968, 4444
1530, 2968
1530, 4932
666, 1530
1530, 4708
603, 4708
2049, 4365
3510, 4365
2233, 2684
1030, 2684
2649, 4166
2493, 4166
2040, 3259
698, 1929
698, 1200
1230, 3601
480, 1230
1230, 3076
3076, 3820
937, 3608
84, 2414
1053, 4027
4027, 4286
2818, 4286
892, 2818
2818, 3111
1636, 4353
1636, 3543
1609, 3543
14, 3417
14, 2738
14, 1947
196, 1947
196, 1956
1914, 3947
693, 2932
495, 693
495, 3336
2646, 2665
403, 4861
51, 2745
3225, 4061
2705, 4902
1061, 4843
1061, 1497
1497, 3179
1391, 2888
1192, 2888
1192, 4046
3878, 4063
1253, 1392
1392, 2029
3026, 4442
1336, 4530
404, 1336
404, 4031
1421, 4903
277, 1421
2811, 3535
2811, 4056
136, 709
3444, 4832
3253, 3692
3123, 3692
524, 3123
1944, 3123
1944, 3738
1113, 3738
1113, 2003
2003, 4002
2196, 3620
2907, 3928
2546, 2907
2546, 3105
2246, 3105
3105, 3534
3534, 4571
4571, 4752
1881, 2546
1881, 3194
1620, 4251
744, 1442
3003, 4945
1018, 4736
2351, 4736
2351, 3443
1743, 3443
1743, 3482
3482, 3618
3090, 3618
2131, 3090
1798, 3618
1798, 2494
1798, 2575
2575, 4448
1710, 2575
1798, 4823
2803, 4823
3443, 3742
3260, 3742
2575, 3561
2464, 2895
2116, 2895
2102, 2116
1615, 1645
1331, 3693
412, 470
470, 3581
470, 4874
3407, 4386
2013, 4386
252, 2013
1013, 3266
2542, 3756
3939, 4819
2456, 4819
2725, 4819
135, 3784
3888, 4565
3186, 3565
956, 1915
771, 1915
771, 4405
3050, 4861
294, 3050
1003, 1221
1141, 1221
1141, 2111
926, 2111
303, 1141
2111, 3518
303, 3021
1608, 3863
2678, 3863
3261, 3863
1877, 3070
1877, 4899
2150, 4899
3234, 3279
3279, 4567
71, 4657
2561, 4432
2561, 2871
1445, 3346
2494, 2528
2528, 4710
4710, 4711
3208, 4710
2172, 4711
48, 2528
2461, 4711
1844, 2461
1844, 4298
1107, 4002
1107, 2937
547, 2937
434, 547
1768, 3575
767, 1507
544, 3963
1679, 2136
2607, 4419
4419, 4566
3506, 4566
1270, 3506
1270, 1335
4163, 4566
255, 4163
1545, 4163
1545, 1870
833, 1545
833, 2339
1297, 2339
2339, 3597
2634, 3597
1033, 2077
2497, 4371
1979, 3954
2033, 2838
2033, 3150
3150, 3602
96, 4351
3282, 4548
37, 277
37, 3057
314, 3057
37, 4864
314, 1156
412, 3626
1300, 3266
1300, 3682
933, 3682
933, 2164
100, 2164
3200, 3607
325, 3200
1407, 2233
1407, 1480
1480, 4735
234, 2135
760, 2694
2694, 3840
3840, 3936
2448, 3591
1724, 4104
394, 2245
902, 2009
1410, 4178
1100, 1718
2232, 2544
1772, 2544
1772, 4042
1678, 4042
1678, 4917
2882, 4917
1456, 2882
2279, 4917
423, 4917
365, 4904
365, 2314
3243, 3925
1200, 4502
4493, 4953
307, 2566
3314, 4802
703, 2085
703, 3092
703, 2824
431, 2824
431, 4410
431, 3747
1134, 2054
917, 3676
917, 2418
917, 2080
1790, 2080
917, 2373
2373, 4000
224, 3134
2015, 3134
1117, 2015
1229, 4459
843, 4193
182, 878
2029, 3677
2184, 3677
1075, 2184
2145, 3175
735, 860
903, 2179
5, 2179
113, 2963
642, 1598
3343, 4064
3343, 3603
1810, 3343
992, 1810
2071, 2261
688, 2261
688, 4587
124, 4587
946, 4587
59, 946
59, 3497
59, 2638
1972, 4952
4140, 4174
2530, 4639
4138, 4259
662, 4699
662, 3694
3276, 3694
1918, 3496
2924, 3742
2591, 2924
633, 4919
2082, 4919
2166, 4203
1065, 3887
464, 1065
3310, 4953
3310, 3519
3310, 3564
1131, 3564
1131, 3890
993, 3564
3564, 3801
966, 3535
186, 849
849, 3550
297, 2301
297, 4109
3109, 4109
3109, 3298
297, 4898
1244, 4898
3206, 4109
197, 3206
197, 3035
167, 1925
324, 3657
1281, 2895
1214, 3429
1803, 3118
1803, 3992
1633, 3992
1125, 1633
1125, 2917
58, 1125
1014, 1410
1014, 2453
1014, 4464
1746, 4464
3273, 4196
134, 2818
2150, 2643
1005, 3136
834, 1462
834, 4782
1302, 4782
870, 3352
208, 4474
1968, 4474
450, 2379
2016, 4263
1369, 1816
1816, 2598
3727, 4067
3579, 4067
2343, 4045
1511, 4019
388, 976
976, 1199
976, 4341
631, 3742
631, 4643
837, 1141
436, 679
679, 713
679, 873
713, 2394
2375, 2394
1087, 2394
2394, 4767
2798, 3401
3628, 3829
1311, 3230
3230, 4705
4282, 4705
606, 2441
345, 1392
1541, 2571
1953, 4222
1953, 4310
2983, 4560
2141, 2983
2983, 4383
1691, 2070
2070, 4596
2070, 4470
4147, 4470
3255, 4646
705, 4646
705, 1591
79, 4071
79, 515
4244, 4939
2883, 4939
577, 2883
59, 4269
1896, 4269
3428, 4167
4167, 4302
3984, 4302
442, 4302
1864, 3449
401, 1560
401, 1203
573, 3018
323, 3018
2367, 2401
3043, 3489
340, 4041
2675, 3744
2365, 3744
3622, 4125
3204, 4359
1091, 2305
1645, 3614
3570, 3614
3570, 3728
3728, 4018
1600, 2267
1594, 3249
1364, 2143
2208, 4537
3248, 4537
40, 1771
1771, 4010
1596, 2769
1596, 4930
1993, 4930
231, 1993
231, 3973
1993, 2319
3746, 4157
3746, 3916
356, 3542
672, 3956
2331, 3956
2597, 4744
851, 1473
2686, 3205
1183, 2686
1775, 2686
481, 1775
1052, 1958
567, 4876
1618, 4876
1618, 3158
270, 2994
3084, 3136
804, 3084
804, 2764
2764, 4044
1886, 2764
429, 1886
429, 1585
1585, 2490
1585, 3881
429, 4985
4487, 4985
804, 4098
2490, 3791
4082, 4590
1436, 4082
783, 3937
783, 2268
2268, 4498
1377, 4734
877, 1377
2406, 3497
2406, 3980
740, 3980
1515, 2261
808, 2958
808, 3095
2241, 3917
2241, 3212
1805, 3212
3212, 3949
296, 1805
187, 296
187, 3794
2795, 4439
336, 4439
56, 336
1794, 3478
1794, 3959
1794, 2839
2839, 3274
479, 3959
1794, 3525
881, 3525
881, 4124
881, 2139
881, 2204
689, 3489
239, 1385
548, 3709
3385, 4201
1790, 2127
1794, 2088
2088, 3723
441, 3723
3946, 4545
980, 4865
4103, 4865
4, 4865
2770, 3672
2770, 4141
4141, 4155
4972, 4976
2533, 4717
1321, 4717
1146, 1321
17, 2994
1412, 4258
1412, 4467
704, 4467
154, 3674
1344, 4938
2670, 4938
699, 2670
788, 4398
3409, 4398
1903, 3239
58, 4578
2483, 4578
1820, 2041
2418, 4562
1138, 4562
1876, 3413
844, 3413
514, 844
514, 3350
1081, 2802
3651, 4439
440, 2393
3, 3307
3, 625
3056, 3596
1116, 3283
1037, 2347
2347, 2905
2347, 3737
4474, 4666
75, 4666
2358, 3457
1182, 3457
3457, 4202
4202, 4275
1152, 4568
2768, 4829
4829, 4848
653, 3520
1647, 3255
1647, 4703
328, 4703
1647, 2954
222, 328
1647, 2218
1015, 2954
222, 3009
1015, 2364
1616, 4208
549, 4469
899, 4469
144, 482
144, 4962
144, 1161
1786, 4357
4156, 4357
910, 1069
1590, 3063
3113, 3284
1168, 2281
1168, 4937
411, 1168
411, 4050
411, 4068
3469, 4050
1168, 3777
3777, 4296
4089, 4296
4214, 4296
957, 4214
957, 1348
957, 3233
3267, 4050
1218, 3233
567, 1484
451, 2603
1758, 3688
3145, 4145
1401, 3118
1333, 3647
198, 4090
1860, 3925
458, 2660
2804, 4518
3275, 3290
3290, 3810
1108, 3810
1511, 2293
274, 2293
663, 4047
347, 4906
347, 2344
141, 4191
498, 649
1210, 3588
1160, 4227
1971, 4142
3849, 4142
939, 2206
939, 4965
1773, 2950
1773, 3455
288, 3455
3455, 4308
1, 3455
3455, 3833
1, 3514
4450, 4583
2237, 4450
19, 4679
427, 4679
1167, 2724
3908, 4827
3680, 4798
266, 1675
266, 943
3417, 3729
686, 3618
381, 3963
1573, 4290
3532, 4290
2808, 3172
1887, 3172
1639, 2148
1748, 3688
1281, 4126
3703, 4126
2292, 4326
3519, 3701
2264, 3701
635, 3868
389, 635
2882, 4507
802, 4507
816, 3643
1672, 3225
313, 3710
313, 2569
2261, 4644
1009, 2629
373, 2909
3410, 3484
3484, 3599
1707, 3484
68, 4470
875, 4965
597, 1711
4058, 4756
1326, 1364
1326, 4255
402, 1326
342, 1242
1242, 2658
2717, 4635
2297, 4635
541, 958
3749, 3900
2687, 3900
3088, 4114
1217, 4114
592, 4114
1217, 4622
3363, 4318
2995, 4605
2995, 3964
2995, 4092
61, 4092
427, 3445
2334, 2544
1163, 2793
3052, 3185
2986, 3052
2090, 4648
1248, 3937
831, 4740
928, 3971
700, 2398
2398, 4702
3406, 4773
2618, 4773
2618, 2964
721, 2618
721, 2010
1635, 4912
533, 4417
2823, 3600
2212, 2701
1998, 2816
1084, 1591
1234, 2832
1234, 2095
2095, 2220
1234, 2409
1913, 2719
13, 2788
2320, 2438
2063, 4395
1664, 4395
1323, 1651
3329, 4791
91, 3329
166, 3329
1314, 1732
2232, 2622
2622, 4959
1984, 2741
2890, 4267
3871, 4893
3404, 3573
1109, 2728
79, 1289
2882, 4013
949, 1403
2588, 2958
730, 2588
2588, 2912
730, 2366
2366, 4057
717, 2296
4047, 4547
1254, 4250
3821, 4741
2332, 3826
1726, 3826
1116, 4682
3327, 3485
3264, 3290
1402, 3264
1402, 1597
1402, 1583
1665, 4878
1668, 4878
3923, 4878
589, 3923
589, 934
934, 3785
537, 3220
317, 3789
2485, 3789
2485, 4039
2367, 2913
2, 2913
115, 3662
2529, 4514
2529, 4933
151, 1845
3237, 3483
2587, 3237
3946, 4557
2524, 3400
3400, 4078
1640, 4981
525, 3340
1919, 3340
1919, 2572
1386, 4065
1386, 2672
2800, 4392
924, 2800
89, 4986
89, 111
1227, 3838
488, 2661
160, 4361
2533, 3244
3244, 3931
2227, 4788
567, 1986
2816, 3197
791, 1467
65, 791
1534, 4770
3008, 4770
1166, 4745
2605, 4745
2605, 4929
2822, 4745
64, 4678
1846, 3441
484, 776
776, 4441
776, 3463
3648, 4441
474, 4774
1063, 3586
487, 4827
22, 1189
1669, 4479
1181, 1481
395, 1481
395, 2821
395, 2784
2784, 2845
1142, 2845
918, 1915
3529, 4015
2741, 4277
1990, 4277
1990, 3877
1371, 3877
1371, 4511
3877, 4572
327, 1413
871, 3387
2169, 3387
2169, 3130
3130, 4541
2695, 4541
2035, 2695
2035, 2677
1874, 4971
323, 2540
323, 797
556, 797
702, 4358
1477, 4358
2740, 4041
77, 1023
373, 3425
1280, 2147
1280, 2666
2828, 3296
3999, 4479
696, 732
696, 3716
2370, 4551
1622, 2298
2758, 4815
895, 2758
2758, 4886
2037, 4886
2884, 4886
493, 2037
439, 4913
3405, 3652
3996, 4960
549, 2219
1083, 2068
2944, 3240
3167, 4952
3314, 3330
1398, 2294
1606, 4729
2223, 4678
1827, 2223
1827, 3635
358, 4073
1991, 3692
1991, 4131
599, 4131
2557, 3011
528, 1297
2310, 4776
1294, 4885
116, 3325
2601, 3420
1828, 3420
310, 1540
1593, 4118
3800, 4118
1650, 3800
346, 686
3299, 3759
1211, 3299
206, 3299
2445, 3299
2704, 3299
2774, 4427
596, 2774
2774, 4081
2056, 4081
2056, 3942
596, 3078
3882, 4296
246, 3586
1708, 4621
1546, 4621
3276, 4979
184, 4979
184, 594
184, 2792
3834, 3994
3204, 4162
711, 1667
126, 504
504, 1283
374, 3434
1940, 3434
866, 1940
866, 1372
1207, 3769
1800, 3435
4589, 4900
3155, 4589
1143, 1481
1143, 1865
369, 4971
369, 4613
369, 4325
1864, 3841
2071, 4742
1883, 3834
1498, 1883
1498, 3393
3393, 4918
2735, 3393
3133, 4572
1447, 3133
1447, 3873
3873, 4817
1852, 3873
3046, 3609
211, 3046
211, 2069
2069, 3007
1356, 3007
2210, 4647
1098, 3721
2756, 3168
643, 3027
2942, 3027
316, 840
840, 2100
511, 3902
511, 4100
4100, 4349
803, 4349
2847, 4100
3106, 3677
3280, 3556
2043, 2885
3538, 4029
1660, 4029
3498, 4029
1660, 4603
673, 2589
598, 4409
952, 4409
4113, 4409
175, 4113
175, 204
2956, 3794
2157, 4195
1704, 2157
1866, 3582
1866, 1978
2490, 2700
747, 2700
2410, 2700
747, 1226
454, 966
201, 1644
681, 3370
3280, 4737
671, 3273
2776, 2828
3315, 3948
2531, 3315
1830, 3918
1049, 1830
581, 1049
915, 4319
278, 2153
2606, 4517
4169, 4517
745, 4517
741, 2529
1009, 2532
723, 2532
723, 4463
627, 4463
723, 2872
617, 2872
2747, 4463
2872, 3112
55, 2532
2548, 3898
259, 2548
3301, 4821
3792, 4484
3792, 4943
3690, 3852
538, 3690
538, 2407
2556, 2563
2563, 4108
286, 4108
2882, 2984
2984, 3661
468, 937
1362, 3501
1362, 2225
351, 3300
351, 3854
477, 3836
477, 2177
1652, 3089
311, 3089
2662, 4698
907, 3025
1027, 4750
1027, 3368
3368, 4936
1027, 2151
2151, 4748
912, 4748
2796, 3368
2796, 4331
2080, 3411
2744, 3411
1545, 4368
891, 3567
1659, 4597
2205, 2408
2648, 2864
2648, 4418
68, 3262
1387, 3262
1315, 2627
2627, 4476
2385, 3625
2385, 3787
3988, 4321
4321, 4408
2078, 4408
2966, 4408
895, 1935
1935, 2402
1935, 3073
387, 2150
1260, 4239
2638, 3436
3170, 3436
2810, 3316
3162, 3316
73, 3316
73, 810
3571, 4690
3255, 4055
3886, 4055
960, 1662
1612, 1662
1662, 2577
522, 1782
1648, 2518
866, 3658
2673, 3715
3278, 3715
1423, 4768
1423, 4402
4305, 4402
3895, 4305
2086, 4452
46, 2528
46, 1307
2681, 4610
1741, 4586
2372, 3357
2372, 4262
1021, 4774
617, 4445
1095, 1500
1500, 3563
3823, 4536
1274, 3823
543, 1274
1525, 3823
1525, 2534
2534, 3577
172, 1176
1176, 4927
2958, 3210
1566, 1650
2991, 4190
1205, 2576
3596, 4339
178, 463
4501, 4611
1951, 3173
218, 2900
227, 3142
1550, 3816
473, 4680
1197, 4680
1197, 3036
984, 3036
3365, 4296
3365, 3681
677, 3681
1283, 2663
1048, 2860
1048, 1862
1601, 4006
4006, 4759
726, 4759
726, 2855
1964, 2398
2470, 4141
4286, 4598
497, 4598
3226, 4598
3226, 4428
497, 4931
443, 4598
4763, 4992
2061, 4412
1105, 4412
67, 4412
1527, 4676
1527, 3177
2011, 4307
991, 4307
746, 4307
667, 911
667, 3472
2195, 3472
1913, 2652
806, 2500
1322, 3262
397, 3749
397, 4378
521, 4217
72, 1057
1524, 1900
612, 4814
2399, 3844
1408, 3415
4018, 4570
3009, 4486
749, 4486
749, 2718
4486, 4677
723, 2732
1453, 2732
2502, 3426
77, 2929
1721, 2520
3310, 3807
296, 3091
3402, 3874
1275, 1715
1275, 2830
1722, 3610
3302, 3799
2000, 3302
2000, 2861
2534, 3513
1296, 3632
1745, 3632
3955, 4740
697, 1175
951, 2405
1943, 2405
2596, 4797
777, 2064
1276, 4475
781, 1673
107, 781
3005, 4361
3776, 4716
3548, 3557
3148, 4290
3148, 3473
1194, 3473
708, 1194
708, 2427
1274, 4510
4052, 4616
236, 863
384, 4225
952, 2993
850, 3663
835, 2324
238, 977
216, 3130
1261, 3301
1766, 2652
1766, 2759
620, 2759
2759, 3322
2303, 3928
762, 4993
2027, 2813
584, 1832
584, 4285
1945, 3089
610, 3304
1930, 3605
981, 3605
1221, 2715
1465, 4565
1465, 4673
707, 2927
2927, 3247
968, 4804
1040, 1251
1040, 1329
1040, 4504
326, 1329
408, 4088
3213, 3373
3373, 3905
138, 3229
622, 701
3919, 4435
3601, 4868
2639, 3706
3670, 4387
1148, 4629
2742, 3457
132, 3344
687, 2253
1650, 2259
4005, 4530
4005, 4862
1236, 4862
3615, 4862
2161, 3470
907, 1135
1135, 3809
1727, 3809
1727, 3702
2097, 3995
2097, 2434
165, 4547
1122, 4429
658, 3080
3080, 3839
2619, 3839
4011, 4231
2082, 4184
1995, 4184
1486, 1976
3071, 3399
1877, 3767
952, 3103
1159, 4134
759, 4134
3512, 4733
2113, 4140
551, 2046
551, 2849
3639, 4784
922, 3639
3762, 4774
2428, 3762
2586, 2599
243, 4981
927, 2993
927, 2371
1180, 3000
417, 3000
167, 2690
1123, 3005
1123, 2250
2250, 3540
676, 3540
676, 971
720, 1123
542, 3540
542, 1879
57, 75
0, 4650
908, 4650
908, 3904
280, 437
280, 786
1928, 2336
1988, 2336
125, 3151
789, 3401
789, 4713
1094, 4044
1089, 3365
2785, 3646
869, 3730
836, 4711
836, 3549
3161, 3549
1111, 3161
1111, 4400
1111, 4636
3101, 4636
2889, 4400
1193, 3161
3782, 3821
1551, 3844
1551, 1785
324, 3028
3700, 4985
3407, 3827
799, 931
3033, 4194
2883, 4207
2089, 4685
1752, 4991
1112, 1789
1778, 3933
1505, 1514
1178, 3394
1462, 1683
3431, 3704
377, 642
377, 3367
1627, 3367
900, 4814
900, 3196
2683, 4516
1632, 2683
2708, 4512
1147, 1567
445, 1481
2761, 4182
2912, 3039
1094, 2126
405, 2126
1840, 4838
2699, 4838
2537, 4838
575, 4951
2541, 2950
3488, 3959
2125, 2997
1446, 2974
1446, 2076
1501, 2068
1501, 4975
644, 1501
887, 3080
1560, 1701
3304, 3783
1801, 3915
930, 4576
104, 1058
3347, 3987
379, 4494
379, 2906
4003, 4826
2513, 3297
1554, 4914
2940, 4914
413, 2411
2873, 3458
4051, 4577
4181, 4577
1781, 4327
845, 2176
2176, 4846
2757, 4537
130, 2757
2508, 2900
754, 4992
754, 3221
2039, 3221
2650, 3221
1754, 2650
2039, 3227
344, 1754
1754, 2440
344, 2443
95, 1411
2697, 4429
127, 1445
127, 4503
127, 2368
517, 718
735, 1939
315, 1990
126, 3991
1792, 3991
1430, 1792
1265, 1918
790, 1265
502, 1265
502, 2628
240, 2628
2491, 3954
1681, 3644
9, 2729
108, 2446
1482, 4624
1482, 4606
1482, 4288
3254, 3332
547, 1725
752, 4180
1982, 3331
2359, 3823
1873, 2359
1873, 4345
1273, 3778
1273, 4261
702, 4631
1679, 3390
2013, 2094
233, 3732
267, 3594
1214, 4292
3596, 4556
152, 4556
1568, 2558
213, 285
2887, 4894
2630, 4894
1088, 2577
2065, 3697
3098, 3509
334, 3355
2200, 3355
910, 1822
1477, 4213
2633, 3831
1104, 4649
2760, 4789
1899, 2760
2132, 3999
1794, 2842
410, 3850
1649, 3041
1649, 3493
3493, 3516
1011, 2843
1591, 2979
4464, 4520
501, 3670
233, 2939
3673, 4995
3673, 4688
359, 2642
1457, 2243
219, 4957
100, 710
710, 2797
2455, 3391
1706, 2455
1706, 4601
2130, 4601
1655, 4601
1655, 4281
865, 4281
909, 4281
1655, 1908
3507, 4675
2510, 3176
472, 4946
1145, 4920
1256, 3788
469, 4850
785, 811
99, 2424
262, 4844
1072, 4997
483, 4684
659, 4684
3756, 4490
373, 2074
1019, 3653
1911, 4134
1588, 1911
1588, 3616
580, 3616
432, 1759
432, 4070
200, 4070
2711, 4674
2382, 4998
3630, 4998
1355, 4821
894, 1355
1355, 3187
4084, 4599
2565, 3976
3764, 4981
1793, 4005
49, 2769
2581, 2667
3317, 3345
2799, 3350
1770, 4380
2012, 3058
1654, 3058
1153, 3058
800, 837
2643, 4958
3166, 4958
749, 4036
613, 4036
613, 4454
510, 4337
1425, 2497
885, 1425
885, 4253
323, 3752
1154, 3953
1508, 4595
3511, 4403
283, 4403
1504, 3589
1504, 3182
1504, 2280
1238, 2280
1238, 4911
3017, 3479
2536, 3884
2536, 4335
467, 4566
1127, 2164
1051, 3374
3771, 4700
3436, 4984
506, 2126
4049, 4458
4245, 4443
4245, 4534
3866, 4194
2127, 2326
499, 3425
2678, 4905
465, 4371
983, 3574
128, 983
1086, 3244
1086, 3281
1676, 3281
1676, 3183
964, 2793
2087, 3233
552, 2507
320, 4404
45, 4367
1670, 4800
3186, 4283
1738, 4332
2891, 3176
1602, 4436
2488, 4318
1594, 3295
2185, 2196
2047, 3937
1046, 4079
3257, 3453
536, 595
2042, 4161
23, 4161
2777, 3759
2006, 3818
1831, 4778
1585, 2178
2146, 4158
645, 3040
645, 675
2876, 4497
1999, 2745
2427, 3362
3362, 4377
176, 3031
2567, 4965
1024, 4293
1325, 2103
1429, 4926
1806, 4167
1806, 4447
794, 4447
1411, 4243
1799, 2908
1589, 2337
621, 1137
621, 3238
66, 2647
578, 1946
446, 1722
1489, 4365
675, 1996
4558, 4882
1680, 1707
77, 798
3758, 3913
2400, 2407
2400, 4128
2604, 3239
829, 2894
829, 4961
459, 4069
267, 872
4542, 4794
1251, 2079
1268, 4297
1482, 3848
2282, 3950
1028, 1394
1028, 4264
3830, 4216
2109, 2386
959, 2109
447, 4116
1129, 3144
1129, 3360
818, 3360
818, 2121
1129, 3806
1130, 1982
885, 1031
4243, 4948
2977, 4948
72, 1717
2209, 4528
2023, 4699
2189, 3049
1705, 2831
2106, 4223
1027, 2509
445, 4421
945, 3927
2748, 3891
1922, 2993
738, 1922
425, 4796
2272, 2883
352, 2401
1910, 2471
3177, 4266
269, 4914
2368, 2918
1045, 1733
2590, 2805
1102, 1332
82, 2039
277, 1284
309, 2562
309, 942
942, 3945
24, 4610
1140, 4489
156, 2140
3396, 4527
2624, 4098
2247, 2830
104, 1264
45, 1405
3408, 4147
1950, 3299
371, 1802
1658, 3572
223, 4937
270, 1101
3043, 3825
1490, 1504
1490, 3097
2950, 3131
2807, 4040
4040, 4354
3446, 4424
2341, 3446
1603, 2642
1247, 3090
1120, 3826
1568, 4604
286, 1559
4655, 4697
3503, 4219
1235, 4219
662, 2291
953, 2437
1232, 3113
1614, 4896
955, 2998
2755, 3245
2482, 4155
4408, 4422
3238, 3906
2004, 2149
2149, 4569
1460, 2206
4124, 4500
979, 3539
322, 2533
322, 4499
2299, 3252
93, 1583
1847, 4129
2683, 4038
1927, 4200
370, 2128
508, 1299
1299, 1461
2466, 3651
2429, 3143
1008, 1222
2672, 4077
1381, 4077
1381, 2611
2646, 2814
2814, 4384
4384, 4755
4309, 4384
3160, 3670
1709, 3903
2609, 4243
972, 2536
2134, 4807
122, 1656
21, 1862
2291, 4849
226, 3660
3660, 3911
3865, 4317
841, 4212
1937, 2405
344, 3333
2105, 4129
1204, 1500
1259, 4820
2905, 3032
517, 3711
626, 954
954, 2773
1893, 2773
988, 2773
988, 3870
2518, 3598
279, 1211
2103, 4356
1722, 3914
2515, 4942
1112, 2155
1324, 1587
1090, 1324
1324, 4123
520, 1090
1163, 1418
970, 3533
2170, 4362
1968, 2526
515, 1431
2234, 2691
3929, 4806
809, 3277
807, 1872
3878, 4394
3198, 4394
19, 3640
4113, 4683
200, 282
632, 3881
1660, 4236
445, 2783
2866, 3968
1157, 1531
2725, 4602
1754, 4241
1924, 4609
3211, 3217
672, 1878
3794, 4732
1115, 4732
1115, 2967
932, 1693
661, 3530
2920, 3530
3681, 3718
253, 3718
253, 820
1043, 4834
1161, 3559
3773, 4937
1988, 2772
569, 4484
1200, 3326
3326, 4115
572, 2273
732, 3668
12, 4401
457, 3613
2442, 2676
1553, 2442
1692, 3641
519, 1115
98, 4879
2522, 4313
2629, 3558
2371, 2946
230, 2390
3398, 3413
1923, 3398
2696, 4314
1917, 4389
1240, 1917
156, 1352
1352, 2960
2253, 4407
2287, 2467
1152, 3717
4172, 4475
2668, 4172
1832, 3856
3856, 4521
2323, 2878
2119, 2323
1947, 4552
3578, 3990
188, 3182
3589, 4743
1623, 1883
1623, 2244
315, 4723
1058, 4701
1078, 1299
2360, 3996
1990, 2159
4428, 4465
1239, 4340
1409, 4022
1242, 4186
57, 2836
1452, 2277
193, 507
164, 734
982, 3264
1841, 1859
1823, 1859
3879, 4279
219, 4652
852, 1855
3484, 3531
608, 1204
608, 768
768, 4014
693, 2943
1325, 2186
478, 3970
424, 850
1439, 2194
1791, 2740
50, 2939
169, 3096
169, 1538
775, 3337
1170, 3337
290, 3337
4823, 4897
727, 3100
774, 3009
2417, 3950
66, 638
1113, 1757
1860, 4369
242, 4858
563, 1680
131, 1067
1880, 1954
821, 4080
2239, 3919
1357, 3058
853, 1705
2396, 2762
615, 1062
615, 3077
301, 1538
1795, 2133
793, 1795
2923, 4903
1126, 1921
114, 4067
114, 1118
345, 3380
1518, 2298
1987, 4382
873, 4278
2315, 2879
1044, 4597
2473, 4353
4185, 4468
3154, 4446
3309, 3689
1666, 3554
2276, 4828
1974, 2426
171, 1974
215, 1918
1190, 4392
1190, 1572
1572, 2005
142, 4503
2073, 4804
3442, 4428
1932, 4637
2829, 3938
4352, 4749
1706, 2975
3120, 4762
505, 4618
4127, 4199
2367, 3062
2318, 2432
2306, 2318
1933, 2209
1933, 2422
333, 3273
2512, 4133
4338, 4730
769, 4881
2796, 4523
1592, 4127
292, 4926
4311, 4805
680, 1394
2369, 3871
3102, 3642
1778, 4524
1584, 4524
2594, 3751
598, 2017
1565, 2935
216, 4107
1358, 2978
2722, 4164
81, 2534
81, 153
86, 390
2337, 4154
1931, 4154
3742, 4175
1155, 4519
1833, 2067
1670, 4072
1104, 4746
1826, 3989
1257, 4789
92, 539
882, 1435
882, 2806
1496, 2131
3753, 4985
3495, 4328
4328, 4627
503, 1532
288, 3675
3675, 4973
1848, 4973
3871, 4969
1050, 3224
2771, 3224
1537, 2213
4661, 4685
609, 2181
3218, 3961
526, 4370
399, 2325
2213, 3157
1070, 2496
1070, 3044
2036, 4559
478, 3943
919, 2990
778, 1558
1997, 2551
857, 4895
959, 4662
1928, 2837
362, 2051
2221, 4994
1151, 2386
2759, 2962
90, 3109
2785, 4478
2107, 3441
2707, 2971
2376, 2555
491, 542
491, 1071
31, 1493
486, 4440
4440, 4888
168, 4568
30, 4299
3729, 3811
4150, 4374
1648, 4112
410, 1890
771, 3713
444, 1835
4714, 4836
162, 912
2557, 4689
3810, 4336
2043, 3440
1510, 4408
1175, 4801
2223, 4159
893, 3975
893, 2693
3081, 3157
1208, 2970
4681, 4917
4216, 4656
1734, 2703
973, 2477
4035, 4978
2346, 4879
4193, 4406
1136, 3193
1136, 4294
1097, 4532
3901, 4656
4540, 4651
1010, 4887
2674, 4334
1837, 3685
4165, 4912
275, 1070
1393, 3883
1055, 1393
3173, 3369
3392, 3786
1622, 4761
3054, 4281
3078, 3734
1124, 2957
486, 3560
3030, 3192
2955, 3649
3269, 4832
1258, 2178
2523, 4855
640, 733
550, 1704
36, 3158
34, 4014
1206, 3866
3000, 3967
99, 1380
3119, 3927
2615, 3119
602, 4062
1583, 2381
173, 1458
173, 2506
997, 2255
4094, 4831
2053, 3921
295, 4765
494, 902
979, 3140
3880, 4086
2578, 4086
2207, 4883
1513, 2190
2002, 4500
1914, 2750
169, 1441
2032, 4162
1322, 4592
3020, 4592
846, 2693
2350, 3573
409, 1321
244, 2022
2024, 3348
4017, 4632
743, 855
1802, 1975
1898, 3259
2005, 2211
329, 421
3409, 4260
1207, 1891
2580, 3043
2854, 3185
1382, 4104
2016, 4907
1198, 4907
761, 3500
2790, 4538
532, 1279
1498, 2919
1328, 2679
415, 3110
1417, 2388
2725, 3708
1836, 4660
264, 3978
361, 3955
1361, 1943
2355, 2615
385, 3462
2014, 2173
731, 1466
762, 4758
616, 3048
810, 4792
1262, 3152
2302, 4276
1272, 3763
1117, 1720
1651, 2123
1918, 3215
3022, 3689
576, 2149
501, 2278
2545, 4753
1200, 2321
4552, 4619
558, 852
2535, 2848
783, 4287
148, 2025
1926, 2730
3306, 4380
2093, 4757
2258, 3238
3289, 3842
523, 3079
2794, 3728
1621, 3147
1821, 3845
4230, 4564
1365, 2045
1295, 3376
590, 3351
4224, 4376
174, 562
3467, 3846
2123, 2543
624, 4197
41, 4980
512, 526
1278, 2556
2760, 3683
2226, 3087
689, 4563
2850, 3444
1828, 4284
2516, 4659
