2.454554
0, 241
12, 241
241, 2184
2184, 2411
2411, 2479
12, 4137
2411, 3792
3792, 4593
3777, 4593
616, 4593
3001, 3777
3001, 4112
911, 4593
616, 3864
382, 3864
3777, 4738
3871, 4738
2969, 3871
2303, 3777
2843, 3001
2843, 4982
1252, 2843
289, 1252
289, 1883
942, 3871
2619, 4982
2332, 4593
819, 2332
819, 3880
2382, 3880
2332, 3019
668, 3019
668, 962
2382, 4680
962, 2922
2382, 2863
2176, 2922
2065, 4680
1077, 2065
2969, 3266
1465, 3266
1465, 2706
774, 3266
774, 1650
1611, 3266
1502, 1611
1502, 3164
1611, 3825
1137, 3825
1137, 3084
1094, 3825
1502, 4958
2189, 4958
2014, 4958
718, 1094
93, 718
93, 166
1502, 4949
729, 4958
729, 3429
1768, 3825
1768, 2145
911, 2553
2553, 4351
1370, 2553
2553, 3553
1928, 3553
3026, 3553
3026, 3153
876, 4351
876, 988
988, 2646
996, 3553
996, 3232
996, 2260
430, 2260
430, 2119
1907, 2119
430, 2753
430, 3943
3943, 4994
2815, 3232
126, 2815
996, 1708
1825, 2553
996, 3748
1575, 3748
1040, 1575
3748, 4931
2895, 4931
1435, 2895
755, 1907
38, 755
294, 668
294, 1940
1874, 1940
1940, 2872
663, 1874
663, 4262
2132, 4262
2132, 3521
2132, 2752
2279, 2752
481, 2279
2180, 2752
2767, 3521
481, 1238
602, 2767
2767, 3566
3566, 4690
1981, 4262
297, 1981
826, 1981
826, 2214
598, 1981
1940, 3492
663, 2300
294, 2491
602, 3812
3402, 3812
1981, 3539
1184, 3539
1184, 2620
143, 2620
143, 438
438, 2560
438, 688
1576, 2620
1576, 2983
2863, 2915
2915, 4951
2771, 2915
2351, 2915
2351, 2758
1964, 2758
2758, 4332
451, 2351
1964, 2046
872, 2046
872, 1641
1641, 2127
2127, 4786
469, 2046
469, 2993
2341, 2993
2046, 3137
1899, 3137
2341, 4641
4240, 4641
1546, 4240
3706, 4240
469, 2328
2341, 3139
3139, 3996
1572, 3139
1622, 3996
1572, 3202
598, 4740
1622, 2451
2451, 3020
3020, 4575
4180, 4575
1385, 4180
1385, 4256
4256, 4753
2681, 4753
2681, 4770
271, 4770
1126, 1385
1126, 3939
2435, 3939
1126, 3353
698, 4753
698, 4027
3576, 4256
1308, 3576
492, 1308
492, 1529
995, 1308
1308, 1958
995, 2101
995, 2325
2101, 3362
3094, 3362
3094, 3831
1034, 3831
662, 1034
3362, 3541
2860, 3541
3541, 4867
2161, 4867
1139, 2161
161, 1139
161, 358
119, 2161
2227, 2435
410, 2227
410, 894
1529, 4229
679, 4229
4229, 4691
2533, 4691
679, 902
2435, 4974
930, 3020
1958, 4239
1099, 4867
2189, 4846
392, 1964
392, 3713
392, 3749
682, 3749
119, 4826
826, 2703
3012, 4137
3012, 3941
3268, 3941
3617, 3941
2752, 4649
3603, 4649
2225, 4753
161, 1661
446, 1661
382, 595
493, 595
493, 1574
595, 1162
1162, 3224
1743, 3224
1743, 4188
595, 4734
4664, 4734
2789, 4664
1574, 3878
1162, 3973
365, 2789
71, 365
493, 1943
1441, 1574
71, 2345
2345, 4371
418, 2345
1447, 4734
1447, 2458
2458, 4167
4167, 4820
1130, 3973
1130, 2626
1441, 4638
4007, 4638
2063, 4007
3700, 4007
2458, 4024
1609, 4024
1609, 4154
4154, 4692
1103, 1162
1103, 4810
3437, 4810
1242, 3437
3437, 4405
2278, 4405
1242, 3171
1593, 4405
1161, 1593
1593, 2089
2089, 3401
1161, 1442
1442, 1868
1868, 3298
491, 3298
1629, 4810
1868, 3427
2205, 3427
457, 2205
2205, 4085
1513, 4085
2270, 3298
4085, 4473
55, 1442
3447, 4405
937, 3447
937, 1795
1795, 2183
937, 3051
3051, 4184
2183, 2335
811, 2335
6, 2335
6, 2848
1876, 2848
1876, 3495
1771, 3495
6, 2571
2571, 4149
2536, 4149
1629, 3406
3401, 4852
4704, 4852
457, 2713
2089, 4560
4560, 4856
4527, 4856
2674, 4527
270, 4560
270, 3270
1667, 3051
1667, 4656
421, 1667
421, 3544
1667, 4510
266, 4510
266, 948
3069, 4510
3069, 3605
30, 3605
321, 3069
1593, 3207
4277, 4405
4277, 4542
2071, 4542
233, 1161
233, 2354
2354, 4844
2270, 2668
1012, 2668
1667, 4094
2859, 4094
1912, 2859
1432, 2859
1432, 4192
266, 3860
1376, 3447
1376, 3525
3525, 3827
538, 3069
637, 3544
637, 4877
277, 4856
277, 2647
2647, 3286
869, 2647
123, 3286
123, 1728
123, 1695
1695, 3522
3469, 3522
998, 3522
461, 869
2647, 3532
1566, 2647
461, 2765
2253, 2765
92, 2253
1855, 2765
2765, 4735
3723, 4735
2774, 3723
2774, 4937
4142, 4937
3529, 4937
2742, 3529
1598, 3723
1598, 3774
3762, 3774
1598, 2718
2084, 2718
2718, 3486
2647, 3609
3609, 3980
3077, 4142
3077, 4551
538, 3037
413, 3037
413, 3514
3284, 3486
869, 1796
4094, 4266
2954, 4266
2954, 4969
4165, 4969
4177, 4969
4177, 4556
2095, 4177
3250, 4177
888, 3250
888, 4731
424, 4731
424, 2521
2521, 3439
888, 1666
527, 1666
527, 641
641, 4962
2038, 4962
2038, 4315
2038, 3267
2038, 2756
4315, 4478
641, 2434
527, 4878
3004, 4962
2000, 3004
2000, 4695
1526, 4695
3004, 4997
527, 1349
1349, 4614
1349, 2593
2627, 4614
2627, 4113
2627, 3856
2100, 2627
3856, 4119
2280, 4119
2326, 4656
2326, 4438
4438, 4496
4002, 4496
898, 4002
3493, 4002
3066, 4496
231, 3066
231, 412
725, 3066
231, 1490
1954, 3066
499, 1954
725, 756
756, 1055
1055, 2858
1954, 3814
2196, 3814
3066, 4279
499, 1260
343, 1260
175, 343
2914, 3814
898, 2464
184, 2464
184, 1082
1082, 3835
3446, 3835
3446, 4757
4468, 4757
2744, 3446
1607, 4757
916, 1607
2600, 3446
2087, 2600
2600, 4596
305, 4596
2464, 3234
3234, 3715
2587, 3715
450, 2587
2587, 3714
3714, 3970
203, 3970
203, 3000
450, 4101
103, 4101
1331, 4101
1331, 2093
1087, 2093
1331, 2944
1087, 4628
3833, 4628
1390, 4628
1390, 4248
3975, 4248
1000, 4248
2687, 3975
2049, 4248
2049, 4383
1087, 4359
4359, 4426
3757, 4359
419, 4359
419, 626
3641, 3757
3497, 3641
3641, 4609
958, 4609
958, 4238
175, 325
1087, 2834
1558, 3000
1490, 2444
2444, 3310
3000, 3923
2306, 3923
2306, 4183
2306, 3934
3356, 3934
2026, 2049
1804, 3975
2297, 3641
2297, 4837
2297, 3938
626, 901
1410, 3000
2774, 4419
3891, 4877
270, 2962
2962, 4847
796, 4315
796, 4224
2887, 4224
2213, 2887
2213, 4458
3354, 4458
2271, 3354
1228, 2271
1357, 2271
2742, 3099
210, 3099
2784, 2843
2245, 4188
1412, 2245
14, 1412
14, 4760
4290, 4760
159, 4290
159, 4647
159, 846
846, 3967
14, 3468
3468, 3790
3105, 3790
3105, 4607
4260, 4607
2183, 4819
4726, 4819
1641, 3327
166, 3321
171, 3321
171, 1169
723, 995
800, 2225
37, 3941
1237, 3975
2260, 4880
3900, 4880
2880, 4880
1437, 2880
2880, 4108
1437, 4096
1834, 4108
2408, 2880
289, 1007
1676, 4383
2944, 4917
4511, 4917
3415, 4917
701, 3268
701, 3819
3819, 3879
535, 3879
535, 4544
4544, 4642
2712, 4544
653, 4544
4453, 4544
716, 4544
535, 950
620, 950
2712, 4435
2712, 2772
2772, 4218
4207, 4218
2819, 4207
2819, 3179
4207, 4471
188, 4471
197, 4471
4218, 4513
4387, 4513
3787, 4513
1707, 4387
72, 4513
72, 4353
605, 4353
605, 3795
1049, 3795
1948, 4471
1870, 1948
1100, 1948
2094, 3795
1745, 3179
1500, 4387
4063, 4453
4063, 4739
1233, 3723
2262, 2464
6, 676
676, 3261
1411, 2332
1020, 1411
1020, 4871
1411, 4789
2767, 2856
2326, 4423
4399, 4423
3339, 4423
722, 3339
722, 2569
2569, 3907
2569, 3691
2569, 3211
3211, 3596
3211, 3499
2025, 3907
1086, 2025
2025, 3745
3745, 4268
2025, 2782
2373, 2782
546, 2373
546, 4308
546, 4196
170, 4268
2170, 2270
2170, 4287
488, 4287
1910, 2170
1910, 3720
208, 488
208, 3555
2702, 3555
3102, 3825
3102, 4839
3889, 4839
3889, 4589
216, 4589
2279, 2907
826, 1639
826, 2976
2878, 4544
403, 2878
403, 788
1623, 3270
561, 1623
561, 2584
561, 2073
1403, 2584
1403, 2366
2366, 4210
1891, 2073
1623, 3174
3030, 3174
1752, 3030
3174, 3265
370, 3174
2269, 3265
1752, 4479
2891, 4479
1025, 2891
1141, 2891
1141, 2153
1141, 4490
4393, 4490
1694, 4393
4099, 4490
2812, 4099
398, 2812
398, 2352
2352, 2463
2463, 3047
2463, 3909
2900, 3047
1845, 3047
1845, 3780
1845, 4546
4546, 4629
1845, 4461
57, 2900
57, 1584
57, 2548
1265, 2548
1155, 1265
1155, 2374
1265, 4621
960, 1155
960, 1027
960, 3147
2924, 3147
2466, 2924
2466, 4120
3147, 3372
2648, 3372
1886, 4099
1886, 4827
2352, 2604
2604, 3813
148, 3813
1224, 2604
3813, 4808
1633, 4808
3537, 4808
562, 3537
1032, 3537
155, 1032
1032, 3679
512, 3679
155, 675
562, 971
965, 971
695, 971
3052, 3537
512, 4235
3909, 4057
3769, 4057
4057, 4945
4461, 4626
3484, 4626
1404, 3484
1078, 4626
1078, 3360
1404, 3512
1054, 1078
1404, 2016
1281, 1404
883, 2352
1258, 4808
1258, 2032
2032, 4703
740, 4703
2032, 3747
2032, 4313
3161, 4313
1305, 4313
1114, 1305
1305, 2621
174, 2621
1018, 2621
1114, 2984
2621, 3905
1462, 3905
272, 1462
2032, 2849
838, 2849
1018, 3502
4219, 4808
1155, 2869
2387, 2869
2869, 4081
1027, 4728
3294, 4728
1188, 3294
4728, 4761
2462, 4761
2097, 3294
1455, 2097
1188, 1938
1938, 3264
2003, 3264
2207, 3264
374, 2207
374, 2219
2121, 2219
4428, 4945
1330, 2219
1584, 2798
2509, 2798
2509, 3256
182, 2798
182, 4035
2656, 2798
2656, 3128
2849, 2980
2980, 3464
1485, 2980
623, 2980
623, 985
390, 985
985, 1200
530, 1485
530, 2131
2908, 3502
1602, 2908
1602, 3024
1422, 3024
1602, 2544
1602, 2148
3484, 4804
1487, 4804
1487, 2933
1748, 2933
1748, 4905
1351, 2933
191, 4804
191, 3625
2770, 3625
961, 3625
460, 961
579, 2770
182, 3416
3264, 3648
2365, 3648
788, 4420
4420, 4605
4605, 4897
984, 4897
1167, 1442
1167, 3471
1167, 4908
1047, 4908
3363, 4908
1893, 3363
3471, 4812
3476, 4812
2925, 3476
2824, 2925
1011, 2925
704, 2824
406, 704
406, 3111
2959, 3111
280, 2925
280, 597
280, 4707
280, 4970
3363, 3530
1127, 3111
3669, 4812
64, 3669
64, 2228
2228, 4125
1348, 4125
2228, 3487
315, 3487
315, 768
232, 768
232, 1808
315, 3948
359, 3948
102, 3487
1808, 3054
102, 1246
102, 222
1047, 4203
3116, 4203
3116, 4173
1790, 4173
1790, 3033
2507, 3033
2925, 4008
1785, 4008
1873, 3605
1208, 2262
925, 1208
925, 2362
1208, 1243
1243, 4102
1243, 2537
1800, 4102
2537, 4766
1800, 3297
1218, 4766
1139, 3664
3488, 3664
2648, 3789
1268, 3789
3789, 4921
2443, 4921
2903, 4921
3397, 3789
629, 3397
876, 4706
2441, 3267
2441, 3744
114, 3744
114, 4429
2441, 3344
3136, 3344
2776, 3344
2776, 3318
1709, 3744
350, 1709
114, 3933
2942, 3933
2942, 4978
1581, 4978
1581, 3914
3325, 3914
1520, 3914
3914, 4105
1172, 4978
1172, 2665
1463, 2665
2623, 2665
859, 2942
1520, 1791
1791, 3229
3229, 4373
865, 3229
2416, 4373
1770, 2416
2976, 3457
118, 3457
118, 2525
2287, 2509
1035, 3116
789, 1035
689, 789
317, 689
317, 4411
1280, 4411
1280, 1315
952, 1315
952, 2250
423, 2250
423, 480
423, 3717
1767, 2250
1767, 2437
1767, 3540
1767, 3185
317, 3341
209, 2891
209, 4919
1190, 4919
1190, 3786
821, 3786
821, 1311
821, 3971
821, 4334
3971, 4451
363, 3971
1190, 4286
363, 4033
2044, 4033
1311, 3120
3786, 4733
2241, 4733
815, 2241
4259, 4733
2693, 4259
2613, 4733
1201, 4259
1201, 1519
1519, 1906
1906, 4793
1906, 2539
4793, 4863
821, 3106
1561, 2856
4951, 4989
1826, 4989
513, 2915
243, 513
513, 3452
243, 2769
518, 2769
1459, 4789
1459, 2188
1459, 1665
111, 1665
289, 3065
1940, 2302
1904, 2907
2367, 3905
2367, 3595
3595, 4285
2367, 2832
758, 2832
758, 3993
904, 3993
904, 4222
1176, 4222
101, 1176
2136, 4222
366, 4222
101, 1359
3816, 4812
3816, 4181
2761, 4181
795, 2761
925, 4361
4305, 4361
874, 2145
73, 2131
73, 2036
73, 4178
2036, 2574
3118, 4178
4178, 4247
3003, 4247
3259, 4247
3259, 3535
1263, 3259
1113, 1263
364, 3259
339, 364
364, 4792
2889, 4792
1263, 4292
2783, 3118
1926, 2783
1926, 4339
1926, 2304
2304, 2855
2078, 2304
386, 2078
386, 4065
1853, 4065
1853, 4107
3784, 4107
206, 2855
206, 1688
2877, 3784
2877, 4861
899, 4861
1688, 4813
2671, 4813
549, 2671
206, 4376
2347, 4813
2347, 4215
1927, 4215
2347, 4071
1926, 2051
1916, 4339
464, 1916
464, 3165
2664, 3165
501, 2664
2664, 4955
1724, 4955
501, 4000
2389, 2664
2389, 4123
2389, 2641
2641, 2910
3165, 3751
3751, 4355
806, 1926
1061, 4792
252, 1061
1263, 4901
899, 2117
758, 2991
3697, 4081
3533, 3697
624, 3533
2489, 3533
2218, 2489
2218, 4039
2108, 4039
2108, 4056
2108, 4284
2108, 2522
2522, 4732
2778, 4732
661, 4732
661, 1759
1759, 2429
2778, 3582
1897, 4732
1231, 1897
635, 1897
1897, 3178
3178, 3829
1897, 4406
2778, 3515
1231, 3364
1880, 2429
1880, 4918
1638, 4056
1638, 4100
106, 4100
2048, 4100
1461, 4100
367, 4100
367, 3027
367, 1885
1885, 4979
1885, 4231
1610, 4231
1885, 3764
661, 1534
367, 2736
381, 3178
381, 1128
1128, 2731
169, 2731
169, 1630
2457, 2731
1630, 3182
169, 982
2457, 3989
1952, 3989
1952, 3345
397, 3345
397, 554
554, 2440
658, 1952
554, 2154
397, 4875
1630, 2102
658, 1373
1373, 2467
1373, 3034
1648, 3034
3034, 4326
918, 1648
354, 3178
136, 354
91, 136
354, 3942
712, 3942
712, 1712
1509, 1712
1509, 4382
4382, 4454
3500, 4454
2133, 3027
3034, 3043
2736, 2904
380, 2904
380, 3887
2699, 3887
1277, 3887
1277, 4364
3369, 4364
2699, 3859
3859, 4519
648, 3859
648, 3531
648, 1059
2864, 3531
1277, 4495
4519, 4987
621, 1059
621, 1969
1969, 3861
2309, 3861
1969, 4765
1302, 4765
4765, 4774
4774, 4964
4237, 4964
3347, 4765
3942, 4375
812, 3942
812, 4932
372, 812
1787, 2489
1534, 1548
1548, 3611
3611, 3810
1548, 2672
1588, 4375
1407, 1588
1407, 4006
3682, 4006
1772, 4006
1772, 3633
3419, 3633
4800, 4987
2475, 4800
2684, 3859
762, 3942
762, 2800
367, 369
380, 2403
2218, 4620
1498, 4620
1461, 2757
2757, 4610
1164, 2757
1164, 3058
2602, 3058
2602, 4307
2504, 3058
112, 2504
887, 1164
3058, 4913
1353, 4913
1557, 4913
887, 1443
1443, 1737
1737, 4646
2631, 4307
534, 4610
112, 3898
1443, 1659
747, 2631
1885, 3585
1434, 1630
1391, 1434
1391, 2424
1391, 3371
1486, 4284
1245, 1486
1245, 3329
255, 1245
1245, 3013
4876, 4987
2724, 4307
2679, 2724
2147, 3585
618, 2147
2147, 4530
3016, 4530
2147, 2676
2147, 4663
1815, 4663
262, 1815
262, 1481
2246, 4663
2246, 4939
1871, 4939
1871, 2512
545, 4663
545, 2978
316, 1331
316, 1267
1267, 1816
390, 1199
4383, 4545
3720, 4635
126, 3132
3132, 3456
261, 2466
53, 2895
53, 4601
1186, 4601
1186, 2994
2994, 3376
53, 3725
507, 3725
507, 2047
854, 3725
854, 2917
3725, 4097
3348, 4601
854, 3160
2948, 3160
1690, 2948
1690, 4275
2129, 2948
1612, 2129
1612, 2392
2392, 4980
1690, 2640
1216, 2640
743, 1690
1690, 4394
2948, 4555
1172, 4116
2670, 4116
94, 2670
2670, 4456
94, 4992
329, 4992
329, 3072
3072, 4672
2867, 4992
4114, 4992
4114, 4484
4457, 4484
2486, 4484
329, 4409
2652, 4114
2439, 4992
2439, 4084
1979, 3072
1979, 4053
3279, 4053
131, 3279
3279, 3496
3496, 4634
131, 302
3239, 4634
59, 4457
2486, 3317
2652, 2682
2682, 4669
131, 1013
1013, 1614
2846, 3317
2670, 3959
4655, 4992
3496, 3588
910, 3588
910, 1924
2028, 3239
2028, 3862
275, 3862
2902, 2948
2902, 4146
397, 730
3310, 4465
930, 4651
4448, 4651
1727, 4651
601, 1727
3451, 4448
1977, 3451
225, 2553
2631, 2639
1731, 2639
946, 1731
946, 4684
1731, 2698
357, 2698
357, 2691
2206, 2691
1730, 2698
1730, 3556
3556, 4004
1730, 3212
3212, 4653
229, 3212
357, 2488
1518, 2488
1467, 3212
1603, 3212
1877, 2691
1266, 2488
1266, 3883
2691, 4652
311, 4652
311, 1530
3852, 4652
1394, 3852
181, 1518
1338, 2260
4634, 4637
4637, 4724
4092, 4724
2627, 3462
852, 3462
852, 3144
1370, 2673
450, 2337
1048, 4839
986, 1048
1048, 2156
3782, 4626
1760, 2367
1276, 4334
1202, 1276
628, 2147
614, 628
628, 3059
2818, 3059
2818, 2901
1625, 2901
614, 2692
2692, 3184
2666, 2692
100, 2666
2692, 4497
100, 318
1625, 3651
3651, 4204
318, 4633
988, 3836
1667, 4619
189, 4619
189, 4078
3219, 4078
522, 3219
185, 321
185, 195
195, 3112
2972, 3112
2972, 3143
498, 3143
1956, 3120
1956, 3101
2012, 3101
653, 3124
920, 3124
3124, 3998
920, 3442
2871, 3442
1940, 4022
944, 4022
343, 2988
2783, 3936
3936, 4264
1033, 4264
3563, 4264
3563, 4926
2247, 4926
1525, 3563
1525, 2792
2511, 3563
1171, 2247
1037, 1171
1037, 2920
1037, 2577
2577, 4005
253, 4005
253, 3062
248, 2577
253, 4061
569, 4061
248, 1392
1392, 4444
2558, 3062
1392, 1892
1892, 3818
1829, 3818
690, 1829
3093, 4444
2577, 3332
2558, 3391
1733, 3093
1869, 4005
2577, 4489
745, 4489
745, 3146
2558, 4369
2081, 4369
1522, 2081
334, 2081
135, 4369
135, 3076
361, 3076
135, 2175
2428, 3076
361, 1117
361, 4249
1117, 3398
2175, 4040
361, 1151
1151, 4550
1151, 1283
773, 1283
1283, 2912
394, 2912
394, 3615
2829, 3615
1658, 2912
2912, 4644
2508, 4644
1355, 2508
1310, 1355
1310, 1654
1654, 1841
349, 1841
349, 3330
3330, 4049
4012, 4049
3610, 4644
2645, 4049
2637, 2645
394, 1147
486, 4550
486, 4515
4442, 4515
1310, 3313
2343, 3313
1003, 4451
1003, 4294
2111, 4294
2111, 4572
2764, 4572
2331, 4294
2764, 3659
1003, 3574
1003, 4930
4930, 4996
4741, 4930
778, 4741
242, 4572
242, 1798
1798, 4171
2331, 4516
2339, 4516
707, 2339
1486, 2572
2572, 2796
1705, 2796
2572, 4505
4134, 4505
2939, 4134
904, 3742
3742, 4283
1294, 3998
1294, 2496
3579, 4351
1941, 2428
339, 604
604, 3458
1019, 3458
604, 1754
1754, 4552
3494, 4552
1754, 4034
1814, 4034
1814, 3198
2240, 4375
220, 2240
220, 2727
220, 915
2727, 4168
2426, 2727
2550, 2727
1726, 4168
977, 4183
977, 1749
1913, 2944
830, 1913
4175, 4511
85, 1114
1903, 4183
52, 1903
1076, 1903
1903, 4252
1056, 4252
770, 1056
1056, 1290
770, 4030
4030, 4522
1290, 3561
3561, 4746
3561, 4187
2897, 4746
1056, 3423
1472, 3423
19, 1472
498, 4377
3586, 4377
4241, 4377
2893, 3499
1154, 2893
2893, 4874
1154, 4836
1154, 4234
246, 4234
633, 4836
2062, 4738
1514, 2062
4649, 4730
1124, 2623
340, 1726
2765, 4712
4124, 4137
3014, 4124
1733, 4971
3420, 4971
450, 2766
3439, 4103
3365, 4103
26, 4103
1476, 4103
3952, 4103
26, 1944
846, 2395
2231, 4024
2106, 2231
2106, 4130
609, 4130
2045, 4130
3408, 4130
2231, 4841
2045, 2905
2905, 4857
2905, 3217
3538, 4841
1224, 3107
2660, 3107
2660, 4163
652, 3107
652, 3045
3045, 4301
657, 4301
2660, 3303
65, 3303
65, 1271
104, 2660
104, 3293
104, 1681
659, 1681
659, 1704
659, 1788
2923, 3303
1998, 3045
1998, 3236
1757, 3648
1757, 4718
1149, 4718
1149, 2899
2899, 4485
3528, 4485
4391, 4485
4296, 4391
886, 1149
2913, 3528
886, 3674
1792, 4373
1651, 3833
1651, 3125
3125, 3183
3183, 3737
57, 2528
1424, 2528
1424, 3511
3085, 3511
309, 3511
309, 1023
3569, 4290
640, 2136
307, 1575
307, 4862
307, 4936
2367, 2780
1640, 2780
990, 1868
2391, 3531
817, 2391
817, 3400
50, 3400
50, 2981
50, 458
458, 467
50, 2974
2974, 3773
1238, 4378
2080, 2782
755, 3361
2480, 3361
1656, 1800
753, 1656
1656, 3733
223, 4846
218, 223
115, 218
218, 3778
970, 3778
115, 4598
2608, 4996
587, 2560
1884, 2522
644, 1884
1884, 3646
3646, 3721
849, 1884
849, 2226
409, 849
1292, 3588
2483, 4065
2483, 4046
2164, 4046
2164, 4386
1939, 4386
1887, 2164
225, 3600
1968, 3600
1962, 3105
356, 1962
356, 484
484, 1839
1839, 4388
2186, 4598
3255, 3452
2795, 3255
419, 3918
3918, 4098
2814, 3918
2723, 2814
2723, 4579
2027, 4579
2723, 4272
1275, 4272
58, 2027
2027, 4217
2477, 4217
2156, 3490
1178, 3490
2270, 4916
1782, 2016
1782, 3892
1782, 3920
3785, 3892
1617, 3920
301, 1617
301, 2658
2139, 2658
1617, 1677
1677, 3075
1677, 3158
308, 3158
1969, 4410
4188, 4854
2017, 4854
217, 4854
217, 1102
2165, 4854
826, 3760
1134, 1728
753, 1304
1207, 2858
1207, 2611
1207, 4602
665, 4602
1207, 2828
2828, 4843
2402, 4843
981, 4843
2956, 4602
3944, 4843
651, 3812
651, 1626
651, 2162
1705, 4392
2011, 4392
42, 148
2483, 4309
3036, 4309
4309, 4981
400, 4309
1901, 4981
4296, 4501
2576, 4501
1210, 2576
1210, 4193
1210, 3520
478, 1210
1584, 1945
1945, 3882
3140, 3456
1802, 2969
1053, 2153
1053, 2725
2272, 2725
3284, 4087
1176, 2541
2072, 3495
2072, 4938
4214, 4501
2326, 4999
1997, 4222
2991, 3824
3824, 4520
3710, 4520
69, 3710
69, 4956
69, 586
2286, 4520
169, 4220
139, 546
3841, 4820
1231, 3806
3806, 4842
4713, 4981
2427, 4692
172, 2427
2427, 3629
3629, 4814
4683, 4814
4715, 4814
980, 4715
345, 980
3071, 4814
980, 1318
903, 3629
2945, 3071
167, 925
256, 2051
869, 2406
2406, 4745
1044, 2406
3106, 3285
2873, 3285
2390, 3285
3613, 4277
2351, 4689
2246, 3960
2150, 3960
880, 3139
1665, 4823
3165, 3815
835, 3815
1613, 3815
1613, 4673
4673, 4686
3382, 4673
550, 3815
476, 3382
1613, 3602
2591, 3531
1872, 4690
1269, 4382
1269, 1991
1991, 3334
2909, 3334
3885, 4651
3608, 3885
557, 3608
3885, 4929
557, 754
683, 754
4929, 4986
4156, 4986
2540, 4156
791, 4986
791, 3510
683, 3847
571, 3847
352, 571
2928, 4156
314, 1651
424, 4418
1231, 2401
2401, 3604
885, 3604
885, 1851
2401, 4482
3974, 4482
2673, 4623
3363, 4109
3196, 4229
1826, 3337
99, 3337
1632, 3337
1632, 2357
1389, 3600
1282, 1389
1389, 4725
1349, 3593
1551, 3593
1551, 4075
1976, 2280
1976, 2801
1350, 4444
234, 2218
234, 4922
3348, 3759
1503, 1534
1503, 3100
3100, 3156
1503, 4330
221, 4330
221, 2319
1677, 4073
542, 4073
542, 3194
274, 3194
542, 681
385, 681
385, 485
385, 625
1421, 1944
643, 1421
1144, 1421
1144, 3630
620, 3978
1838, 3978
3278, 3978
3028, 3978
2924, 3480
554, 964
1, 4555
1, 1946
1946, 2077
1946, 4582
4582, 4781
3583, 4781
1539, 3583
1539, 2738
1057, 1539
1057, 1397
1397, 4743
843, 4781
843, 4768
1397, 3097
1810, 2738
1810, 4581
1946, 4026
1421, 2015
1682, 1926
2210, 4649
688, 3022
1508, 1876
1508, 1521
1048, 4141
657, 1703
1703, 3459
3459, 4831
3247, 3824
963, 3012
963, 2453
314, 2629
464, 1692
1692, 2657
2657, 3056
1118, 3056
660, 1118
1118, 2291
2291, 3653
1478, 3653
3642, 3653
3642, 4179
1428, 4179
828, 1428
828, 4532
828, 1729
1729, 4095
2473, 4095
2473, 3908
3908, 4933
973, 2473
63, 4933
63, 3377
63, 3570
63, 2755
237, 3377
237, 1401
646, 1401
646, 2517
2178, 2517
1637, 2178
1022, 2755
1022, 3683
1401, 2779
2779, 3631
3377, 3776
1863, 3776
63, 4595
3667, 4595
3667, 4338
3667, 4384
2135, 4384
1820, 4338
2997, 4384
3044, 4595
1615, 3044
3631, 4019
900, 4019
867, 4532
867, 2695
76, 2695
2997, 3589
2055, 3776
2492, 3683
1807, 4933
2695, 3129
1766, 3908
1766, 4380
3409, 4380
1766, 2659
2372, 2659
1718, 4384
1417, 1718
1417, 2612
715, 3129
715, 1464
715, 3395
1371, 1465
1371, 1773
404, 1773
1569, 1773
404, 1135
1371, 3009
2237, 3009
2237, 3866
2768, 3866
2529, 2768
2529, 2745
2662, 2768
2181, 2745
2263, 2529
2263, 2835
2529, 4333
2745, 4848
3210, 4848
1882, 3210
1882, 4759
4848, 4957
348, 4957
1295, 2768
822, 4848
822, 4232
1295, 3614
1999, 3614
3614, 4271
459, 4271
459, 4311
196, 1522
1559, 4760
1559, 1990
101, 3775
4339, 4685
1787, 2935
1852, 2935
1852, 3601
1672, 2935
3211, 3260
805, 3260
1314, 3260
63, 2430
2430, 3519
610, 4734
1771, 2004
2004, 2754
2754, 3366
2004, 2562
2562, 3857
1120, 2562
2927, 3366
2927, 3199
2039, 3199
2165, 3413
2606, 3294
268, 2606
268, 3654
2606, 4243
1596, 3654
828, 3005
346, 2087
346, 2369
346, 3205
2502, 3484
2502, 2644
744, 2644
536, 2644
1102, 2023
4, 2905
4, 455
2036, 3380
3380, 3823
700, 4593
563, 700
1826, 4882
2894, 4882
3757, 3988
2297, 4892
1900, 4892
1900, 4017
772, 4017
772, 3696
3696, 3699
1244, 3699
772, 4047
691, 4047
691, 2201
2201, 4631
1714, 2201
2201, 3479
893, 3479
2194, 3479
2201, 3886
2452, 3886
786, 4047
137, 786
1332, 4047
1332, 1400
1332, 3035
786, 2885
2885, 4809
351, 4809
351, 3155
1486, 3917
3917, 4195
3917, 4440
3333, 4440
3333, 4408
4158, 4408
395, 4408
581, 4158
581, 4194
581, 3874
3817, 3874
581, 4118
2422, 4118
581, 2010
674, 2010
674, 1081
1081, 3407
607, 3407
32, 2010
23, 3333
4091, 4195
2837, 4194
584, 2837
584, 2853
1466, 2837
584, 2259
561, 4784
2314, 4784
2314, 3870
3623, 3870
3834, 3870
4059, 4596
2831, 4059
1189, 4059
1189, 2083
1780, 4059
563, 2979
307, 3572
2312, 3572
1997, 3678
490, 4684
767, 3512
2636, 4854
2375, 2636
1085, 4683
4581, 4963
77, 2287
1823, 2077
1679, 1823
1679, 4439
2961, 3908
455, 2152
2152, 3912
3912, 4825
4327, 4825
582, 4825
1221, 2010
1221, 1419
1419, 2884
1419, 3552
2771, 4693
1196, 4693
1196, 1895
1196, 1203
102, 134
1715, 1729
1715, 2803
2803, 4475
3175, 4475
2400, 3175
1715, 3616
1742, 3616
74, 1742
74, 1444
1444, 4069
2711, 4069
1985, 2711
49, 1444
49, 2999
525, 2999
525, 1922
1922, 3277
49, 448
448, 1256
2032, 2082
2138, 4030
2909, 3086
2892, 3539
2892, 3283
1337, 2263
1337, 4984
1337, 3305
1133, 4984
1929, 4945
1225, 4471
1747, 4097
966, 1747
69, 3443
2327, 3443
1448, 2327
1448, 4336
1616, 4336
1616, 3197
1448, 1643
310, 1643
310, 3319
1422, 3141
667, 3371
667, 1789
1789, 3594
2502, 2535
1853, 1983
3343, 3437
254, 1962
254, 4783
254, 3965
2740, 3965
3965, 4323
2740, 4021
1436, 4021
1436, 4139
3546, 4139
568, 4021
1626, 2704
2148, 4529
3581, 4529
2699, 3904
810, 3904
810, 4667
3378, 4204
1120, 1456
3290, 4000
3290, 4727
4111, 4727
3231, 4727
3231, 4276
4276, 4868
136, 1560
1479, 1560
1479, 3958
955, 1161
529, 955
932, 3923
846, 3869
1226, 3869
775, 3869
372, 1384
1209, 1384
1209, 2916
1213, 2916
943, 2916
943, 3176
3176, 4794
3365, 4045
817, 2122
2122, 3167
1496, 2122
1512, 3167
1512, 1669
2122, 4066
999, 3167
2219, 3173
2498, 3173
3200, 3284
3200, 3673
648, 4558
1655, 3219
693, 1655
2572, 2573
3077, 3797
323, 3797
3797, 4043
4206, 4908
3326, 4206
3251, 3326
515, 3326
1867, 2401
1867, 2638
983, 1867
820, 983
377, 4095
377, 2570
2570, 3781
926, 2570
926, 1474
1474, 4564
1474, 2960
2960, 3687
700, 1691
1306, 2458
2255, 3179
153, 2255
1639, 3358
276, 1448
276, 686
1947, 3348
656, 4962
521, 2665
521, 4562
384, 521
384, 1066
384, 1468
1468, 1932
1468, 2494
304, 2494
304, 1510
1468, 1919
1919, 2067
2494, 3254
1919, 1920
1176, 3846
501, 3411
263, 3411
1497, 3411
543, 1497
263, 600
3184, 3801
1450, 3801
62, 1450
62, 2590
2817, 3801
62, 3096
4060, 4626
1402, 2782
129, 1402
129, 850
650, 1402
650, 2592
2592, 3501
3271, 3366
2290, 4956
1583, 2290
1583, 3428
447, 3428
3627, 4766
2557, 2662
799, 4284
1576, 2625
1710, 4683
2990, 3589
2598, 2990
1142, 2990
2467, 4354
4347, 4354
2685, 4347
2685, 4702
4496, 4803
4148, 4803
877, 3231
2987, 3408
3188, 3484
765, 3188
1451, 3188
3188, 3221
1451, 3405
555, 3773
555, 4881
2052, 2620
483, 2052
937, 4553
1487, 3015
88, 3015
88, 3893
1167, 3580
657, 2202
868, 2562
3224, 4502
4502, 4791
2896, 3259
1438, 2896
1188, 4189
445, 1487
445, 1828
1828, 2830
1828, 4459
1599, 4459
954, 2830
1599, 3684
1446, 4532
2330, 4610
1533, 2330
698, 2141
696, 2141
696, 2340
696, 4396
1626, 2497
2282, 2497
177, 2282
177, 2806
2806, 3373
1482, 2497
1482, 3663
1482, 4350
3387, 3663
1531, 3387
67, 3387
67, 2716
322, 2716
67, 4467
67, 1248
2514, 2716
2298, 2514
1043, 4350
2282, 3994
1813, 3994
2041, 3994
1288, 1813
833, 1288
833, 1042
1995, 3994
833, 2852
1813, 2851
1652, 2851
67, 3195
1937, 2282
1937, 3474
2448, 3474
1894, 3474
1937, 4506
2497, 3877
177, 2419
322, 3636
1894, 2348
2547, 3663
2547, 3498
1405, 3498
1405, 3897
322, 4170
2589, 2851
295, 2589
2589, 2717
2717, 4590
2589, 4676
3991, 4676
3991, 4437
2438, 4676
3669, 3963
1419, 3854
3647, 3854
2159, 3647
3170, 3854
3732, 4165
274, 1549
2750, 2927
2092, 2750
2355, 3835
1549, 4319
4319, 4341
652, 2301
2301, 2580
3431, 4784
2839, 3146
3764, 4675
4540, 4675
1687, 4540
863, 4540
281, 863
3030, 4717
4039, 4403
2066, 4403
1556, 3611
2232, 3339
85, 3166
1585, 3166
17, 1585
230, 1585
3723, 4253
2061, 4253
2061, 2137
921, 2137
2137, 3863
3863, 4325
443, 4325
443, 3692
443, 4909
1552, 3692
1552, 4576
3295, 3692
4576, 4977
3665, 4977
204, 4977
1063, 4977
2204, 3692
1158, 3665
1158, 2104
2104, 4940
4764, 4940
2104, 3315
3315, 3845
3845, 4436
154, 4436
154, 2179
4316, 4436
2177, 4316
2177, 4639
1552, 2001
1445, 2001
1992, 2104
794, 1992
794, 3002
1763, 4576
3845, 4200
1860, 4200
1195, 1860
1763, 4129
1357, 2172
2172, 4255
653, 2105
604, 3961
3961, 4413
2209, 4413
2209, 4835
1779, 2209
1779, 1905
1372, 1779
1398, 1905
1905, 3177
827, 1905
827, 1878
570, 1398
570, 3017
1017, 3017
3017, 3281
927, 3281
860, 3017
1166, 3017
1017, 3634
570, 1805
1660, 1805
1399, 1805
1399, 4348
3031, 4348
3031, 4481
2470, 4481
2470, 3765
2173, 2776
435, 4774
273, 435
2676, 3752
304, 2090
948, 4912
953, 4912
1619, 4635
7, 1619
268, 2171
173, 2171
4017, 4756
3282, 4553
3282, 4434
1413, 4434
2429, 4463
622, 3539
2940, 3059
2940, 4973
649, 4973
649, 2197
714, 2197
2197, 3919
1578, 2197
145, 4489
3, 145
145, 146
146, 2236
390, 1668
3616, 3758
3245, 3758
2248, 3758
2380, 2613
2488, 2715
2715, 3029
1132, 4118
3110, 4909
3421, 4371
1787, 4431
1271, 4747
196, 517
517, 4062
517, 3046
2235, 4062
1384, 2937
1847, 2937
749, 1847
749, 1881
749, 1890
1039, 1890
1045, 2937
583, 3585
583, 4603
726, 2537
2, 726
2, 3946
2075, 3946
2, 2317
2075, 3244
726, 2151
574, 2151
1664, 2151
1664, 1739
997, 4092
2283, 4926
741, 3943
741, 4563
1917, 4936
1917, 3888
2162, 2385
221, 4898
2369, 4088
475, 4088
4083, 4978
505, 4083
505, 2295
505, 1469
505, 3142
207, 4083
207, 389
389, 1850
389, 2651
3010, 4332
2661, 3010
1417, 4749
5, 3407
3244, 4110
190, 208
190, 1361
190, 1312
1312, 2009
1583, 1786
731, 4937
3582, 3756
3756, 4816
29, 3682
1003, 3921
64, 2500
3004, 3628
279, 3628
279, 4636
423, 763
975, 2535
975, 1058
1058, 3248
1058, 1840
3248, 4824
2931, 4824
2931, 3763
2790, 3763
298, 3763
1507, 2931
1507, 1755
882, 2051
3057, 3369
3049, 3057
2707, 4575
514, 2707
379, 514
935, 2395
935, 4565
2883, 4565
267, 4565
267, 3393
3393, 3680
3393, 4975
3825, 4455
4162, 4429
89, 563
89, 3966
89, 4811
236, 4811
236, 1776
1776, 3249
89, 511
89, 572
572, 3154
3154, 3791
3791, 3805
3805, 4320
748, 4320
3805, 4280
1198, 4320
1198, 3201
415, 3201
415, 4422
2021, 4422
3126, 3201
875, 3126
415, 634
1187, 2021
748, 4202
639, 1187
639, 2315
779, 2935
779, 4737
2417, 4737
39, 2417
494, 2417
2519, 3797
1635, 2078
1883, 2762
937, 1247
1247, 3242
1211, 3242
1458, 3242
1458, 2649
2649, 2730
472, 2649
291, 1458
2121, 2836
3471, 3843
1974, 3817
1039, 2653
469, 1744
3625, 4126
2098, 3492
2030, 2098
3012, 4191
4191, 4500
1205, 4500
1959, 4191
409, 4950
992, 3129
992, 2805
2805, 4569
3707, 4569
992, 4678
4118, 4159
1320, 4159
3120, 4670
1824, 4670
2530, 3486
1206, 1945
1206, 2007
2007, 2777
3488, 4700
1061, 4554
1512, 3424
2500, 4660
372, 3117
3117, 4447
773, 2158
2158, 4869
2058, 4869
2753, 3542
1068, 4986
93, 3999
3233, 3999
1222, 2931
132, 2801
132, 1264
1264, 2838
1849, 2838
1849, 4587
721, 4587
721, 3901
2554, 2838
4570, 4587
2838, 3301
132, 2212
881, 2212
2212, 4833
3162, 4833
1452, 3162
1452, 3214
989, 2838
989, 3262
3262, 4508
1235, 4570
1565, 2935
1565, 4086
1950, 4086
376, 4086
376, 3979
1564, 3979
1564, 4244
4244, 4893
11, 3979
11, 1842
1778, 1842
1818, 1842
1818, 4430
1303, 4430
198, 1158
1778, 4537
1256, 3218
1262, 3218
4020, 4253
2664, 3222
3109, 4231
3227, 3979
9, 3227
552, 4917
1300, 2907
1300, 3346
3346, 3472
1300, 3269
2599, 3269
2599, 3025
122, 662
256, 1239
1239, 4654
3370, 4826
3350, 3370
3350, 3876
444, 3350
1206, 1663
3274, 3539
299, 3274
3274, 3688
26, 760
760, 1528
1217, 1528
2338, 4206
2338, 4507
4042, 4507
4775, 4837
1116, 4775
4775, 4983
1116, 2615
2615, 2952
34, 1421
1429, 4231
1330, 4674
3416, 4267
535, 2616
1489, 2616
2222, 4479
1287, 2222
1287, 4832
3000, 3504
3504, 4472
332, 3504
2176, 2316
1194, 2316
1859, 2316
1194, 2804
2064, 4429
1314, 4504
365, 2821
808, 3219
808, 870
808, 3516
2193, 2366
1135, 1279
1279, 4358
1279, 2628
803, 2628
2628, 3783
297, 1736
1736, 4310
4138, 4490
3312, 4138
1360, 3312
1360, 4018
1360, 4233
897, 4413
897, 4805
2732, 4805
1029, 4805
71, 951
2625, 2977
917, 2977
2977, 3705
3351, 3705
3309, 3705
2386, 3705
2386, 2822
1649, 2822
539, 1649
539, 1111
979, 1111
979, 4402
1586, 4402
1586, 2251
2251, 2995
1345, 2995
1345, 3138
509, 2822
509, 2461
1586, 4817
2460, 2461
1362, 2460
1111, 4028
2060, 4028
797, 3705
2035, 3351
2035, 3848
3338, 3848
1477, 3338
3338, 4474
3338, 4160
2449, 4160
1289, 2449
1289, 2696
284, 2696
2696, 3731
284, 4976
284, 2124
284, 4961
1975, 2449
133, 539
133, 2700
1038, 3848
1038, 4514
3802, 4514
3151, 3212
1696, 3151
4659, 4740
1971, 4120
10, 2756
61, 1731
61, 1181
1181, 2617
212, 1181
793, 1502
4073, 4400
293, 4702
293, 1220
1220, 2267
1220, 1644
158, 1644
1644, 4643
1644, 2973
2413, 2973
2413, 3445
3445, 4037
4037, 4486
1354, 4037
54, 2413
588, 1518
588, 2605
251, 2605
1341, 2605
588, 4297
4297, 4807
1851, 3686
2992, 3686
2992, 4190
2992, 4050
2305, 3686
945, 2305
945, 3087
2405, 2992
2405, 4798
2747, 4798
2747, 4157
2747, 3620
785, 3227
785, 3491
3491, 4306
2126, 2496
1001, 2126
2851, 3135
590, 4007
665, 3754
689, 2321
405, 2321
790, 2321
449, 2321
528, 2321
2179, 4821
1516, 2620
141, 4775
2149, 4807
2477, 4236
3800, 4603
388, 3520
388, 3113
2383, 3847
2255, 4966
4089, 4966
1383, 1497
823, 4975
823, 1949
1949, 4624
585, 1949
128, 4975
128, 3073
1553, 3073
2823, 3073
1829, 3598
3598, 3712
2911, 3598
2911, 3396
2911, 4128
1645, 3396
1504, 2911
1504, 1996
3396, 3708
2714, 3708
3598, 4398
4398, 4617
3336, 3598
47, 3336
3336, 4133
4133, 4273
2801, 4799
499, 1628
1628, 3119
1660, 4197
4872, 4875
3640, 4544
2490, 4739
1702, 2490
1671, 1702
1702, 4152
1702, 3722
3212, 4838
957, 4838
2384, 4838
1083, 2384
919, 1083
2384, 3612
3006, 3612
3612, 4697
684, 4697
2490, 3390
186, 3390
186, 2523
186, 2359
303, 740
1753, 4113
1858, 4065
1986, 3921
1533, 3906
3092, 3966
278, 2904
278, 4668
1895, 4051
2898, 4103
2140, 4909
2140, 4487
2867, 4855
1347, 2920
456, 1347
211, 456
848, 4909
2014, 4648
3951, 4833
1231, 2211
477, 4655
2326, 4055
4055, 4300
2134, 3688
2134, 2324
1993, 3402
1492, 1993
1777, 4912
958, 3352
439, 3352
1336, 3628
1915, 3802
414, 1915
193, 2656
193, 736
736, 3149
326, 2656
209, 2425
2425, 2763
4145, 4310
3909, 4466
1015, 3084
776, 3305
776, 3008
3008, 3159
3159, 4592
2634, 3008
548, 3159
3451, 4993
932, 1832
67, 4864
3987, 4864
3987, 4281
320, 3987
1488, 4281
401, 1488
401, 1335
401, 4751
769, 4281
1335, 2982
2982, 3513
286, 1335
286, 3527
3987, 4960
3134, 3987
3134, 4568
3527, 4211
84, 4211
721, 777
1030, 1169
1116, 2842
2751, 2842
78, 1488
3659, 4910
1719, 3616
862, 3227
862, 3392
3392, 4767
862, 2669
429, 4767
2669, 3172
3023, 4310
1550, 4160
68, 4071
2782, 4720
147, 4720
1544, 4163
790, 4990
2258, 4990
2258, 3299
3243, 4990
1390, 4828
3957, 4828
302, 3308
76, 468
468, 2274
3163, 4794
3163, 3701
418, 2409
3202, 4801
1624, 3860
3543, 3974
1334, 3543
2146, 4595
855, 2039
855, 2527
1176, 4859
2088, 4859
2088, 4425
3237, 4425
1215, 3237
1215, 2549
975, 4797
1240, 4797
3743, 4797
1089, 4781
2802, 3044
567, 2802
567, 594
2802, 3868
98, 850
98, 3551
98, 4578
489, 1013
3340, 3877
2556, 3312
718, 1234
1234, 2862
2862, 4449
1234, 4010
1836, 4010
1774, 2699
3339, 4645
1037, 3560
533, 3071
436, 533
436, 4658
696, 1368
1261, 1368
487, 1261
892, 2714
892, 4924
892, 2985
1479, 1837
851, 1837
851, 2501
851, 2759
1286, 2889
2710, 3034
861, 3907
645, 4187
100, 1051
1983, 4201
734, 2137
734, 3619
603, 734
249, 1948
680, 1745
680, 890
1750, 3511
4313, 4616
1812, 4616
1386, 1812
1386, 3240
1386, 1735
108, 1735
108, 972
972, 3796
60, 3327
16, 989
16, 338
338, 4182
4182, 4632
16, 1163
3411, 3658
592, 2438
331, 2461
351, 742
1509, 3718
283, 594
2482, 3510
2482, 4762
1925, 2482
354, 727
1121, 2684
128, 187
187, 1888
187, 2285
113, 1688
113, 3489
776, 3652
3652, 4748
4184, 4894
551, 4894
1860, 3320
3598, 4952
913, 1964
4588, 4764
2090, 4265
2224, 4265
1046, 2224
335, 2224
1046, 2223
1381, 2223
1541, 2223
3280, 4672
524, 3280
524, 4374
2198, 3154
2973, 3992
3727, 3992
3727, 4886
3230, 3727
4274, 4351
1501, 4274
1128, 2743
1570, 2743
1570, 4574
1104, 4574
1104, 1382
2407, 2743
2407, 2957
2957, 4914
36, 4914
36, 1914
1914, 3931
4043, 4254
3436, 4254
3436, 4343
993, 4343
90, 2425
1841, 3590
484, 934
934, 2683
708, 934
2683, 3592
934, 3414
2310, 2933
685, 2310
247, 3613
655, 4347
655, 3645
2005, 3645
1542, 2005
620, 2363
519, 2363
519, 1214
1381, 3571
1305, 1329
1329, 1934
2989, 4820
156, 4134
156, 3389
4462, 4857
3702, 4918
1536, 2416
2332, 3828
1460, 3828
963, 1674
1674, 4397
3953, 4397
3953, 4888
4368, 4868
3611, 3660
3660, 4947
2138, 4291
853, 4291
853, 3855
2844, 3855
302, 4995
738, 4995
738, 4494
2217, 4494
738, 3399
1180, 3399
711, 3399
845, 2217
1021, 1180
228, 1021
1211, 3438
355, 3438
947, 3438
327, 947
947, 4911
1837, 3729
3729, 4185
1225, 4591
1102, 2633
813, 2177
813, 1594
1594, 3444
2777, 4169
1054, 3215
18, 3215
18, 3656
2230, 3656
2230, 4920
720, 4920
2027, 4521
22, 4521
22, 4390
3182, 4261
1185, 4609
1100, 3394
642, 3394
642, 1363
1363, 3768
642, 2996
1416, 2996
1229, 1416
613, 1416
1363, 2277
2277, 2344
2344, 3206
2277, 2986
2794, 2986
2239, 2794
3206, 3726
2239, 2868
2868, 3190
2239, 3470
613, 4421
2261, 2716
2261, 4946
3755, 4946
1971, 1973
1973, 2318
2318, 3133
3133, 4543
1827, 3133
1827, 3381
3438, 3867
285, 4644
2169, 2502
2397, 4350
2397, 4372
3455, 3784
547, 2065
547, 2112
2032, 2833
2833, 3858
1723, 4486
3806, 4906
3508, 4595
3508, 4822
2991, 4531
537, 4531
486, 2919
179, 2662
179, 936
2361, 3764
1618, 4588
1618, 1646
1646, 1902
1484, 1902
512, 866
866, 3331
3331, 3808
484, 4622
1412, 3145
540, 3145
28, 3145
3145, 3662
116, 3702
923, 2521
313, 1246
3452, 4777
1473, 4777
4754, 4777
3766, 4754
3417, 4754
3417, 4395
4395, 4778
732, 2904
732, 4225
3506, 4225
3573, 4225
3750, 4225
2377, 3633
2006, 2981
3176, 4586
1908, 4586
2667, 4586
2667, 3157
2667, 3523
2667, 4251
2168, 2667
2721, 4462
1875, 3243
1875, 4845
1423, 4487
1072, 1423
2284, 3406
1685, 4249
300, 758
300, 3804
3804, 3982
3982, 4604
244, 300
1276, 1716
222, 847
847, 3477
931, 2589
2813, 3702
2130, 2813
426, 2130
597, 4584
3575, 4584
3575, 4385
1484, 2013
2013, 3666
783, 2843
2979, 4503
1879, 4503
1879, 2069
224, 2069
224, 3152
224, 1433
1793, 2235
1793, 4840
120, 4840
120, 165
1230, 1559
2323, 2570
340, 2076
714, 4025
1817, 4025
1177, 4025
906, 3645
906, 3061
3477, 3984
752, 3984
752, 3937
673, 1503
1343, 4781
1573, 4584
1097, 1731
142, 1097
2174, 2326
3405, 4870
1882, 3930
3353, 4242
2954, 3108
125, 1338
125, 3181
2432, 3045
1120, 3095
1706, 4169
462, 2088
2779, 3703
955, 1115
287, 1860
907, 4353
907, 4699
1720, 4699
4699, 4903
2820, 4903
2583, 3778
1356, 4881
1616, 2642
2642, 4860
2741, 4663
1751, 2741
1751, 3657
3657, 3767
411, 3767
1380, 3767
735, 2872
692, 735
4625, 4660
4625, 4719
1409, 4625
3104, 3576
829, 3104
761, 829
761, 4538
1692, 4566
1874, 4549
2808, 4549
553, 4339
553, 2163
2163, 4907
959, 2163
553, 2965
1289, 2103
172, 2099
2099, 2688
1844, 2688
3311, 4732
504, 2753
1966, 2287
1153, 1966
1153, 1346
1153, 3122
576, 1153
576, 3067
2970, 3122
706, 1966
706, 3899
3335, 3899
3335, 3689
636, 3689
636, 4001
2423, 3335
2967, 3899
2565, 3689
3335, 3449
1918, 3335
576, 801
1918, 4079
760, 3618
1406, 3618
117, 1406
3414, 3875
1415, 1613
1934, 4708
973, 3454
1819, 3454
1819, 2142
2788, 3344
1064, 1844
1064, 4407
3561, 4711
114, 4029
1368, 4349
3253, 4349
914, 3253
914, 3235
2446, 2463
307, 3425
3425, 4539
3091, 4680
1953, 3091
3091, 3584
636, 4559
2941, 3350
1753, 4144
784, 4144
784, 3736
784, 4143
3803, 4143
3389, 3422
596, 3422
3422, 4362
670, 4362
670, 1854
1854, 2947
670, 3799
152, 3799
452, 4929
1709, 2059
518, 3050
3050, 3738
2678, 3050
3050, 4445
708, 1073
3011, 4332
164, 3011
2692, 4512
2518, 4512
3518, 4718
922, 3518
2845, 4385
387, 2845
387, 884
884, 4269
2110, 4269
43, 3382
2190, 3102
1794, 2190
1355, 4216
1426, 4626
1426, 4331
3289, 4310
1673, 3289
109, 4739
109, 502
502, 2929
2194, 4477
4031, 4477
3821, 4031
1187, 3761
1655, 4650
2968, 4650
342, 3654
342, 580
1986, 2632
563, 2107
88, 1364
3038, 3474
1327, 3038
1327, 1889
763, 2322
546, 4915
2479, 4608
2179, 4379
3383, 3876
250, 4971
2082, 3972
1113, 1143
1761, 2457
2611, 2635
2396, 2635
1678, 2635
669, 1678
2635, 3902
669, 3060
3060, 3746
3060, 4441
1070, 4441
3060, 3225
804, 3225
3225, 3606
2378, 3225
2234, 3126
928, 3392
425, 3398
425, 3734
2807, 3573
463, 4392
463, 4557
138, 3975
138, 1670
1084, 1670
327, 3018
699, 3018
739, 3340
3208, 4382
1480, 3268
37, 1620
563, 967
967, 1495
1495, 3275
3373, 3467
3977, 4847
1385, 4208
2953, 4208
4735, 4942
939, 4942
3681, 4942
402, 3681
347, 402
319, 939
319, 466
95, 402
646, 2773
1212, 2773
3384, 3614
1873, 3257
209, 337
337, 3968
337, 2524
2524, 3838
2555, 3838
2555, 3478
337, 1746
1746, 3007
1746, 3890
4431, 4779
713, 890
260, 4867
215, 3551
215, 3368
215, 282
282, 2123
66, 2123
1803, 2123
1803, 2008
2008, 4763
2008, 2307
1783, 2307
1136, 1783
1193, 1803
522, 1307
1307, 3997
3024, 3924
1609, 1734
1052, 1734
1052, 4896
4528, 4896
1725, 4528
373, 4528
4161, 4896
373, 2733
1734, 4526
500, 4526
3021, 4896
1340, 3021
1420, 3208
3985, 4484
2348, 3990
1675, 3487
463, 3956
3129, 3426
4258, 4727
263, 4769
2118, 4769
1835, 2141
510, 4610
228, 4404
1416, 3969
907, 2265
2265, 3558
3435, 3558
3931, 4891
163, 4891
163, 4818
4176, 4818
2757, 4498
1499, 2158
2251, 4752
2182, 4387
2182, 4414
737, 4538
1628, 4523
13, 4792
13, 4318
13, 1693
1693, 3450
1809, 4318
2128, 4318
2042, 2128
1301, 2128
1301, 4067
13, 4611
3940, 4611
3940, 4736
3940, 4750
4736, 4782
2886, 3518
2886, 4013
33, 4013
2934, 4019
254, 3607
94, 4716
4014, 4716
1597, 4716
350, 2436
2436, 4058
202, 4058
2677, 4058
2609, 2677
2677, 3359
3359, 3597
3481, 3597
2677, 3844
3844, 4491
1437, 3903
575, 2194
2569, 2705
2578, 4144
586, 2729
1971, 4688
949, 1663
1865, 4507
3741, 4256
1873, 2465
3739, 4422
482, 3957
80, 4604
3254, 3433
520, 4977
9, 719
336, 3279
842, 888
1695, 3995
3911, 3995
1988, 3911
3629, 3927
940, 3927
336, 4340
1349, 4618
62, 991
991, 2068
440, 3492
93, 2505
1001, 3865
3453, 4051
1530, 3258
2192, 2446
1839, 2726
193, 4470
4470, 4884
1033, 3090
2311, 3090
3090, 4755
1096, 4755
1096, 4666
2568, 4315
419, 4295
499, 4524
4524, 4701
3151, 4696
1396, 3636
1017, 4802
1005, 2025
1340, 2336
4059, 4136
3009, 3724
3343, 3922
1494, 3922
2506, 3922
1494, 3276
385, 938
938, 941
941, 2393
938, 4298
1138, 4298
442, 1138
2117, 2964
2586, 3891
2586, 3316
2580, 3213
1098, 4724
199, 4693
1510, 1711
245, 1711
245, 4228
3003, 4199
506, 4012
368, 506
2445, 3086
2334, 2445
328, 4210
1945, 2847
437, 2847
437, 3839
3204, 3839
2167, 2847
1676, 3668
227, 3668
1309, 3961
1309, 3306
3730, 4175
3730, 4657
531, 1507
531, 3826
531, 1636
229, 3246
4077, 4908
3221, 3693
173, 3840
2797, 3840
1075, 3898
1075, 2221
1123, 2221
1123, 1483
1839, 2273
3837, 4222
1231, 2455
1183, 2455
1183, 2963
2404, 2963
1179, 4204
1179, 4064
1602, 1933
2188, 2296
2082, 2256
2256, 4172
1864, 2256
1006, 4172
4269, 4612
1967, 4612
3371, 3788
523, 2145
105, 523
105, 1010
1010, 4790
1010, 1951
771, 4593
1380, 2481
2481, 2503
655, 3223
3223, 3793
1425, 3793
3223, 4889
2485, 3223
1425, 1582
1582, 2459
2233, 3544
119, 1965
1965, 4132
4762, 4771
883, 4464
799, 4293
677, 1618
239, 1711
3260, 4023
1444, 3622
238, 3622
295, 4460
107, 610
3624, 4667
3142, 4278
3098, 4278
1131, 1763
4263, 4946
4263, 4389
24, 1574
1505, 2310
1994, 3540
3252, 4960
2268, 4441
703, 2268
2531, 3034
304, 1781
651, 717
20, 47
1930, 4625
628, 4074
3131, 4777
3001, 4533
38, 1284
816, 1284
274, 2358
702, 2358
868, 2663
3048, 3664
2063, 2313
1386, 2971
2980, 4048
2468, 2992
592, 4417
2242, 4214
1714, 2595
2116, 4607
564, 2116
2420, 3645
857, 2420
1453, 1745
211, 1454
1071, 1234
1071, 4164
1071, 1204
1204, 2930
2930, 3577
891, 1204
329, 2244
1527, 3706
1463, 4597
312, 3017
2743, 3226
652, 2618
1101, 1946
410, 420
368, 3080
837, 3080
4127, 4740
1511, 3382
1511, 2746
2630, 2746
2630, 3794
1595, 2630
1031, 2746
2029, 3794
1378, 2029
565, 3407
418, 4106
3564, 4750
599, 3564
4165, 4317
3418, 3801
2342, 3471
1156, 1542
1223, 3438
1223, 2513
1223, 2399
460, 4155
2552, 3182
4510, 4606
2053, 3868
1332, 3526
1896, 3271
3642, 4483
836, 4483
1221, 1567
1555, 1954
671, 3346
2827, 3526
757, 4114
4600, 4711
269, 4498
1046, 2861
2861, 4935
4795, 4935
1214, 1984
740, 4230
4230, 4499
3716, 4667
1256, 1961
642, 802
710, 2558
4213, 4921
3687, 4452
4297, 4662
2376, 4662
1056, 4900
1157, 3629
560, 4311
560, 705
1856, 3293
564, 2722
814, 2255
803, 2857
214, 4725
214, 3482
3185, 4681
2643, 3751
4381, 4589
478, 844
306, 844
1112, 2194
1016, 4820
1016, 4630
1036, 2492
124, 4042
1833, 4028
2007, 2567
2567, 3475
809, 3475
672, 3725
2191, 2707
873, 2191
399, 777
465, 4001
465, 1866
3220, 4935
1922, 2333
1850, 2650
2086, 4684
1207, 1319
3554, 4267
630, 1586
2917, 4535
2719, 4625
41, 809
41, 3127
1215, 3089
3302, 4079
2258, 2456
1710, 2096
176, 1228
176, 864
432, 864
1285, 2176
888, 1296
2074, 3594
1374, 1424
1868, 3074
30, 1846
3323, 4568
1838, 4135
4135, 4257
1477, 2854
588, 4303
632, 3958
89, 1857
913, 4883
825, 4602
719, 782
403, 1298
1542, 2516
2015, 4665
1717, 4665
1717, 2187
840, 4665
974, 1717
1483, 3559
3186, 3559
532, 3559
65, 2697
428, 2697
2750, 2874
2874, 3121
2787, 3121
2787, 3807
3807, 4427
3807, 4518
1523, 3807
724, 1523
2588, 2787
3895, 4730
1996, 2281
408, 4441
760, 4366
2220, 4366
1272, 4366
1970, 3859
1826, 2447
1230, 4517
559, 860
559, 2701
1089, 3711
2515, 3727
130, 2515
1305, 1861
1099, 1145
3162, 3168
2689, 3168
1540, 4184
1540, 4895
44, 4502
1463, 3304
1008, 3304
444, 3441
124, 1110
1580, 4438
21, 1580
21, 2144
173, 1738
1738, 2454
879, 2454
3695, 4754
1232, 2219
2803, 4853
2079, 4409
1090, 3136
577, 3010
728, 1882
1571, 3783
1250, 2886
1442, 1524
1026, 4478
1026, 4661
410, 3385
1316, 4065
2275, 4471
1606, 2275
1606, 2966
1436, 1972
558, 915
292, 4638
292, 4357
236, 4944
3802, 4147
2781, 3573
2909, 4858
1627, 2154
733, 3350
1762, 2461
226, 4646
3565, 4477
423, 2840
533, 664
664, 1192
1554, 2618
260, 2019
1892, 2474
4093, 4361
4215, 4493
957, 2070
1382, 2398
1987, 2239
556, 1987
142, 1191
1108, 1191
2597, 3007
619, 1376
1721, 3831
1136, 1537
856, 1537
3694, 3732
1236, 2287
1779, 2200
2200, 4885
889, 1607
2019, 2254
2254, 4344
2254, 2575
2791, 4746
1140, 2791
2472, 3143
854, 2114
2114, 2289
1642, 3546
1642, 2208
1969, 2215
934, 3053
929, 2236
1817, 2932
2932, 4289
1291, 4289
1325, 4289
1325, 4925
1325, 1801
3367, 4925
2563, 4378
1522, 4948
743, 2538
1311, 3324
1039, 4282
2760, 3951
4034, 4245
1741, 2583
495, 1741
495, 4314
1173, 4314
2208, 3169
612, 3169
612, 746
3169, 4722
1662, 4722
1662, 4985
612, 1647
1041, 2641
183, 1041
2581, 3833
3321, 4352
1877, 2888
2879, 2888
3478, 3881
1989, 3881
1709, 3962
110, 392
3, 86
2876, 4405
537, 4943
1002, 4592
530, 3379
751, 1063
2042, 3536
2212, 2476
1839, 4509
4038, 4509
1653, 1741
2941, 4548
3465, 4088
1563, 3465
606, 1879
321, 578
578, 589
56, 4981
56, 3740
2546, 2598
638, 2546
416, 1260
1982, 2232
87, 1982
933, 3486
1175, 1945
1227, 3176
333, 1227
333, 3638
333, 3485
3638, 4443
1227, 2545
901, 4011
1388, 3396
1388, 3983
258, 3695
258, 4476
764, 4476
2002, 4476
3027, 3568
2054, 2754
2278, 2495
1699, 3510
1699, 1732
1251, 1699
1535, 1749
2160, 3642
480, 2601
2018, 3963
2690, 2917
2690, 4416
4370, 4448
1165, 2630
1080, 1537
655, 3328
4005, 4541
1863, 2484
2266, 4202
2266, 3639
2266, 4324
1065, 3639
1065, 4902
1769, 4324
1393, 4295
496, 2827
431, 4845
431, 2320
215, 3191
3191, 4226
1592, 4226
1592, 2958
3734, 4365
1321, 2766
1160, 1659
1324, 2891
2610, 4487
2091, 3665
1339, 2091
1880, 2249
2883, 4890
3241, 4764
471, 3241
4651, 4873
70, 2181
70, 1379
213, 1379
3310, 4959
1640, 4742
4003, 4742
3705, 4709
445, 4729
200, 3940
1944, 4776
75, 4776
1861, 4322
84, 178
1324, 2811
1293, 4614
927, 3238
1807, 3357
1150, 1396
1150, 4150
1742, 2414
3507, 4895
1657, 4728
3010, 4928
2124, 4698
2216, 2519
2125, 4472
798, 1008
798, 1174
1568, 4554
1818, 4016
4016, 4450
2510, 4741
152, 3913
1879, 2890
1493, 2890
1493, 4796
1101, 1862
474, 3790
474, 3549
2387, 3273
2478, 3854
2030, 4899
2415, 3174
2415, 2542
2415, 4415
1093, 4415
2469, 4213
2469, 4788
2709, 4788
2257, 2709
1683, 2257
807, 3886
279, 4488
3213, 4866
4032, 4866
905, 4866
1322, 4032
1322, 3403
477, 2720
2155, 2720
1170, 2155
277, 4186
1169, 3820
824, 3610
678, 2869
678, 3591
678, 4009
1231, 4849
3068, 4849
1278, 3068
1278, 1701
1257, 1278
1701, 4446
4117, 4446
1518, 2299
3318, 3704
1122, 1809
1122, 4679
2873, 4585
3040, 4585
396, 3040
2121, 4599
363, 2238
943, 1107
393, 1107
803, 1740
49, 2364
15, 3362
1499, 2450
1930, 4166
2896, 4536
3672, 4536
1643, 2433
2433, 4115
2433, 2585
3180, 3821
3320, 4705
2431, 4199
2431, 3644
2950, 3644
541, 3484
1247, 3964
1430, 2632
2921, 4134
97, 1404
1395, 2529
383, 4809
4570, 4758
1340, 4687
2906, 3552
3065, 3509
2983, 3842
3842, 4090
1352, 4090
1352, 2559
2185, 2287
1927, 3448
2350, 3445
1591, 4526
1591, 2243
2024, 2243
1249, 2024
709, 2024
1129, 4548
3381, 4246
1193, 2998
2998, 4923
1686, 2161
2003, 2785
4469, 4893
1857, 2360
479, 963
479, 3055
235, 3026
46, 1271
535, 4534
2030, 3088
3088, 3375
3612, 3635
3635, 4998
2370, 3635
912, 2370
1925, 4613
236, 2388
1326, 3438
969, 3602
969, 1079
2708, 4273
1997, 3545
3374, 3545
259, 3746
3997, 4594
2526, 4594
395, 3896
2799, 4239
2499, 4043
515, 3822
673, 3079
278, 2543
1988, 4785
1538, 3706
1538, 4571
834, 1538
1642, 3650
1491, 3480
2841, 3751
3910, 4443
1564, 4583
2622, 4583
16, 3534
3287, 3534
427, 4479
1955, 3773
1955, 3873
51, 2620
433, 3842
433, 1095
1095, 2442
35, 1244
956, 2218
2154, 3925
1377, 1993
144, 1377
589, 2735
627, 2735
192, 3843
2926, 3336
1799, 4204
3250, 4714
826, 4151
1547, 2041
362, 4569
631, 2776
631, 3976
631, 3115
2816, 3976
1711, 4363
2561, 4363
2561, 3954
765, 1062
2793, 2842
3189, 3662
1811, 2207
1811, 3296
593, 1811
2448, 3675
588, 3473
2471, 3822
2471, 2579
2579, 3548
3548, 4070
2579, 3432
127, 1167
1427, 3127
1427, 2346
1540, 3410
694, 3410
3032, 4529
813, 2057
1963, 2711
2440, 4773
4299, 4773
3771, 4349
3771, 4209
4098, 4972
341, 3630
696, 2034
1092, 2929
274, 4412
330, 819
330, 1069
330, 2056
422, 1069
330, 1197
1101, 4068
3562, 4310
353, 3201
353, 2520
353, 1848
2520, 3772
3123, 3772
3123, 3955
604, 759
2390, 2870
121, 2829
150, 1657
150, 1921
1921, 4015
1235, 3082
3082, 3386
3386, 4335
1024, 3544
1039, 2199
3186, 3851
2765, 3578
1028, 2888
191, 4044
2875, 2923
1765, 4556
729, 2379
1590, 3421
895, 1293
895, 2288
603, 608
1868, 4121
2563, 4965
817, 2881
4321, 4807
81, 3693
3349, 3652
3078, 3971
4036, 4523
4036, 4345
1825, 2394
1168, 1468
1270, 4123
793, 4988
284, 2826
2264, 2536
3055, 3440
151, 4130
647, 1943
1389, 3853
611, 3610
1475, 2760
8, 826
2710, 4250
240, 2486
240, 2865
2712, 3728
245, 2728
1684, 4936
1684, 4772
3209, 4772
4302, 4463
1577, 4302
632, 4432
908, 2251
326, 3081
324, 3427
717, 1050
560, 4580
3193, 4580
976, 4548
1038, 1506
1699, 3587
2381, 2602
4560, 4953
2654, 3834
271, 1911
978, 4785
343, 2882
2936, 3518
2477, 4312
462, 4221
1146, 3010
319, 4342
668, 2532
1408, 2532
3945, 4922
1605, 4442
391, 4299
1471, 2315
2276, 3564
1909, 3239
2511, 2775
1925, 3719
3412, 3719
508, 1617
508, 3809
415, 3779
2810, 3779
190, 1600
1610, 2113
1375, 3672
244, 1898
2809, 3840
160, 715
529, 2356
2356, 2566
2566, 3203
1253, 2356
1217, 1273
924, 3438
1400, 2329
202, 2614
1449, 3534
1359, 1631
45, 3123
1572, 2410
3670, 4119
1317, 3670
634, 1219
787, 1841
787, 2421
331, 3915
3915, 3981
3836, 4904
2866, 4081
123, 4329
64, 2975
2224, 3626
3862, 4356
1358, 3389
3599, 3635
378, 1805
697, 1833
697, 1299
257, 697
1299, 1822
40, 1156
40, 871
2799, 2918
1966, 3798
503, 3259
3466, 4134
1532, 3466
1328, 2937
1685, 3547
1297, 3547
1931, 3425
614, 4879
3341, 4227
1147, 4360
2694, 4360
40, 1274
1119, 4943
591, 4582
1796, 4052
140, 3007
440, 3524
265, 2664
1883, 2603
1756, 2421
1756, 3263
2322, 3070
542, 4710
3121, 4131
3820, 4850
909, 4181
687, 2390
2033, 3445
2037, 3418
48, 2037
1820, 3947
4080, 4130
3210, 3567
1604, 4739
2166, 3959
1091, 4092
1997, 2748
3229, 4991
3114, 4355
1254, 3114
1182, 3773
3081, 4346
4416, 4780
684, 1608
1935, 4120
344, 3377
4005, 4212
749, 1797
207, 4205
2519, 2582
2234, 4721
1609, 3314
3430, 3573
1643, 4561
96, 574
149, 3680
219, 280
1883, 2085
1028, 1697
434, 4985
227, 4567
3041, 4567
2199, 2607
1189, 1457
306, 3300
1600, 3557
526, 3805
3151, 4198
155, 1365
1365, 4367
513, 4174
3850, 4174
4054, 4329
1440, 2959
47, 4223
1942, 4752
4296, 4492
2412, 4492
549, 2487
1746, 4927
4547, 4563
1960, 4836
1713, 2782
1713, 2040
168, 2040
2040, 2493
1843, 2493
3878, 4573
1432, 3621
1980, 2767
2891, 3932
1758, 3932
2195, 3932
454, 4138
891, 1074
2131, 3148
2157, 3994
2551, 4641
2551, 4627
4705, 4967
294, 3884
2873, 3355
1011, 3404
82, 4572
4806, 4957
1957, 3369
2304, 2368
2686, 3543
83, 2062
184, 2294
27, 1816
3280, 3342
919, 3272
2353, 3332
1700, 3720
553, 832
859, 4122
2155, 4677
2533, 4682
463, 1680
1004, 1680
264, 2082
2143, 4049
2710, 4954
1498, 3291
2128, 3517
2115, 2690
1369, 1908
157, 1798
1652, 2938
2790, 2943
1152, 1464
396, 2293
375, 4435
2922, 4104
1014, 2386
205, 2658
205, 766
855, 2308
290, 861
499, 1923
1579, 3751
3192, 3868
3192, 4694
1009, 3053
3091, 4829
4123, 4337
2749, 4772
516, 3516
3872, 4179
2871, 3685
666, 3685
470, 666
968, 2833
3577, 4934
296, 4934
240, 3926
3894, 3926
3322, 3517
1109, 3948
120, 4615
730, 1414
1241, 3905
3949, 4569
2825, 4339
1144, 3928
86, 1367
4153, 4427
2705, 3130
3749, 4041
31, 1284
1562, 3932
1562, 4328
56, 2850
1427, 2371
1439, 4410
2448, 4723
1253, 4787
371, 3158
2316, 4401
722, 1060
994, 1320
2043, 4721
4834, 4916
4480, 4638
2292, 4404
1263, 2020
318, 1830
839, 4162
841, 1925
1978, 2976
1978, 2022
573, 2022
677, 750
2564, 3918
267, 1125
993, 3811
288, 2435
1346, 3307
3894, 4887
1333, 3783
1333, 3039
179, 3187
1562, 3849
1067, 2869
818, 3780
92, 2418
1313, 4798
2466, 3150
615, 953
174, 1342
2109, 2295
858, 3556
270, 1806
1806, 4304
4072, 4304
1148, 4072
3830, 4072
1387, 4072
1387, 2203
2081, 3483
3282, 3698
1170, 1831
831, 1831
2935, 4140
569, 781
3503, 3559
878, 1496
3064, 4316
2734, 4172
1259, 3411
1643, 3505
162, 3008
2572, 3643
2680, 4647
1431, 4355
1209, 1418
4631, 4941
980, 2955
304, 497
3550, 4492
3550, 4851
2345, 3083
194, 1394
808, 4288
1032, 4270
8, 1936
2524, 4744
441, 3186
1762, 3463
566, 3509
4865, 4955
1775, 3363
1775, 2624
3632, 4461
3228, 4823
127, 1784
1470, 1768
1470, 1634
869, 2786
174, 1106
1340, 1601
3770, 4023
654, 4858
2908, 4433
1099, 4424
201, 3238
1515, 1889
4640, 4664
1159, 2674
405, 1722
1135, 3655
1545, 4944
3735, 4906
2504, 3671
1574, 3042
407, 1170
2652, 3216
780, 2369
3986, 4331
3929, 3986
417, 3986
1344, 3981
1318, 2655
2192, 3103
2349, 3439
1364, 2949
1517, 1807
831, 1255
1864, 3460
3292, 4342
3461, 4883
75, 4671
821, 3637
1451, 4525
2050, 3827
1882, 3434
2355, 3950
372, 453
544, 2611
2852, 3709
3538, 4082
473, 4139
886, 1764
1366, 3009
1366, 4830
395, 1088
1621, 2057
792, 3348
710, 2252
2860, 3388
1413, 4076
2951, 4769
613, 2675
1323, 3816
1793, 3690
3063, 3454
1821, 4526
1821, 2596
1153, 4815
987, 2492
987, 1587
3367, 4577
1105, 4298
1689, 2798
1589, 1814
946, 1698
2120, 4278
2594, 4277
2839, 3753
976, 3649
1205, 2739
1159, 3832
896, 1627
2737, 3070
2031, 4262
2946, 4694
1181, 3676
3661, 4483
3288, 3661
3916, 4648
2534, 2697
1554, 3935
360, 2494
1788, 2229
180, 1684
1294, 1543
79, 1625
617, 2424
25, 3475
2472, 4968
276, 3677
