2.261671
0, 306
222, 306
2, 222
2, 376
2, 4
2, 15
15, 174
25, 174
25, 62
2, 436
2, 371
2, 489
65, 371
22, 65
22, 57
222, 329
329, 483
0, 198
198, 387
47, 387
47, 314
340, 387
331, 340
387, 429
7, 489
7, 157
157, 257
83, 157
83, 194
194, 365
133, 365
133, 149
294, 365
106, 294
149, 199
225, 294
182, 225
1, 225
1, 99
99, 102
102, 408
408, 426
111, 426
60, 408
99, 272
46, 272
272, 477
46, 298
333, 477
37, 149
83, 123
186, 365
186, 304
304, 398
398, 441
8, 441
8, 210
27, 102
133, 394
102, 317
317, 396
42, 396
42, 444
40, 396
27, 263
263, 346
346, 418
346, 358
283, 358
263, 291
291, 316
50, 291
50, 197
197, 433
411, 433
130, 411
195, 411
195, 315
73, 418
162, 291
75, 316
75, 443
261, 443
148, 418
99, 339
108, 133
66, 108
66, 158
158, 425
66, 267
267, 313
313, 370
77, 370
77, 238
137, 238
200, 238
137, 290
234, 290
200, 470
309, 470
213, 309
213, 357
355, 357
355, 494
19, 357
353, 494
266, 353
353, 468
282, 468
76, 282
271, 494
303, 494
252, 357
353, 490
103, 290
101, 103
94, 101
103, 184
94, 467
400, 467
94, 452
310, 452
18, 310
18, 177
273, 282
19, 232
43, 77
43, 145
145, 447
153, 468
153, 173
173, 493
423, 493
389, 423
70, 389
344, 389
93, 344
139, 303
139, 334
34, 334
34, 191
191, 332
323, 332
332, 457
217, 457
151, 457
17, 217
139, 286
80, 286
72, 286
217, 289
14, 289
289, 361
143, 289
49, 143
49, 146
146, 487
268, 487
146, 364
364, 476
364, 413
49, 249
124, 249
44, 268
44, 105
105, 192
105, 390
390, 485
446, 485
352, 485
180, 352
352, 454
454, 480
169, 446
30, 485
30, 311
241, 454
44, 69
249, 405
248, 454
13, 248
13, 328
298, 375
317, 391
290, 378
67, 423
67, 498
152, 498
152, 466
421, 466
125, 313
125, 269
269, 472
458, 472
109, 458
109, 404
109, 381
11, 269
45, 77
45, 496
461, 496
16, 45
16, 134
81, 134
81, 172
172, 229
229, 360
134, 417
115, 172
105, 118
118, 401
118, 336
88, 336
24, 472
232, 276
336, 431
149, 242
376, 385
50, 285
285, 474
457, 463
74, 487
74, 482
74, 90
52, 303
52, 141
180, 187
187, 239
136, 294
253, 413
11, 348
140, 348
140, 206
3, 348
348, 491
3, 220
220, 384
321, 384
292, 321
343, 384
214, 423
82, 214
82, 288
116, 288
34, 100
100, 155
155, 380
48, 380
246, 380
277, 328
277, 479
312, 479
259, 312
363, 381
52, 270
48, 256
238, 247
33, 339
33, 189
33, 68
68, 445
104, 445
68, 201
68, 302
302, 403
64, 396
64, 132
64, 308
64, 258
16, 95
95, 372
95, 98
98, 188
188, 275
39, 188
113, 198
48, 159
159, 167
72, 196
100, 402
41, 490
80, 138
170, 372
170, 469
165, 170
24, 412
117, 431
117, 251
58, 251
58, 112
112, 397
117, 330
49, 120
344, 462
122, 123
46, 319
149, 383
359, 401
127, 222
36, 401
35, 36
155, 284
45, 367
57, 427
20, 427
20, 448
427, 497
128, 433
61, 313
281, 332
281, 388
126, 191
373, 400
12, 373
12, 71
12, 208
208, 432
205, 373
347, 432
12, 243
216, 243
208, 212
38, 212
38, 235
235, 325
38, 84
84, 451
84, 121
84, 442
121, 455
103, 175
175, 486
5, 486
5, 219
203, 219
203, 301
51, 301
51, 410
29, 410
203, 250
353, 465
392, 465
53, 311
53, 407
96, 407
86, 104
193, 381
181, 497
29, 488
218, 246
29, 341
148, 179
320, 441
320, 473
70, 420
186, 300
248, 492
386, 492
350, 358
402, 460
296, 339
260, 403
211, 301
211, 424
55, 211
77, 438
215, 473
36, 56
111, 244
116, 233
129, 301
129, 228
26, 129
23, 129
107, 129
26, 265
65, 327
278, 467
278, 379
156, 420
7, 231
79, 201
219, 223
32, 56
32, 142
32, 450
32, 366
50, 437
178, 437
171, 315
466, 478
22, 475
202, 475
97, 202
246, 349
287, 349
287, 324
282, 409
279, 409
279, 354
89, 253
313, 377
114, 188
6, 50
236, 383
170, 414
262, 276
211, 280
280, 293
154, 324
190, 388
143, 150
122, 449
78, 396
123, 406
40, 207
207, 368
368, 484
240, 424
222, 428
428, 440
31, 210
31, 393
85, 350
85, 337
87, 171
135, 486
135, 255
9, 135
9, 299
456, 483
319, 416
416, 481
326, 350
326, 399
176, 326
230, 426
231, 471
342, 405
147, 250
177, 237
209, 406
165, 495
430, 495
77, 362
290, 318
163, 202
395, 485
76, 166
166, 415
166, 245
63, 276
382, 471
274, 382
338, 363
8, 435
24, 131
226, 352
92, 413
28, 64
4, 374
189, 221
361, 464
492, 499
127, 345
10, 411
19, 183
168, 183
21, 48
21, 91
82, 356
54, 182
207, 297
295, 297
9, 453
422, 453
119, 422
204, 445
204, 224
335, 448
210, 459
160, 459
325, 369
198, 322
91, 254
254, 264
74, 110
185, 269
343, 419
386, 434
161, 355
99, 305
12, 307
163, 164
1, 59
23, 227
428, 439
144, 164
31, 351
