1.397700
0, 124
0, 692
0, 277
277, 286
277, 752
333, 752
195, 333
89, 195
109, 333
87, 89
87, 434
87, 509
89, 943
89, 643
643, 756
477, 756
336, 477
20, 477
20, 649
20, 892
668, 892
668, 791
20, 724
301, 791
301, 582
562, 756
284, 562
105, 284
105, 236
105, 370
74, 370
74, 994
785, 994
501, 785
244, 501
186, 501
74, 478
186, 912
474, 912
474, 815
74, 418
399, 418
399, 803
165, 399
453, 994
186, 630
184, 399
184, 594
396, 501
933, 994
720, 933
381, 418
988, 994
626, 988
626, 812
256, 812
185, 256
725, 812
725, 887
483, 887
483, 486
486, 529
256, 782
308, 782
128, 308
103, 128
103, 134
132, 134
103, 499
37, 128
67, 499
67, 379
103, 941
669, 941
132, 167
167, 960
44, 782
44, 804
44, 999
634, 999
703, 960
96, 703
53, 96
703, 852
741, 852
703, 828
828, 979
568, 828
44, 416
669, 693
96, 274
274, 554
142, 554
142, 739
142, 856
511, 856
494, 554
494, 932
615, 932
46, 615
46, 522
260, 615
53, 443
733, 782
146, 443
146, 679
123, 615
123, 778
372, 778
741, 985
353, 941
353, 955
680, 955
463, 680
463, 889
139, 889
557, 680
173, 680
6, 557
332, 955
332, 485
239, 332
173, 972
148, 972
225, 955
224, 225
224, 417
225, 843
789, 889
183, 789
686, 789
493, 686
35, 493
148, 910
499, 754
625, 789
573, 625
573, 648
320, 379
320, 570
520, 693
615, 997
140, 997
379, 646
491, 852
426, 568
426, 572
572, 783
78, 572
36, 78
73, 812
101, 972
101, 369
15, 369
187, 369
187, 473
187, 818
311, 887
311, 877
311, 394
394, 510
281, 510
281, 827
350, 955
279, 999
274, 371
31, 371
144, 887
144, 421
421, 869
421, 608
17, 225
17, 382
382, 566
382, 806
553, 566
748, 979
748, 920
531, 748
655, 920
551, 655
627, 655
531, 721
26, 721
26, 247
164, 979
164, 180
164, 462
462, 996
842, 996
330, 996
842, 954
164, 500
420, 500
420, 727
727, 915
207, 915
207, 966
589, 966
589, 805
227, 966
589, 858
750, 805
462, 978
176, 227
595, 727
253, 842
827, 872
787, 872
309, 787
280, 309
79, 280
280, 731
280, 984
246, 984
406, 984
6, 758
471, 758
192, 471
546, 758
238, 758
238, 926
926, 993
150, 238
528, 731
173, 807
425, 807
425, 578
578, 878
341, 878
154, 578
222, 425
222, 837
722, 837
722, 888
423, 888
412, 888
722, 744
611, 744
611, 802
412, 675
675, 944
334, 744
334, 605
334, 683
404, 683
401, 683
401, 749
82, 401
82, 987
240, 987
221, 240
240, 569
93, 569
401, 444
444, 831
310, 831
324, 334
296, 324
324, 579
455, 579
455, 759
446, 759
229, 446
737, 802
248, 737
248, 354
310, 903
613, 749
449, 578
49, 737
446, 788
725, 755
240, 521
158, 521
377, 521
354, 876
243, 876
769, 872
354, 832
27, 832
716, 832
67, 292
213, 292
171, 213
127, 171
127, 422
213, 841
524, 841
656, 841
479, 656
524, 699
769, 998
494, 527
443, 862
586, 862
239, 427
140, 526
11, 185
11, 585
11, 658
146, 359
289, 359
289, 632
608, 913
335, 987
335, 450
491, 964
300, 964
757, 903
554, 850
71, 850
45, 850
55, 71
476, 850
202, 476
71, 115
115, 728
160, 728
160, 326
326, 358
174, 910
238, 768
870, 954
64, 870
64, 179
147, 179
135, 147
147, 208
112, 208
112, 945
34, 828
34, 956
305, 956
305, 929
34, 638
662, 956
223, 248
209, 478
209, 908
209, 264
176, 961
528, 948
927, 948
168, 927
168, 419
357, 419
419, 587
10, 587
10, 313
149, 313
465, 587
160, 241
8, 944
137, 910
326, 533
911, 964
672, 911
672, 745
745, 963
235, 745
644, 963
16, 745
80, 672
16, 600
394, 868
144, 365
365, 542
542, 951
657, 731
359, 458
458, 663
150, 930
583, 828
426, 860
92, 284
92, 599
217, 599
217, 232
232, 283
18, 92
92, 405
12, 405
12, 906
12, 970
685, 906
855, 906
855, 891
405, 700
682, 700
12, 543
242, 725
315, 862
130, 315
418, 950
193, 240
193, 448
448, 882
429, 448
472, 669
423, 711
695, 711
652, 711
612, 695
344, 612
422, 457
457, 899
457, 779
162, 779
162, 798
255, 798
129, 255
317, 341
751, 843
360, 444
365, 564
564, 616
564, 674
674, 863
47, 674
47, 670
47, 220
564, 907
220, 346
525, 782
525, 909
88, 739
140, 410
288, 733
288, 496
218, 288
160, 839
487, 839
221, 689
689, 801
387, 689
264, 723
86, 587
28, 721
208, 822
58, 570
338, 869
338, 942
835, 942
110, 835
110, 704
695, 977
318, 455
218, 461
259, 461
259, 409
259, 504
297, 330
297, 885
772, 885
541, 839
519, 541
451, 519
451, 742
451, 654
257, 451
295, 541
389, 742
389, 645
645, 851
388, 851
388, 606
606, 971
374, 606
322, 742
328, 654
51, 328
51, 91
91, 287
72, 287
51, 544
544, 830
660, 830
660, 866
250, 660
194, 250
355, 660
355, 865
151, 250
272, 519
272, 327
60, 327
60, 403
60, 592
60, 143
327, 530
191, 530
191, 847
170, 191
327, 965
237, 965
159, 965
159, 438
438, 442
159, 713
666, 713
713, 774
159, 736
516, 736
736, 790
516, 923
469, 923
713, 890
516, 809
746, 809
392, 809
319, 469
51, 98
98, 373
382, 766
298, 766
263, 298
298, 834
63, 834
298, 302
126, 302
834, 919
539, 919
539, 707
525, 780
94, 780
94, 178
232, 792
192, 343
576, 950
580, 737
45, 433
433, 770
428, 770
428, 799
17, 157
157, 735
325, 783
305, 688
688, 946
76, 946
565, 688
2, 565
565, 671
4, 76
76, 886
50, 886
4, 356
76, 902
431, 902
54, 356
54, 916
431, 665
665, 896
623, 896
265, 623
225, 824
295, 467
19, 135
82, 275
273, 275
273, 621
621, 871
607, 871
528, 854
41, 854
41, 407
407, 990
561, 990
291, 478
291, 398
188, 291
188, 299
299, 337
299, 386
180, 726
393, 972
177, 923
177, 249
426, 701
70, 326
844, 955
840, 844
695, 881
770, 921
914, 921
430, 818
430, 591
59, 657
781, 942
781, 893
187, 548
254, 548
269, 548
191, 316
701, 705
705, 918
119, 918
119, 560
346, 618
29, 618
74, 949
313, 710
121, 710
116, 569
232, 924
601, 924
201, 522
201, 234
234, 901
708, 901
512, 708
512, 637
637, 793
488, 793
57, 793
488, 647
163, 250
33, 462
33, 48
48, 690
48, 867
33, 276
48, 145
95, 867
86, 925
919, 931
99, 101
588, 707
81, 588
81, 991
81, 508
83, 508
397, 991
397, 740
575, 740
470, 740
640, 740
83, 84
154, 853
218, 475
502, 896
293, 455
203, 293
203, 825
293, 489
25, 301
408, 423
408, 517
408, 411
408, 795
517, 602
46, 714
238, 441
294, 441
495, 671
4, 436
436, 597
597, 975
355, 684
181, 684
181, 390
262, 390
390, 976
622, 976
1, 526
313, 414
155, 235
212, 399
419, 677
628, 901
140, 898
198, 898
198, 631
676, 898
614, 898
631, 904
514, 904
514, 559
559, 698
698, 763
65, 698
65, 939
935, 939
141, 888
462, 829
102, 309
102, 838
189, 423
341, 833
384, 833
331, 833
537, 851
513, 711
131, 513
306, 337
77, 306
763, 968
660, 738
319, 415
415, 577
322, 604
604, 959
313, 650
714, 794
813, 870
554, 603
676, 900
492, 703
38, 863
362, 748
362, 590
312, 362
347, 590
347, 532
347, 482
347, 506
194, 636
667, 878
230, 667
117, 667
117, 454
113, 117
667, 864
709, 864
609, 709
229, 261
724, 936
91, 364
361, 377
307, 968
409, 624
624, 845
624, 811
819, 845
90, 811
90, 440
130, 376
545, 768
391, 545
460, 709
460, 581
329, 582
323, 329
548, 796
796, 940
526, 673
59, 719
189, 922
424, 922
380, 424
5, 424
655, 821
78, 498
161, 807
774, 958
252, 394
122, 720
122, 175
122, 982
30, 982
30, 773
456, 564
22, 656
68, 745
68, 555
52, 341
52, 681
85, 976
85, 190
652, 861
214, 930
136, 313
75, 855
75, 775
623, 937
107, 145
66, 978
66, 196
66, 538
538, 800
480, 800
336, 928
198, 395
182, 395
62, 478
62, 765
389, 917
597, 857
375, 857
412, 712
505, 712
117, 523
282, 523
589, 967
894, 967
125, 967
321, 967
201, 349
206, 422
93, 753
383, 943
572, 653
228, 370
228, 651
40, 606
75, 620
278, 649
278, 368
191, 197
197, 535
197, 661
304, 661
304, 596
340, 596
303, 596
231, 596
231, 706
231, 836
55, 718
156, 718
693, 875
547, 830
547, 743
211, 743
271, 999
271, 342
342, 556
556, 826
428, 973
783, 808
459, 808
219, 542
687, 710
360, 366
100, 575
72, 413
215, 665
535, 639
894, 952
616, 633
153, 633
820, 928
270, 820
270, 285
454, 962
134, 152
552, 725
536, 552
402, 536
290, 402
402, 659
290, 957
659, 953
200, 536
200, 345
610, 953
400, 610
339, 400
9, 158
490, 997
490, 642
267, 720
841, 849
21, 145
503, 943
495, 696
540, 637
283, 629
56, 547
517, 762
135, 734
268, 372
727, 992
138, 992
138, 363
363, 664
567, 649
3, 296
545, 678
220, 518
266, 518
69, 266
617, 733
515, 617
378, 815
39, 365
194, 767
14, 207
14, 619
310, 884
179, 938
258, 840
429, 810
378, 437
185, 776
83, 859
481, 859
428, 507
432, 621
57, 534
195, 934
447, 934
447, 974
730, 903
435, 437
169, 435
671, 697
593, 697
24, 478
905, 999
198, 760
760, 873
385, 491
162, 563
550, 647
22, 729
166, 665
263, 484
498, 584
755, 947
97, 699
97, 764
97, 797
337, 771
32, 771
16, 251
50, 439
106, 419
722, 848
679, 879
320, 814
574, 814
366, 816
199, 772
234, 464
111, 191
23, 191
827, 880
742, 980
466, 980
466, 883
702, 899
352, 789
43, 352
823, 829
120, 400
245, 890
445, 776
380, 897
805, 895
233, 895
114, 738
61, 454
530, 732
118, 211
119, 969
108, 435
13, 108
42, 45
645, 995
178, 452
261, 761
154, 571
246, 989
497, 500
558, 883
777, 954
226, 763
468, 918
514, 715
125, 786
7, 10
104, 786
204, 949
161, 747
171, 817
20, 635
52, 874
314, 941
887, 983
784, 834
691, 784
547, 846
328, 598
694, 817
164, 210
216, 330
522, 981
172, 310
74, 133
205, 745
717, 926
314, 641
234, 367
291, 549
351, 411
782, 986
348, 745
