151.000000
0, 49
1, 49
34, 49
41, 49
42, 49
49, 57
49, 72
49, 77
49, 101
39, 42
42, 56
42, 58
42, 80
42, 82
42, 86
39, 123
12, 56
14, 56
42, 89
42, 98
40, 56
43, 56
44, 56
51, 56
42, 100
52, 56
53, 56
49, 111
56, 63
56, 64
15, 52
16, 52
20, 52
25, 52
35, 52
52, 70
52, 102
52, 108
52, 116
23, 53
24, 53
27, 53
29, 53
32, 53
53, 55
53, 60
53, 81
53, 84
53, 90
53, 97
53, 103
53, 106
53, 114
53, 122
56, 68
56, 69
56, 74
56, 78
45, 111
47, 111
48, 111
74, 107
74, 109
13, 78
21, 78
31, 78
54, 78
59, 78
62, 78
73, 78
75, 78
78, 83
78, 99
78, 104
78, 105
2, 45
7, 45
19, 45
28, 45
30, 45
45, 65
45, 66
45, 67
45, 91
45, 92
45, 120
47, 88
47, 94
4, 48
36, 48
48, 76
48, 85
6, 107
10, 107
17, 107
46, 107
61, 107
87, 107
11, 109
71, 109
13, 50
13, 93
13, 95
8, 57
54, 79
54, 117
33, 63
59, 96
59, 110
18, 58
22, 73
37, 123
9, 12
5, 49
38, 49
83, 113
49, 112
59, 119
3, 49
26, 49
49, 118
54, 115
64, 121
