1.366384
0, 2388
0, 1939
0, 2536
679, 1939
679, 2583
679, 1134
679, 1855
482, 1855
1682, 2583
920, 1682
920, 1642
1034, 1682
1034, 1288
1288, 1574
410, 1574
1288, 2696
35, 2696
35, 2863
1574, 1922
210, 1922
210, 2450
2450, 2851
122, 2851
122, 2229
921, 1682
921, 2131
1010, 2131
185, 920
185, 1581
185, 1588
185, 1170
185, 386
386, 2436
386, 2107
2107, 2531
1133, 2107
1133, 2927
2914, 2927
1904, 2914
2319, 2914
1368, 2319
760, 2319
1420, 2914
1420, 2021
1856, 2021
2021, 2977
379, 1856
379, 2164
379, 515
991, 1856
1197, 2977
215, 2164
215, 2145
1063, 2977
515, 1423
1709, 2977
1440, 2164
1904, 2058
1378, 1420
1378, 2902
1378, 1982
1214, 1982
1214, 2451
341, 1378
341, 440
440, 1613
2732, 2902
1474, 1613
1051, 1982
215, 1546
1546, 2628
564, 2164
564, 2146
2146, 2288
1434, 2146
1565, 2288
1565, 2872
1529, 2872
2842, 2872
1529, 1597
2667, 2842
1576, 2667
1991, 2667
1991, 2713
716, 2667
1189, 2713
630, 1189
1189, 1614
630, 2818
753, 1565
1585, 2667
1585, 1794
875, 2667
875, 1393
1393, 1509
893, 1509
515, 2939
314, 2939
314, 1605
2171, 2939
2171, 2937
1615, 2939
929, 1615
929, 941
941, 2468
2171, 2590
2160, 2590
734, 2667
734, 1708
2298, 2590
2298, 2703
1597, 2294
7, 2294
7, 2542
706, 2542
255, 2542
706, 1928
1928, 2467
1665, 2467
1928, 2762
2243, 2762
1199, 1928
1928, 2688
947, 2542
507, 947
190, 947
1665, 1918
452, 1918
452, 1977
452, 1119
1119, 1260
1260, 2489
1977, 2065
170, 1214
1500, 1613
73, 1500
37, 73
37, 1041
933, 1041
37, 2026
917, 2026
1041, 2684
471, 1041
612, 1041
2026, 2795
1452, 1500
312, 933
312, 2921
78, 2921
1929, 2026
10, 185
215, 2020
706, 1695
760, 2588
1634, 2667
631, 1214
41, 631
2298, 2478
648, 2478
644, 648
2081, 2478
644, 1745
1550, 2081
179, 2081
1044, 2081
179, 2300
1005, 2300
1005, 1711
1711, 2640
719, 2640
979, 2081
544, 979
544, 2441
358, 2441
41, 2031
2031, 2182
1605, 1931
1828, 1931
1828, 2847
773, 2847
2847, 2923
992, 2923
992, 2255
992, 1331
1749, 2255
123, 1749
58, 1931
58, 345
345, 1657
887, 1657
776, 1657
887, 1313
1313, 2412
1483, 1657
306, 1483
977, 1313
1483, 2541
1611, 2541
627, 1611
1600, 2412
20, 1600
20, 211
627, 2113
1230, 2113
1015, 1230
1015, 1415
1657, 1885
1015, 2612
1872, 2612
756, 1872
1039, 1872
309, 1039
309, 2643
2643, 2757
1347, 2643
1347, 1835
98, 1347
992, 2290
2684, 2819
962, 2819
962, 1202
962, 1511
1411, 1511
1411, 1961
1556, 1961
1159, 1961
1159, 1209
720, 1209
720, 1484
900, 1209
720, 2011
396, 2011
221, 1556
243, 2011
992, 2638
1818, 2638
1155, 1818
740, 1155
93, 1155
93, 890
890, 1478
1478, 2572
1301, 2572
93, 730
730, 2700
730, 2423
1780, 2423
2423, 2496
120, 2496
65, 2700
1132, 1478
381, 1132
993, 2496
93, 586
586, 2493
770, 2493
770, 1188
969, 1188
46, 969
1188, 1508
606, 1508
606, 699
606, 1364
606, 2711
606, 1022
1364, 1523
1523, 1575
1575, 2194
2194, 2341
1575, 2943
2033, 2493
282, 2033
282, 2809
1758, 2809
1899, 2809
1070, 1899
384, 1070
282, 1733
1733, 2197
1248, 2197
2025, 2033
606, 651
511, 651
511, 1868
759, 1868
759, 1223
588, 2025
2025, 2446
1897, 2446
110, 2446
1620, 1899
1276, 1620
1276, 1641
5, 759
5, 2070
5, 2995
5, 973
973, 2989
426, 2989
1152, 2989
1062, 2989
1952, 2298
1952, 2268
188, 379
188, 2309
1770, 2309
1770, 2376
568, 1770
188, 847
568, 582
582, 2799
1604, 2799
487, 1604
487, 2262
874, 2262
63, 874
2751, 2799
881, 2751
192, 881
192, 2894
861, 2751
192, 866
866, 1239
97, 866
79, 866
79, 263
97, 2314
290, 2314
53, 290
53, 513
53, 272
272, 1064
272, 998
290, 2627
2492, 2627
2265, 2492
2069, 2492
53, 1487
290, 2527
291, 2265
998, 2534
2316, 2534
747, 2316
1591, 2316
504, 1591
1591, 2150
1060, 1591
504, 1889
97, 431
431, 693
1889, 2464
2464, 2970
1130, 2970
1036, 1130
1465, 2150
2221, 2262
998, 1829
431, 1086
1591, 2472
1910, 2025
1910, 2108
488, 2108
488, 1593
251, 488
488, 2307
76, 2307
1679, 2307
359, 1679
1480, 1679
863, 1679
1283, 1480
103, 1679
488, 967
501, 863
501, 2727
276, 2727
276, 2274
153, 2727
1088, 2274
276, 2749
2749, 2874
745, 2749
1088, 1286
2042, 2727
2042, 2906
938, 2906
2482, 2749
76, 1960
1777, 1960
1750, 1960
1750, 2147
459, 2147
694, 1777
694, 2357
459, 1436
237, 1436
459, 2001
2001, 2649
70, 2649
70, 2471
2325, 2649
860, 2325
70, 1204
860, 1554
1328, 1554
2201, 2649
1645, 2201
912, 2201
912, 1883
912, 2313
1554, 2380
1267, 2201
788, 1645
1355, 1883
1355, 1383
832, 2001
1328, 2545
1883, 2486
269, 2486
269, 2797
2362, 2797
694, 2076
620, 912
2357, 2673
2487, 2673
333, 2673
333, 2271
754, 2673
2357, 2954
1006, 2954
1561, 2954
238, 1561
238, 1630
2524, 2954
350, 2524
455, 2362
240, 2313
240, 2061
1578, 2487
366, 1578
1291, 1578
1091, 1291
1091, 1282
1291, 2558
2334, 2558
480, 2558
480, 516
745, 964
964, 2104
1067, 2104
368, 1067
486, 1067
368, 2756
2259, 2756
1096, 2259
1096, 2485
1686, 2485
368, 844
639, 1096
639, 1442
18, 639
18, 1925
368, 1011
1011, 2188
2188, 2355
1738, 2355
133, 1738
954, 1738
1069, 1738
1653, 2355
558, 1069
1417, 2188
1417, 2801
133, 1109
280, 954
1096, 2105
1191, 2105
1191, 1567
541, 1567
1464, 2105
1464, 2635
1299, 1464
1299, 2725
2034, 2725
855, 2725
246, 855
246, 2124
2635, 2933
1551, 1567
1551, 2192
407, 2192
1599, 2192
127, 1599
1675, 2635
739, 1686
739, 2724
703, 739
139, 2105
139, 539
1656, 2649
660, 1656
1656, 2227
2139, 2725
1011, 1396
2001, 2680
1317, 2680
1317, 2228
1317, 1772
474, 2228
474, 2665
1772, 2586
1061, 2586
1278, 2586
1278, 1521
1521, 2127
1521, 1902
1534, 2228
1534, 2783
1552, 2586
1534, 2812
573, 1317
205, 573
1383, 1724
1724, 2929
979, 1321
1321, 1932
1370, 1932
1321, 2136
173, 1932
173, 1786
477, 1786
477, 2573
477, 2540
1778, 2540
2154, 2573
477, 1908
173, 244
2540, 2912
477, 1192
528, 1192
1097, 1192
1097, 2414
1097, 2308
1718, 2540
1020, 1718
552, 1020
517, 1020
1144, 1718
1093, 1144
457, 1370
457, 2419
1908, 2587
1623, 2587
40, 2540
1020, 1968
77, 2471
77, 2093
1066, 2093
857, 1066
997, 1066
77, 531
531, 1860
531, 1497
453, 1497
453, 2834
468, 2834
468, 1100
767, 1100
1860, 1870
767, 1809
298, 1809
531, 2135
767, 2901
1809, 1920
2093, 2730
849, 2730
430, 767
430, 2219
531, 2400
767, 1407
339, 2219
62, 339
298, 1672
810, 1672
810, 1293
207, 1293
207, 2892
2029, 2892
2029, 2975
376, 2029
690, 2093
857, 1974
1082, 1974
1367, 1974
638, 1974
638, 749
1082, 2323
1974, 2237
749, 1259
725, 1259
725, 864
642, 864
8, 1259
1264, 2237
1140, 1264
1140, 1418
1140, 1243
315, 1418
1418, 2458
781, 2458
2266, 2458
2266, 2877
1040, 2266
1040, 2704
2121, 2704
1243, 2395
1054, 1974
398, 642
398, 2420
2095, 2420
2095, 2888
2215, 2266
1054, 1193
946, 1193
946, 1435
711, 1435
797, 2237
771, 797
797, 2056
797, 1727
1193, 2225
1761, 2225
1761, 2537
2225, 2758
2510, 2537
2510, 2887
398, 1886
1886, 2125
2125, 2138
540, 2138
1672, 2277
88, 2277
1429, 2537
1190, 1429
1731, 2888
1037, 1731
1731, 2066
2066, 2721
2576, 2721
543, 2066
1916, 2721
409, 2576
409, 2016
372, 2016
269, 351
351, 1661
1661, 1664
711, 1504
1385, 1504
273, 1385
273, 1776
1776, 2336
1769, 2336
1357, 1675
1509, 2848
225, 2848
77, 2346
240, 792
2973, 2977
2572, 2616
2027, 2616
2027, 2257
1727, 2679
2291, 2679
1297, 2291
2291, 2606
1297, 2984
199, 2984
199, 1515
1313, 1971
1611, 2370
1733, 2289
522, 2289
360, 522
522, 2199
360, 1353
522, 1249
522, 2326
1353, 2746
2746, 2862
2551, 2862
1917, 2862
1164, 2289
774, 1868
672, 774
288, 774
288, 318
318, 935
288, 904
699, 2963
641, 2963
12, 641
12, 1059
641, 2518
440, 1030
1315, 1961
1315, 1583
1289, 2029
223, 1289
223, 2459
1289, 1450
2281, 2459
601, 2281
1177, 1450
1102, 1177
587, 2459
305, 587
587, 1943
700, 1943
587, 674
305, 2097
2097, 2473
305, 2689
990, 2689
1384, 2689
1384, 2398
1493, 1943
700, 925
925, 2871
445, 2871
445, 1875
1875, 2049
1875, 2720
1753, 2871
1753, 2592
2409, 2592
1850, 2409
1532, 2049
1532, 1867
1394, 1532
142, 1867
142, 2407
922, 2398
922, 2706
956, 2706
956, 1029
956, 1042
570, 2706
922, 1693
2185, 2706
2185, 2782
2185, 2509
260, 2509
260, 2789
392, 2789
956, 1999
1999, 2305
1999, 2048
1999, 2202
796, 1029
796, 2252
1867, 1901
1901, 2608
1433, 2608
1433, 1694
7, 2356
867, 2356
531, 717
717, 786
745, 2642
132, 2642
73, 448
797, 1555
170, 1647
629, 1647
629, 2895
629, 1186
777, 1186
629, 2086
1284, 2086
233, 1284
233, 708
125, 708
125, 2206
233, 424
629, 1210
2714, 2895
1186, 1887
1002, 1887
175, 1002
1002, 1395
1395, 1894
1894, 2295
822, 2295
714, 822
714, 2083
714, 1841
1841, 2609
1562, 1841
234, 424
234, 2222
1530, 2222
654, 1530
1530, 2623
1946, 2623
714, 2053
1732, 2053
1732, 2997
499, 2997
60, 2997
2083, 2647
559, 2647
234, 2425
1175, 1562
427, 1175
427, 463
361, 463
499, 1879
1696, 1879
1696, 2512
131, 2512
131, 2251
131, 1448
1448, 2875
131, 1310
213, 2875
213, 1823
131, 1725
178, 1879
178, 411
465, 797
588, 1854
1854, 2286
1854, 2068
1654, 1854
2068, 2130
2130, 2173
183, 2173
183, 462
2130, 2988
2599, 2988
183, 382
382, 1108
481, 1108
1973, 2173
476, 2286
1854, 2767
180, 2068
101, 180
101, 940
1973, 2605
476, 1138
1854, 2636
2269, 2286
2392, 2636
432, 1872
982, 1908
982, 1258
1258, 1638
505, 1638
1638, 2624
505, 937
2293, 2624
1537, 2624
937, 1609
1609, 1774
1609, 2569
1155, 2349
1598, 2459
1598, 2960
124, 381
538, 2482
1061, 1226
1226, 1287
2587, 2793
885, 1664
1959, 2300
991, 2591
802, 2591
146, 802
146, 2481
2241, 2481
170, 200
1615, 2565
305, 852
1649, 2105
125, 2019
1885, 2212
1771, 2212
1128, 1771
429, 1128
533, 1128
429, 1318
156, 1128
156, 801
101, 605
605, 1728
1083, 1598
1083, 2677
1462, 2809
1462, 2547
1502, 2420
1502, 2079
1502, 2381
1154, 2362
486, 655
655, 1979
1979, 2694
2345, 2694
2140, 2345
1480, 2051
128, 2212
268, 964
145, 268
145, 1443
678, 890
1067, 1161
774, 2870
2870, 2907
400, 2907
611, 2933
611, 1256
1842, 2381
110, 1632
1246, 1632
1246, 2205
331, 2205
331, 1391
523, 1391
1632, 2925
894, 1246
532, 1632
815, 2298
293, 815
293, 2318
1715, 2323
904, 2184
1663, 2184
2110, 2160
1967, 2110
1225, 2110
1362, 1967
1362, 2961
1479, 2961
447, 540
199, 2270
404, 2270
404, 2866
358, 1503
19, 1503
1503, 2544
1935, 2544
1842, 1858
1250, 1858
1250, 1390
1390, 1947
1087, 1947
193, 1250
955, 1250
955, 2364
955, 2103
712, 2103
524, 712
42, 2364
712, 1446
404, 2631
338, 2631
338, 1379
1379, 1706
1379, 1517
1678, 2631
1678, 2651
1344, 2651
1155, 2148
1404, 1575
1404, 2163
2237, 2455
383, 2455
82, 383
82, 2632
1349, 2632
1095, 2632
988, 1349
981, 988
214, 981
136, 981
594, 1258
594, 2276
594, 1873
2085, 2276
2412, 2596
1421, 2596
538, 2947
862, 2947
2483, 2947
2328, 2947
144, 2328
144, 1111
1111, 1884
1111, 2207
1884, 1957
2172, 2328
2172, 2389
814, 2389
1836, 2389
247, 1836
247, 500
500, 1958
1958, 2522
500, 2297
1085, 2297
673, 1836
673, 1652
340, 1652
1652, 2917
2579, 2917
1455, 1652
340, 2654
2654, 2777
1803, 2777
144, 1146
1978, 2389
1079, 1978
419, 1079
1978, 2393
1163, 2393
419, 1877
1877, 2648
1232, 2648
1387, 1978
2285, 2917
1205, 2579
313, 1205
1790, 1978
1399, 2328
494, 814
494, 2676
1251, 2676
2010, 2676
1327, 2328
149, 1327
149, 2998
1996, 2998
22, 1996
22, 1816
782, 1816
782, 1183
1183, 1621
2285, 2403
1822, 2403
775, 1822
1838, 2207
953, 2389
963, 1183
963, 1333
963, 2855
963, 2100
618, 2855
618, 2394
2394, 2990
618, 2582
838, 2582
838, 1989
1533, 1989
2328, 2567
2240, 2567
2165, 2888
134, 2703
1173, 1204
1173, 2897
1543, 2897
119, 1543
1052, 2897
119, 616
119, 2615
1052, 2645
164, 2677
354, 1173
1021, 2906
1724, 2719
1517, 2611
1490, 2611
1494, 2611
447, 2940
1073, 2940
340, 1397
519, 1397
1169, 2725
350, 1680
2643, 2763
1932, 2208
248, 2208
248, 1358
1358, 1431
1306, 1431
248, 1447
1306, 1456
248, 2690
286, 1447
286, 880
316, 880
316, 2833
1667, 2833
865, 1667
2833, 2931
446, 865
625, 2833
625, 1296
1296, 1670
1670, 2515
1003, 1296
548, 1003
446, 1535
548, 806
1943, 2832
1225, 2552
1223, 2764
2299, 2679
185, 2881
2755, 2881
1102, 1342
1534, 2955
760, 2273
1251, 1292
489, 2567
489, 1859
1733, 1846
1960, 2195
365, 2195
2195, 2823
670, 2195
1573, 2195
1573, 1595
1013, 1573
610, 1573
415, 1013
415, 2935
2935, 2941
1824, 2935
662, 1824
662, 1176
1176, 2499
1176, 2830
1601, 2830
34, 1601
34, 613
1601, 2864
2778, 2864
27, 2778
576, 613
830, 2830
613, 1837
744, 1837
565, 744
565, 2810
680, 2810
971, 1837
613, 1454
1005, 1785
907, 1785
848, 907
697, 907
257, 697
257, 2256
257, 1314
848, 2942
2528, 2942
1198, 2256
907, 2884
1651, 1931
1294, 1651
371, 1294
371, 1789
1540, 1651
1540, 1622
1257, 1540
1540, 2223
656, 1789
1587, 1651
1587, 1849
624, 1849
1468, 1849
201, 1849
201, 2560
2315, 2560
1224, 2315
1373, 1468
1337, 1789
202, 1337
202, 664
216, 1337
202, 2449
2141, 2449
226, 2141
226, 878
227, 2449
910, 2449
910, 2633
2278, 2633
80, 1373
80, 1830
980, 1210
807, 2021
556, 807
237, 1107
741, 1107
741, 2772
2032, 2772
17, 2032
1615, 2236
56, 2236
2338, 2963
1645, 2774
707, 2774
1626, 2774
836, 1626
876, 1626
876, 1028
1136, 1626
2555, 2774
876, 1495
649, 1495
649, 2142
2142, 2739
1351, 2142
1698, 2142
1351, 1536
868, 1351
2563, 2739
2563, 2878
2876, 2878
1513, 2876
2656, 2876
1513, 2375
821, 2656
927, 1513
927, 1799
1924, 2878
718, 2876
718, 2517
2454, 2876
876, 2280
1557, 1924
1098, 1557
1386, 1557
1018, 1557
1098, 2030
1077, 1626
2097, 2765
111, 2765
2097, 2669
1219, 2669
399, 1186
399, 1940
399, 1024
1024, 2128
203, 1940
2128, 2909
399, 870
870, 1970
1970, 2991
230, 925
117, 2471
1697, 2567
1697, 2856
1697, 1726
783, 1726
537, 1726
2702, 2942
2344, 2702
2322, 2344
461, 2322
2220, 2322
1559, 2220
2344, 2821
344, 461
1250, 2304
897, 1828
704, 897
1183, 2619
2403, 2867
288, 1811
2480, 2579
357, 2480
276, 2267
1782, 2267
11, 2267
11, 2248
1117, 1782
1782, 2122
2122, 2570
994, 2122
994, 2327
2092, 2122
1268, 1782
1268, 1796
1320, 2092
1320, 1402
1402, 2120
1402, 1986
1381, 1986
1933, 1986
386, 2461
2461, 2494
69, 2025
151, 660
151, 343
2146, 2926
1111, 1831
1831, 2790
1639, 2790
1831, 2249
2246, 2249
1831, 2916
1604, 2683
1954, 2990
829, 1954
829, 2417
2244, 2417
8, 1231
283, 2244
283, 1843
1600, 1793
1094, 1793
499, 1938
465, 2302
1820, 2302
139, 590
2, 590
2186, 2645
1717, 2186
84, 1717
744, 2088
2088, 2098
1012, 2098
90, 2001
90, 2350
1983, 2350
1983, 2769
1983, 2448
1458, 2769
90, 2089
2089, 2844
1021, 2836
624, 769
1383, 2846
1491, 2846
985, 1491
1491, 2401
790, 2401
659, 790
790, 1449
785, 1449
420, 790
420, 2351
218, 2351
1915, 2846
1876, 2278
1876, 2437
4, 2437
4, 766
4, 224
224, 1425
811, 1425
1045, 1425
1045, 1702
1246, 1568
492, 1568
1568, 1893
1432, 1893
1964, 2256
1964, 2559
472, 1964
561, 2395
561, 2005
683, 1961
2127, 2981
281, 624
1121, 2527
803, 1189
299, 803
45, 803
45, 1126
1126, 2839
45, 819
819, 2177
45, 1951
803, 2218
622, 2218
72, 622
1222, 2218
819, 2465
2465, 2811
2371, 2465
45, 2911
2137, 2911
68, 2911
2137, 2695
1627, 2137
328, 2695
328, 914
914, 2650
72, 1704
1681, 1704
159, 1681
159, 2890
2434, 2890
689, 1704
689, 1339
1339, 1340
295, 1340
1340, 2167
2167, 2945
187, 2945
187, 1104
1104, 1207
1207, 2198
827, 2414
1755, 2961
1755, 2553
896, 2553
708, 818
435, 1587
1820, 2329
261, 2329
261, 2546
580, 2546
261, 2453
1341, 2877
544, 2837
1275, 2638
446, 1687
1687, 2729
2153, 2729
555, 2153
442, 2729
259, 1391
1504, 1566
1356, 1566
36, 1356
1297, 2959
886, 2150
886, 2224
886, 2183
417, 2224
886, 1806
547, 1806
583, 2224
2190, 2471
1909, 2190
1909, 2170
479, 2170
479, 2813
2039, 2446
949, 2636
949, 2429
657, 2429
460, 1652
606, 1751
1429, 2532
1067, 1227
572, 1761
572, 926
572, 846
846, 2118
926, 2697
602, 846
2309, 2427
118, 2427
118, 1145
1145, 2054
479, 853
953, 2511
2511, 2967
2964, 2967
1926, 2511
1211, 1926
1765, 2959
1412, 1765
944, 1412
578, 1765
330, 1412
536, 2467
536, 2366
1636, 1811
1636, 1791
590, 2962
321, 2962
271, 2962
321, 1167
1167, 1602
1160, 2202
1160, 1437
1372, 1437
1524, 1893
1524, 1812
1524, 2059
743, 2059
743, 2718
1484, 2502
2363, 2502
2502, 2581
2363, 2868
1570, 2868
2854, 2868
2490, 2854
1334, 2490
1212, 2490
184, 1212
184, 721
184, 757
721, 2247
1754, 2581
576, 2858
1984, 2858
162, 1425
759, 780
780, 1684
1253, 1684
2056, 2671
1264, 2463
2086, 2175
1701, 2175
1255, 2351
873, 1255
1417, 1713
1343, 2970
1343, 2497
51, 818
1744, 2048
380, 920
731, 1193
866, 1473
1071, 1473
858, 1071
272, 2007
1274, 2007
665, 2007
1109, 2670
456, 2927
348, 2977
348, 574
287, 574
196, 348
196, 2775
2550, 2775
2386, 2550
2413, 2775
1165, 2775
828, 1165
828, 1538
169, 2139
1348, 1390
1348, 1608
636, 1348
636, 1375
851, 1348
765, 851
765, 2133
765, 970
1272, 2133
1272, 2584
1528, 1608
1528, 2843
636, 2780
160, 1348
160, 1519
1428, 1519
160, 2629
292, 2629
1272, 2189
267, 1860
267, 1147
1147, 2397
1650, 2068
1849, 2234
1637, 2234
1463, 2227
958, 1227
468, 1461
514, 2206
1464, 1692
347, 2823
741, 2822
1404, 2217
1289, 2012
557, 2846
557, 692
1619, 2327
1064, 1300
1300, 1833
449, 1833
1833, 2658
449, 2776
421, 2776
6, 421
538, 1233
1233, 1677
1106, 2394
199, 2953
247, 2317
344, 787
593, 787
787, 2792
593, 1392
591, 2175
1261, 2276
892, 2393
841, 892
737, 2467
284, 737
284, 2445
1354, 2445
28, 737
847, 1158
663, 1158
663, 789
789, 1252
1185, 1252
71, 1418
1231, 2028
546, 1873
323, 546
323, 1295
1266, 1295
1263, 2065
1320, 2479
65, 1118
1118, 2094
37, 385
385, 2910
2457, 2910
385, 2666
441, 2666
441, 1143
1380, 2441
13, 1380
15, 1380
96, 1973
309, 1182
755, 1182
755, 1498
1109, 2431
1900, 2431
1547, 1900
1900, 2503
326, 2503
26, 326
1547, 1660
1660, 1797
186, 977
186, 2768
2470, 2768
709, 1546
709, 2603
1027, 1295
1125, 1286
550, 2998
550, 2013
2013, 2557
2013, 2258
161, 2258
161, 1674
2013, 2698
161, 1710
930, 2013
1993, 2013
1993, 2090
2539, 2557
909, 2539
2384, 2539
1579, 2384
2384, 2614
2374, 2614
2129, 2539
550, 1688
2096, 2698
575, 1579
612, 1669
662, 675
675, 1787
1787, 1804
332, 2877
332, 761
812, 1694
812, 2533
139, 1195
1390, 2078
1736, 2078
270, 876
270, 2675
86, 2675
86, 2476
1103, 2429
383, 825
825, 1531
1308, 1531
378, 1308
378, 2807
902, 2807
902, 2919
902, 1759
1531, 2564
1398, 2919
581, 1398
563, 1398
563, 2622
837, 2622
581, 1307
567, 1307
879, 1307
879, 2850
2256, 2348
2287, 2348
1553, 2287
957, 2348
957, 1730
1342, 2332
1142, 2332
310, 2332
310, 406
55, 406
595, 1142
600, 1918
1356, 2661
1391, 1764
1533, 2715
2352, 2715
1851, 2715
1216, 1851
831, 1851
918, 1851
918, 1869
1014, 1869
38, 2352
1851, 2330
1541, 1940
377, 2197
377, 961
961, 2630
377, 2626
518, 2256
1057, 1164
931, 1946
1317, 1388
745, 1075
1896, 2165
434, 1896
623, 1595
623, 1878
1878, 2046
2318, 2507
2507, 2893
1826, 2493
143, 471
147, 2223
869, 1264
254, 2183
254, 1376
500, 2824
1982, 2641
742, 2641
742, 1049
742, 2716
1081, 2716
963, 2354
491, 2354
2753, 2774
59, 2753
1236, 2751
112, 1236
628, 1236
372, 1033
701, 1249
1272, 2949
1635, 2715
1009, 1744
1009, 1371
1120, 2599
2185, 2488
1496, 1816
908, 1496
918, 2820
1936, 2820
1035, 2125
108, 970
1894, 2359
951, 2359
604, 1463
1054, 1488
501, 2263
30, 2642
2315, 2668
8, 2712
2418, 2712
1512, 2576
1512, 2771
367, 2771
1046, 2771
1607, 2771
1558, 1607
764, 1512
1046, 1406
1645, 2682
269, 2072
196, 364
364, 2333
2333, 2896
1103, 2983
100, 2983
50, 2983
50, 1781
50, 526
630, 1151
1151, 2663
1891, 2100
1846, 2282
2022, 2363
844, 1898
1898, 2331
2865, 2866
484, 734
2295, 2660
763, 1348
404, 1492
1651, 2421
258, 290
258, 1722
258, 413
28, 2320
1351, 2513
2399, 2513
2399, 2598
2399, 2519
2342, 2519
621, 2519
1247, 2342
1247, 1892
1892, 2568
198, 2568
1617, 1751
1617, 1825
1285, 1825
138, 1825
138, 2491
416, 1617
1617, 2985
161, 1469
25, 1433
25, 2239
2044, 2239
113, 2547
1203, 1593
1025, 2615
1025, 1752
1025, 2664
105, 1704
1213, 1396
318, 898
1523, 2402
923, 2402
923, 1655
702, 2402
702, 735
923, 1596
1376, 2372
538, 2411
1110, 2411
141, 417
1072, 2096
109, 1072
273, 301
1864, 2830
2180, 2865
148, 2180
148, 1281
148, 2191
355, 921
1356, 2561
1808, 2561
9, 1808
181, 2561
181, 804
181, 2728
181, 1998
1756, 1808
804, 1988
373, 2042
1709, 2023
1606, 2110
1606, 1612
107, 1612
107, 1084
1084, 1895
1167, 1766
227, 1416
18, 2899
1962, 2899
1466, 1962
603, 2899
1363, 1962
319, 1363
249, 1363
621, 2908
370, 1991
370, 1180
370, 936
936, 1963
919, 1963
508, 2326
895, 1060
597, 895
265, 2135
1350, 2855
1350, 2036
391, 1028
1179, 2065
2442, 2837
878, 1788
1584, 1788
231, 1584
851, 976
1410, 1968
932, 1410
932, 2987
626, 2987
1122, 1410
1122, 2404
2404, 2966
1122, 1980
1549, 1980
312, 2460
1043, 2460
1043, 2577
492, 2466
1459, 1829
422, 1459
422, 443
1298, 2315
1298, 2634
229, 2634
1068, 1954
944, 2279
112, 277
484, 1544
157, 2755
157, 1802
157, 1844
1425, 2652
1359, 2652
1359, 2928
2161, 2928
1495, 2993
197, 2993
197, 204
204, 2687
197, 986
204, 617
571, 1371
571, 2428
273, 2692
688, 2692
222, 688
448, 2340
1902, 2196
619, 2196
1792, 2696
1792, 2272
1538, 1640
1640, 1921
681, 1921
137, 1385
211, 2035
455, 2178
551, 1538
750, 1367
791, 2317
174, 791
174, 493
493, 1324
174, 609
609, 850
264, 493
493, 1912
1053, 1912
174, 835
835, 1430
1430, 2382
1374, 2382
1430, 2337
1374, 1673
793, 1673
793, 2723
2360, 2723
1430, 2900
83, 2337
83, 1174
2360, 2785
1911, 2900
1486, 2923
1486, 2958
840, 2958
1762, 2958
1762, 2530
585, 2958
585, 1325
158, 2958
386, 2484
1092, 2484
87, 1092
87, 1481
1767, 2374
416, 2284
16, 2284
16, 2798
346, 2798
1573, 1949
312, 1217
1719, 2483
996, 1719
1438, 2148
842, 1438
433, 2720
433, 490
802, 1366
1366, 2158
954, 2477
849, 1563
839, 1563
300, 839
1563, 2014
2248, 2432
444, 2432
444, 1801
2286, 2752
887, 2861
2535, 2861
2535, 2891
1582, 2891
1271, 2034
1271, 1955
20, 266
266, 311
266, 746
95, 2588
383, 1166
1472, 2429
1472, 2886
2525, 2842
157, 1773
151, 1757
545, 744
545, 800
2788, 2833
1339, 2143
1682, 1814
412, 879
483, 1052
2302, 2979
812, 1280
1280, 2766
1703, 2874
1171, 1536
423, 1171
1113, 1233
1001, 1096
682, 1001
529, 1001
1277, 2614
1277, 1817
1855, 2347
338, 1419
166, 556
2338, 2784
2017, 2633
497, 2017
497, 1457
497, 2740
497, 509
509, 549
1569, 2740
1569, 1956
1956, 2435
262, 1569
262, 942
1689, 2376
599, 1689
2422, 2483
2003, 2422
1184, 2003
418, 459
2800, 2823
374, 1049
644, 1241
1114, 1241
1671, 1875
1, 2809
1369, 2836
1461, 1944
554, 2488
1017, 2542
473, 1017
473, 1666
473, 2992
974, 2992
1470, 2215
872, 1470
732, 1093
732, 2424
520, 830
520, 2469
2469, 2556
817, 2556
817, 2242
1592, 2242
1919, 2242
1919, 2659
1919, 2004
882, 2004
2004, 2737
2099, 2659
1445, 2737
730, 2924
1243, 2390
91, 2390
615, 2961
806, 2075
1560, 2075
1409, 1560
1409, 1539
2791, 2892
2166, 2791
357, 614
821, 2982
1439, 2029
142, 1424
47, 2173
47, 2678
115, 541
1032, 2027
1032, 2526
75, 2526
2440, 2874
2174, 2342
1240, 2627
1449, 2745
287, 2841
1571, 2584
1128, 2889
29, 1854
331, 2736
1041, 2292
985, 2873
1326, 2873
1326, 2597
1242, 1326
695, 2597
695, 738
738, 794
390, 695
390, 945
1240, 1783
1246, 2859
667, 2859
1992, 2034
762, 1992
762, 2514
239, 2514
1590, 1992
296, 1590
243, 903
903, 1628
1693, 2230
485, 2079
1377, 1626
910, 2261
1235, 2277
1235, 2625
158, 943
943, 2709
1827, 2709
1304, 1724
1068, 2396
521, 1666
521, 2062
521, 1839
1839, 2074
2074, 2754
521, 2426
414, 2426
521, 889
1382, 2062
393, 1382
1508, 1834
1834, 2149
1845, 2139
948, 2195
1674, 2408
701, 854
2818, 2951
1008, 2951
334, 1008
915, 2951
1008, 1090
304, 1008
2002, 2951
1004, 1839
2761, 2797
167, 1344
950, 2510
1190, 1400
1400, 2613
776, 1514
2934, 2937
477, 2657
835, 2617
31, 1018
31, 856
170, 795
514, 579
579, 1422
1422, 2498
1720, 2459
596, 1720
1504, 2114
450, 2114
405, 450
450, 1953
1616, 1953
988, 2686
2686, 2972
560, 2686
173, 1148
1148, 1178
1991, 2548
308, 2548
308, 1135
352, 1135
1135, 1254
589, 1254
1065, 1066
890, 2260
256, 2260
256, 1221
824, 1221
824, 2802
2102, 2260
357, 1007
1007, 1050
1911, 2156
650, 721
15, 2474
514, 779
1507, 2797
1510, 1728
1510, 1633
294, 1085
1550, 1691
1691, 2203
2203, 2804
2501, 2804
1760, 2203
1545, 1630
208, 1079
2637, 2953
2430, 2637
307, 936
1022, 2038
449, 826
663, 2447
219, 2586
423, 2918
1795, 2166
1795, 2091
2091, 2701
1405, 2701
2377, 2579
698, 2062
407, 1403
2854, 2978
2879, 2978
1522, 2978
345, 733
2415, 2511
503, 2415
847, 2126
2126, 2231
2231, 2520
1269, 2818
1506, 2153
2554, 2858
1577, 2554
2098, 2621
2210, 2518
2210, 2742
2580, 2742
212, 2580
212, 1127
610, 1862
592, 1862
303, 592
1179, 2773
154, 371
154, 643
643, 1742
1569, 2770
1235, 1950
44, 628
44, 671
291, 2500
1187, 2058
1166, 2674
285, 2019
362, 1960
362, 1475
1768, 2967
441, 1798
1166, 1181
1181, 1476
1181, 1648
1149, 1585
54, 2992
92, 838
2494, 2574
803, 1948
1948, 2119
1345, 2119
1157, 1440
184, 1746
1746, 2245
2628, 2741
242, 2381
866, 2214
317, 2214
907, 2549
2549, 2905
2055, 2905
2055, 2169
2537, 2734
222, 1874
808, 2907
2030, 2084
32, 2892
32, 130
130, 2116
32, 1244
1141, 1244
1141, 2915
148, 2817
656, 2585
1208, 2585
402, 1208
1941, 2083
337, 1941
1099, 2156
172, 2599
467, 2752
566, 1602
566, 635
1604, 2681
210, 2335
1516, 1938
1624, 2076
152, 276
830, 2077
1589, 2077
758, 2077
1302, 2658
2134, 2221
833, 1598
438, 833
599, 1303
657, 2521
1821, 2521
792, 2353
1316, 2353
584, 2753
584, 2883
2132, 2883
799, 1118
2607, 2777
133, 1712
681, 1881
121, 2881
121, 2693
1905, 2693
1882, 2693
182, 1882
182, 2200
145, 2444
235, 1130
1525, 2528
1525, 1847
1847, 2538
763, 843
981, 2786
2604, 2786
2379, 2786
2233, 2379
2233, 2566
387, 2233
928, 2566
507, 1105
2554, 2986
2986, 2999
4, 823
2670, 2936
1643, 2936
1052, 2015
2034, 2829
209, 2829
209, 685
356, 730
356, 1401
1401, 2456
2289, 2743
744, 1026
890, 2155
1426, 2155
2155, 2726
1335, 2726
871, 2726
1352, 2155
908, 2578
2578, 2930
1172, 2578
1172, 1329
1309, 2930
731, 1906
1906, 2994
1805, 2994
2635, 2644
1518, 2754
81, 725
1238, 1750
1245, 2632
1229, 2573
24, 1561
1362, 2691
2691, 2974
2691, 2828
217, 1087
1972, 2329
1972, 2814
2735, 2814
2735, 2759
845, 1073
845, 2439
39, 384
403, 2028
519, 2071
1058, 2071
1721, 2535
905, 1721
569, 2004
569, 1659
1023, 2095
899, 1023
512, 1023
2520, 2655
408, 2655
408, 2151
2151, 2216
1427, 2151
1461, 2646
2024, 2154
2024, 2168
2024, 2699
1473, 2159
2574, 2816
2111, 2759
2111, 2662
206, 991
250, 549
1603, 2719
144, 959
959, 2738
959, 2523
451, 959
322, 1667
327, 1928
2721, 2779
1332, 2779
1929, 2264
1634, 1729
176, 1729
1074, 2536
96, 1945
710, 1945
2247, 2416
2416, 2438
2416, 2620
615, 1089
1089, 2589
1720, 2060
2433, 2754
646, 2433
1311, 2566
485, 1451
1451, 2365
1625, 2365
978, 1097
2120, 2575
265, 2226
597, 1131
135, 1131
1440, 2254
1031, 2254
1031, 2176
1564, 2176
24, 1907
92, 140
140, 1361
1361, 2157
353, 1721
1087, 1586
493, 1631
1631, 2378
1631, 2733
696, 2613
696, 1116
228, 696
1116, 2944
2748, 2754
436, 2748
1353, 2040
331, 2410
637, 2410
394, 2410
820, 1919
1220, 1248
1129, 2814
342, 1129
360, 1994
924, 1026
325, 1251
1128, 2385
1865, 2385
475, 854
1139, 2497
733, 1265
410, 1477
1477, 2080
877, 2379
1987, 2289
1157, 2946
987, 2946
987, 2064
2146, 2869
1705, 2869
180, 1934
1668, 1847
366, 995
995, 1748
195, 995
1155, 1501
1314, 2781
1150, 2781
1150, 2825
2787, 2825
2782, 2903
1580, 2903
1613, 2710
2006, 2710
963, 1413
1413, 2087
1201, 2606
1526, 1877
85, 2228
1551, 1848
423, 1038
2716, 2922
1047, 2490
917, 2968
1996, 2747
1000, 2546
2393, 2602
2367, 2837
1010, 1055
534, 1536
1150, 2593
530, 2593
112, 2321
1048, 2362
425, 1134
566, 1871
1815, 1871
1700, 2315
1700, 2826
2717, 2826
150, 2826
150, 1346
1346, 2840
1346, 1471
1700, 2495
2956, 2972
1985, 2214
1234, 1552
23, 2733
23, 1196
336, 1259
336, 1930
274, 1142
61, 274
61, 171
171, 989
984, 2075
541, 1336
1336, 1740
653, 2945
1196, 2343
2343, 2980
835, 2831
189, 1120
853, 1112
2424, 2505
654, 2950
2508, 2893
1975, 2237
1572, 1892
126, 1572
1572, 2117
983, 2164
81, 2920
2920, 2976
1819, 2163
753, 1747
8, 535
2499, 2965
2965, 2971
37, 2952
247, 1444
397, 2441
397, 684
929, 1542
711, 2050
2391, 2641
1396, 2601
416, 2387
1703, 2860
805, 2860
681, 952
481, 1237
1006, 1775
14, 2077
14, 220
1885, 2610
302, 856
418, 2806
535, 640
883, 1805
1408, 2888
722, 1590
1448, 2504
177, 2504
522, 1629
1832, 2522
906, 2620
33, 906
1080, 1701
335, 1080
1735, 2451
2513, 2744
1800, 2744
652, 1090
364, 2358
579, 2101
2101, 2112
395, 2101
859, 1552
52, 2748
52, 562
1279, 1454
49, 1415
79, 2838
2794, 2838
422, 1966
1888, 2384
241, 2484
106, 2856
162, 2705
748, 2577
79, 888
813, 888
1168, 1855
607, 1125
999, 2150
1644, 2916
1739, 2466
1739, 2845
2020, 2808
1240, 2885
253, 2487
253, 2618
495, 1250
1941, 2369
633, 2369
2394, 2672
816, 1620
1206, 1841
1206, 1965
21, 197
1077, 1156
181, 2057
1247, 1810
1019, 2968
2760, 2776
231, 645
809, 2873
151, 470
52, 1323
66, 1323
66, 686
1832, 2853
687, 748
369, 1511
1262, 2108
168, 1262
200, 1927
1379, 2373
2211, 2373
677, 2968
775, 913
913, 2639
1171, 2750
163, 1099
1235, 2731
188, 2018
1330, 2018
677, 2209
754, 2443
375, 2443
129, 227
1153, 1700
1460, 2211
1460, 1685
165, 1460
426, 2852
1030, 2595
144, 632
89, 1826
509, 1200
1200, 1658
768, 2221
1866, 2755
1737, 2414
120, 1270
724, 2589
1288, 2368
347, 439
2307, 2722
1322, 2779
1115, 1665
969, 1453
2156, 2405
1699, 2519
1076, 2754
40, 2796
1105, 2406
2283, 2999
651, 798
1646, 2520
239, 1990
729, 1990
252, 709
777, 2238
364, 752
2233, 2516
608, 833
912, 1913
162, 454
454, 2803
794, 2898
577, 2898
475, 2115
961, 2805
481, 1937
1857, 2729
57, 2390
939, 2149
939, 1610
1139, 1716
395, 1779
1637, 2303
603, 2193
728, 2193
89, 2109
723, 2285
965, 2519
458, 965
458, 1743
1290, 1743
2051, 2938
2043, 2078
2753, 2913
1299, 1505
1948, 2296
1215, 2796
26, 2310
320, 2289
74, 801
74, 1707
363, 1707
810, 2162
1456, 1840
384, 901
864, 2600
279, 2994
355, 2123
243, 1365
1532, 1914
1914, 1981
1305, 1497
307, 2835
1942, 2148
513, 1389
43, 1293
1387, 2073
1467, 2666
245, 1901
278, 282
1991, 2235
506, 2726
116, 610
116, 916
713, 851
634, 2924
1861, 2087
837, 1414
1349, 1890
1863, 2126
736, 1145
986, 2948
1365, 2361
961, 2181
1016, 1224
1016, 2179
357, 2106
324, 2106
598, 1928
297, 2260
275, 1796
1077, 2008
2333, 2685
388, 2685
751, 1575
658, 2576
647, 2408
155, 1647
470, 1319
971, 2204
917, 2037
1105, 2475
246, 1969
1147, 2653
469, 2625
1360, 2980
1442, 1807
1807, 1976
972, 1976
1836, 2708
1975, 2815
389, 508
542, 1931
542, 968
593, 1880
344, 527
343, 2232
2127, 2506
691, 1322
1520, 2280
776, 2562
510, 1831
676, 2233
114, 265
1527, 2561
666, 2868
637, 1441
934, 1441
230, 891
2705, 2904
966, 2806
689, 1338
1709, 2063
1818, 1903
1690, 2028
218, 2306
464, 1787
16, 1489
3, 2465
1174, 2882
104, 2605
724, 911
1662, 2377
498, 1178
67, 1257
1485, 2530
471, 2312
1137, 2312
1228, 2490
1123, 1228
727, 2649
99, 251
952, 1995
867, 1056
345, 975
302, 2047
113, 778
779, 2324
289, 1681
2000, 2095
553, 2000
1974, 2543
1273, 2876
796, 2969
784, 2138
1194, 1687
1686, 1734
437, 1381
1813, 2240
1218, 1497
1482, 1689
64, 930
64, 1162
2163, 2996
251, 2849
1078, 1547
179, 2594
502, 1369
2052, 2154
349, 2052
349, 960
50, 2462
705, 1674
2045, 2668
1714, 2045
478, 2045
94, 2950
1452, 2009
834, 1038
2082, 2574
2311, 2986
658, 2571
496, 1781
1548, 2856
772, 868
241, 2187
102, 256
1122, 1618
486, 2383
401, 1553
485, 1923
702, 2067
1347, 1594
2213, 2967
661, 1181
2041, 2832
525, 1107
668, 1896
236, 1783
48, 2636
2060, 2957
2271, 2932
2071, 2707
1236, 2857
1676, 2378
983, 2452
1006, 1312
884, 1799
191, 2795
669, 1327
329, 586
1185, 2250
466, 777
232, 1474
715, 1597
1403, 2253
1414, 1723
203, 2301
1012, 1852
2305, 2880
185, 726
53, 2152
2339, 2971
348, 1683
1598, 1784
291, 1124
428, 1124
2529, 2729
2203, 2827
623, 2144
1524, 1741
194, 897
1348, 1853
1101, 1801
901, 1763
1997, 2219
1499, 2031
581, 2275
