2.406185
0, 1378
0, 440
440, 902
902, 2539
278, 440
440, 1522
1356, 1522
1356, 2621
440, 2757
440, 2093
1522, 1663
1663, 2061
1677, 2061
440, 1898
440, 1314
1356, 1538
1439, 1538
787, 1538
202, 787
1336, 1538
1439, 1964
1964, 2510
375, 1538
375, 408
408, 662
408, 813
408, 868
662, 2293
787, 2670
868, 1756
1756, 2782
868, 2022
146, 2022
1692, 2022
982, 2022
1321, 2293
572, 1321
145, 572
572, 2136
459, 2136
138, 459
572, 748
459, 1562
1339, 1562
79, 1339
79, 2994
2609, 2994
870, 2609
2609, 2694
167, 870
2694, 2917
870, 2128
1932, 2128
2613, 2994
721, 2670
721, 2979
1234, 2979
326, 2979
557, 2979
326, 1106
1106, 2695
2695, 2956
2731, 2956
146, 255
255, 2340
2072, 2340
2072, 2822
877, 2822
813, 2692
167, 1173
1173, 1355
1339, 2660
868, 1613
679, 2660
679, 2403
2064, 2403
508, 2403
508, 921
656, 921
921, 1008
679, 1448
1448, 2056
921, 2953
2042, 2064
1306, 2042
2064, 2666
189, 2666
189, 1863
189, 1969
536, 1969
75, 2953
75, 1781
1227, 2822
1227, 2554
1227, 2315
969, 2315
1633, 2315
2315, 2358
10, 2358
2170, 2979
2170, 2287
1355, 2124
1215, 2124
1215, 2318
1129, 2318
467, 1129
467, 2347
2347, 2386
2386, 2827
751, 1215
2681, 2782
2053, 2681
2644, 2681
802, 2644
1954, 2053
371, 1954
1954, 2519
1147, 2519
927, 1147
871, 927
1147, 2462
1704, 2519
1732, 2053
903, 1732
903, 925
2124, 2687
816, 2687
768, 816
768, 1750
535, 2687
535, 1507
1570, 1750
2064, 2646
1143, 1692
1008, 1553
1439, 2174
1667, 2174
79, 2491
459, 1333
898, 1333
997, 1333
997, 1484
1484, 2099
1484, 2933
2099, 2814
407, 2814
407, 2839
190, 2933
407, 586
1734, 2099
393, 871
393, 1254
1254, 2961
393, 1711
238, 2961
238, 404
404, 715
715, 1770
40, 715
299, 404
238, 1860
1860, 2735
2735, 2850
525, 2735
404, 776
1860, 2745
2426, 2745
815, 2745
200, 815
200, 1714
393, 564
564, 1642
401, 564
401, 2891
1714, 2988
1287, 2988
99, 1287
974, 2539
974, 1393
765, 1393
1393, 2610
765, 793
793, 2420
797, 2420
797, 2944
2232, 2944
2232, 2952
1383, 2952
328, 1383
700, 2944
700, 2002
1383, 2245
1662, 2245
1662, 1755
1755, 2930
1383, 2832
807, 2832
1798, 2930
1145, 1798
514, 1145
1500, 1798
1094, 1145
797, 1968
2832, 2943
1094, 1940
1524, 1940
1178, 1524
636, 1178
242, 1524
242, 964
321, 964
321, 1373
321, 2872
1338, 2872
242, 722
722, 731
731, 2442
2442, 2915
731, 2798
1597, 2798
224, 722
1597, 2932
2627, 2932
767, 2627
504, 2627
504, 1701
819, 1701
687, 819
2167, 2932
604, 767
175, 604
819, 2543
1815, 2543
2045, 2543
1815, 2560
1632, 2560
1815, 2998
687, 2023
1057, 2023
1057, 2794
2352, 2794
2352, 2432
2023, 2074
731, 2316
2116, 2316
2116, 2203
833, 2203
833, 1011
373, 833
1011, 1473
373, 1438
504, 1455
753, 2045
1032, 1455
608, 1032
608, 2308
608, 1814
608, 1861
1861, 2370
153, 2370
153, 1256
1596, 2794
1596, 2487
2487, 2628
2338, 2798
807, 2926
1771, 2926
589, 2794
1393, 2195
943, 2316
846, 943
455, 846
455, 2145
455, 971
1000, 2145
455, 550
971, 2070
164, 2070
1120, 2070
55, 1120
1120, 1238
971, 1819
1819, 2831
1251, 2831
193, 1819
193, 635
1178, 1422
1422, 1563
1563, 2588
2359, 2588
429, 2359
55, 1351
842, 1351
842, 2881
842, 2553
234, 2553
234, 873
129, 234
129, 1027
129, 2804
2076, 2804
234, 1358
1358, 1640
1640, 2640
1640, 2327
294, 2327
1900, 2804
1900, 2276
129, 2357
892, 2357
885, 892
873, 1248
720, 842
1027, 1839
1839, 2355
1424, 2355
1047, 2355
1014, 2056
516, 1000
516, 2255
1176, 2255
516, 544
1176, 1736
282, 1736
1316, 1736
74, 1736
357, 1316
1080, 1176
544, 754
74, 1786
1707, 1786
810, 1707
173, 1786
1707, 2573
725, 1008
725, 1625
371, 2228
699, 2420
699, 2618
699, 2901
1662, 1875
2765, 2961
401, 658
819, 2498
407, 987
987, 1933
987, 1793
987, 2751
752, 987
752, 780
1207, 2751
1646, 2338
1539, 1646
645, 892
1734, 1930
26, 2628
26, 2381
529, 1839
994, 2956
1497, 1964
1755, 2924
1874, 2924
1874, 2963
208, 1874
2045, 2455
2354, 2455
1356, 1462
251, 1462
251, 397
251, 2230
810, 1320
1320, 1848
884, 1848
1320, 1436
1436, 2714
1525, 2714
1521, 1525
1525, 1992
206, 2714
206, 2383
1371, 2383
1747, 2383
945, 1747
799, 945
698, 945
698, 1066
1066, 1666
482, 698
1523, 1666
262, 698
482, 792
209, 698
1436, 1911
698, 2472
2101, 2472
1154, 2472
2472, 2697
2636, 2697
452, 2636
452, 1216
1216, 1941
895, 1216
1154, 1253
1253, 2787
779, 1253
779, 1760
779, 1509
285, 1509
749, 2787
600, 749
2378, 2787
698, 2031
2031, 2314
502, 2314
502, 1623
80, 2314
779, 1650
1650, 1857
995, 1650
611, 995
136, 1911
136, 1348
1489, 2787
675, 1489
295, 1941
2042, 2058
976, 2058
1119, 1930
1119, 2551
398, 2551
1213, 2551
1213, 2744
1213, 2484
1213, 2837
2761, 2837
693, 2837
693, 882
398, 2812
2812, 2991
2950, 2991
2902, 2950
259, 2950
1283, 2950
267, 2902
1834, 2991
806, 1834
56, 806
1161, 1834
1161, 2880
1161, 2377
2098, 2377
2377, 2766
1161, 1744
1046, 1161
795, 1161
1659, 2880
1046, 2597
832, 1046
2152, 2766
1237, 2766
1237, 2749
1370, 2098
693, 2260
2111, 2260
2001, 2260
919, 2001
919, 2369
1884, 2260
1884, 2360
1491, 2360
640, 1491
640, 1945
1269, 1491
2369, 2945
2065, 2360
1728, 2065
1034, 1728
1712, 1728
640, 1809
1728, 2728
894, 1809
1712, 2584
910, 1491
894, 1578
2041, 2551
451, 2041
451, 2127
670, 2041
144, 670
144, 2154
2010, 2111
67, 2010
795, 2897
875, 2897
1583, 2945
1583, 2908
144, 2927
88, 2927
1580, 2927
1580, 2135
388, 1580
449, 1580
2234, 2991
857, 1659
1578, 2117
1443, 2117
1396, 2117
1443, 1853
417, 2117
250, 417
417, 2973
1853, 2049
2049, 2759
417, 1105
668, 1105
1105, 1112
1105, 2178
2178, 2922
1112, 2305
472, 2922
1105, 2115
2117, 2948
2854, 2948
2337, 2854
1508, 2337
6, 1508
6, 1200
737, 1508
556, 1200
556, 1242
1242, 1970
1242, 1365
618, 1242
1447, 2117
985, 1447
1354, 1447
1085, 1354
1195, 1447
1195, 1545
1003, 1195
970, 1003
358, 970
358, 1502
52, 1502
358, 2732
2593, 2732
970, 2861
705, 2861
705, 2878
1469, 2861
220, 1447
428, 2878
428, 2918
260, 2918
260, 1298
1298, 2639
215, 260
1195, 1560
1456, 1560
13, 2878
13, 2512
1789, 2512
1637, 2512
1789, 2514
617, 2514
1999, 2512
1370, 2219
2219, 2349
367, 2349
2349, 2684
506, 2684
1098, 2684
1098, 1649
592, 1649
592, 1548
861, 1548
861, 1136
1136, 2572
1210, 2219
1004, 1210
151, 1004
1004, 1308
1308, 2339
151, 1330
2322, 2339
1004, 2844
2152, 2650
1712, 2899
1550, 2922
1550, 2617
1550, 1604
325, 1550
325, 951
115, 144
115, 2949
115, 563
951, 2556
313, 2556
313, 772
2556, 2928
1191, 2928
1191, 1360
1090, 2928
1090, 1639
1090, 2615
772, 1249
543, 1249
543, 2059
772, 2796
2533, 2796
13, 2585
2411, 2585
9, 2585
9, 1259
1580, 2198
2198, 2548
451, 2620
2202, 2620
746, 2202
746, 1084
1084, 1618
2078, 2202
786, 2078
1670, 2854
1670, 2921
1938, 2921
949, 1938
949, 1440
867, 1440
867, 2586
1224, 1938
1224, 2164
2164, 2748
1224, 2104
1494, 2104
1246, 1494
2104, 2213
412, 1494
412, 1470
1470, 1776
1470, 2157
1331, 2157
1651, 2157
1461, 1651
853, 1331
853, 2222
1271, 1461
1331, 2424
464, 2424
1614, 1776
247, 853
491, 1271
847, 2104
2213, 2736
1224, 1976
1976, 2676
1565, 1776
218, 464
853, 1059
1059, 1610
478, 1610
896, 1610
2504, 2748
2504, 2828
581, 1976
218, 1881
1722, 2164
867, 1971
894, 2547
985, 1127
1127, 1890
412, 789
789, 2009
2009, 2081
1729, 2009
893, 2009
2009, 2845
1659, 2517
1634, 2517
893, 1778
355, 1778
639, 2022
1199, 1462
500, 1199
1199, 2834
2632, 2834
2129, 2834
227, 1199
1869, 2129
347, 1199
500, 2088
2016, 2088
139, 2016
139, 490
1325, 2016
139, 2400
1095, 2016
1095, 1171
1095, 1939
1051, 1939
1275, 1939
1051, 2993
1275, 1913
252, 1913
252, 1054
1054, 2893
1208, 2893
1208, 1754
831, 1208
831, 1889
1231, 1889
58, 1231
58, 2433
932, 1231
1889, 1998
1998, 2395
1873, 2395
1823, 1998
1998, 2575
1264, 2575
1264, 2325
1823, 2603
761, 1823
952, 2395
671, 1823
1821, 2893
1983, 2433
1983, 2335
2151, 2335
1231, 2091
1949, 2091
2088, 2384
2384, 2920
1189, 2384
637, 2920
498, 637
306, 2920
306, 1319
1319, 1919
1319, 2746
94, 306
94, 486
94, 2102
1177, 2102
306, 1153
44, 2746
44, 2414
1153, 1674
965, 2102
965, 2046
2046, 2494
2046, 2513
965, 2220
637, 2795
306, 1001
1001, 2898
805, 1001
664, 805
773, 1001
272, 805
664, 2772
71, 805
805, 1780
953, 1780
953, 1160
372, 1780
1319, 1326
1208, 2967
1160, 1503
1503, 2388
345, 2388
122, 345
345, 1931
122, 274
174, 274
1007, 1931
1064, 2151
1025, 1325
2739, 2967
284, 2388
773, 1984
1984, 2516
1674, 2407
57, 500
17, 57
1199, 2241
1883, 2241
1824, 2407
364, 408
1254, 2570
1567, 2804
14, 1567
14, 2008
1132, 1567
14, 2068
1325, 1444
615, 1444
2632, 2702
529, 1630
1124, 1521
1124, 1363
1124, 1466
1363, 2829
1283, 2698
48, 2698
2558, 2570
2558, 2699
58, 541
431, 541
431, 2034
1648, 2034
1648, 2005
1310, 2005
1026, 1310
1310, 2033
431, 2456
1026, 2801
545, 1648
1648, 2565
545, 2015
1684, 2801
691, 1580
691, 2753
691, 1425
1102, 1425
1102, 1222
1757, 2753
1102, 2286
479, 1251
479, 1910
1870, 1910
1400, 1932
989, 1400
214, 1147
2140, 2794
2140, 2168
2504, 2521
354, 2950
1734, 2786
1866, 2786
1945, 2574
1377, 2574
1377, 2450
1997, 2450
1327, 1997
1997, 2916
1997, 2027
534, 2027
888, 1327
1390, 2574
1380, 1390
1997, 2169
623, 1380
623, 666
623, 2526
828, 2526
828, 1281
265, 1281
140, 1281
1281, 2262
270, 2262
140, 481
856, 2526
114, 2526
1281, 2243
1056, 2243
1069, 2243
2243, 2855
2243, 2452
2452, 2623
566, 2623
152, 566
152, 2040
2040, 2114
1733, 2040
1197, 2623
1606, 2452
1837, 2963
545, 1746
1746, 2011
409, 2011
1438, 1982
703, 1153
1191, 2780
1353, 2780
619, 1861
619, 2256
619, 2941
2256, 2596
2080, 2596
2404, 2596
1838, 2596
862, 1838
862, 1758
1184, 1758
1184, 2307
1434, 2307
1434, 1882
627, 1882
2307, 2840
1897, 2840
389, 1434
389, 2946
2278, 2946
291, 2946
1843, 2946
291, 2534
1041, 2278
1041, 2108
696, 2108
1041, 2856
322, 1897
389, 1267
1267, 1346
2307, 2995
1114, 2995
1114, 2089
165, 2089
2089, 2989
165, 1477
2172, 2995
165, 2019
2019, 2980
2438, 2980
1742, 2995
1527, 1742
1742, 1865
692, 1742
1245, 1742
178, 2438
178, 1223
1477, 2974
1421, 1865
178, 2885
1376, 2885
1376, 2719
2182, 2719
2182, 2186
104, 2186
104, 2179
1471, 2179
104, 339
2390, 2885
1918, 2390
944, 2186
1067, 2885
1067, 2656
416, 2719
416, 1144
1144, 2792
2792, 2888
256, 2888
256, 2191
2206, 2888
1616, 2206
1616, 2686
1144, 1181
392, 1181
392, 1724
1192, 1724
585, 2191
540, 2792
719, 1376
530, 719
318, 530
719, 1864
1864, 2282
530, 1031
1031, 2608
729, 1031
2069, 2608
2069, 2302
530, 642
642, 2499
468, 2282
468, 2324
471, 2324
471, 1743
530, 2983
2750, 2983
622, 2983
416, 1713
1097, 1743
392, 2626
1181, 1696
523, 1696
523, 980
523, 781
781, 1255
644, 1255
644, 2532
2532, 2674
1187, 2674
644, 2996
39, 2996
39, 901
901, 1922
1641, 1922
137, 2996
644, 657
1864, 2497
901, 2774
2269, 2946
2269, 2665
2269, 2356
929, 2356
778, 2269
1049, 2356
1752, 2269
598, 1752
336, 598
598, 1959
614, 1049
614, 1589
911, 929
911, 1533
763, 1533
763, 1352
38, 763
1352, 2158
2158, 2605
1472, 2605
1830, 2158
2605, 2875
233, 2605
1352, 1800
598, 2134
2134, 2280
1615, 2280
577, 1615
111, 729
1738, 2134
570, 1738
555, 1738
555, 2904
2179, 2301
305, 2178
305, 2425
2425, 2775
108, 305
108, 2936
2036, 2854
466, 2036
466, 2712
2712, 2909
1765, 2712
680, 2909
1636, 2712
287, 1636
1561, 1636
287, 2224
5, 2224
5, 1801
1561, 2957
551, 2957
580, 2957
580, 1617
287, 381
381, 1391
381, 2824
119, 551
2366, 2834
1514, 2366
1066, 1741
607, 1741
422, 607
607, 1528
1095, 2062
194, 215
34, 2902
34, 310
979, 2692
979, 2466
601, 748
601, 1312
601, 2119
930, 2119
203, 601
43, 203
43, 273
273, 697
35, 273
273, 643
1784, 2119
1745, 2369
1745, 2465
1009, 2465
414, 1009
107, 414
1374, 2465
810, 1204
1204, 1730
1622, 1730
1730, 1818
1730, 2175
127, 2472
127, 2090
942, 2090
127, 447
447, 1379
488, 2090
488, 2161
447, 1101
246, 447
246, 2459
246, 947
942, 1291
1291, 2527
1291, 2473
1833, 2459
737, 2569
1241, 2569
1457, 2241
1326, 1709
1709, 2446
121, 2446
1709, 2531
334, 2531
991, 2531
991, 1313
1313, 2363
413, 875
291, 1822
2058, 2835
346, 2835
346, 1726
346, 824
392, 2238
1730, 2849
324, 2849
324, 1535
362, 1535
631, 2849
631, 1149
324, 2055
1804, 2055
975, 1804
975, 1904
1904, 2756
4, 1904
1346, 2770
956, 2770
501, 2093
501, 1142
1142, 1811
2115, 2911
138, 2817
965, 2047
1159, 2047
574, 1159
225, 1159
2585, 2826
757, 1462
2007, 2473
817, 2007
1761, 1861
146, 2887
682, 2887
682, 1286
1286, 1322
1125, 1322
1125, 2986
1286, 2489
462, 2986
462, 2248
1125, 1963
516, 2014
878, 2014
878, 2112
907, 2112
878, 1268
171, 878
1332, 2112
1568, 2056
279, 1758
279, 286
2526, 2813
1962, 2556
1093, 1962
1093, 1487
229, 1487
2237, 2804
796, 2237
650, 1968
650, 2895
650, 2919
794, 2919
794, 2437
1915, 2919
1109, 2437
124, 927
124, 2156
1658, 2156
124, 537
537, 2658
2109, 2658
1587, 2658
1691, 2109
1452, 2109
1309, 1452
1111, 1452
1452, 1537
1537, 2275
854, 2275
458, 854
458, 2217
1169, 2275
1169, 1725
594, 1725
594, 1532
300, 1532
300, 2029
300, 2591
594, 1073
1073, 2935
934, 1073
442, 2935
442, 2292
1753, 2292
1243, 1753
1073, 2310
2197, 2310
1086, 2197
196, 1725
112, 196
1359, 1658
1359, 2962
6, 730
182, 1915
412, 1016
1016, 2806
1016, 1680
537, 2250
1022, 2099
1022, 2362
1536, 2362
8, 1536
8, 2672
1140, 2672
156, 256
156, 1594
156, 1247
1247, 2607
156, 1599
1135, 1599
1599, 1797
180, 1797
1247, 1850
156, 1603
1594, 2758
1850, 2044
1505, 2044
248, 2044
1130, 1505
1130, 1772
1772, 2508
1772, 2886
2471, 2886
1772, 2026
304, 2044
63, 2856
63, 1571
1571, 2653
1836, 2433
1836, 2614
2770, 2864
1368, 2626
635, 2873
1367, 2873
160, 1367
160, 736
603, 736
603, 2816
1609, 2816
366, 2816
2082, 2816
603, 2797
1166, 1609
1740, 1938
1918, 2252
2252, 2296
311, 2296
311, 1194
1110, 1194
1194, 1851
797, 820
820, 1082
567, 1312
567, 1827
307, 1822
307, 993
1675, 2908
396, 1675
396, 1934
158, 1514
65, 158
65, 1076
731, 1116
1116, 2131
427, 1223
2217, 2321
368, 534
52, 2582
2022, 2387
1989, 2387
289, 392
832, 843
760, 2582
760, 2600
760, 960
155, 2600
1792, 2736
394, 1792
1101, 2212
138, 990
990, 2552
2483, 2780
1788, 2483
1788, 2559
486, 2405
807, 1010
1010, 2481
1585, 2881
865, 1585
865, 2207
670, 1165
1165, 2365
1165, 2975
2481, 2821
2568, 2821
405, 2568
298, 2568
16, 1207
16, 2507
16, 2566
559, 2566
620, 2566
620, 2298
1612, 2298
2298, 2371
110, 614
110, 963
520, 963
520, 2261
2226, 2261
561, 2226
561, 2541
82, 2226
82, 1061
1206, 2261
1206, 1432
2261, 2896
1986, 2896
511, 1986
445, 2896
365, 445
365, 849
365, 1624
849, 2652
365, 475
849, 2912
2458, 2956
194, 2634
928, 2634
928, 1005
583, 2362
2028, 2203
503, 1443
503, 1062
814, 2957
1896, 2908
1896, 2184
883, 1896
545, 1573
512, 979
1814, 2461
2017, 2461
2397, 2770
2348, 2397
2192, 2397
881, 2348
7, 1612
7, 1554
2183, 2916
1706, 2183
910, 2662
2475, 2662
1767, 2475
1767, 1957
1218, 1767
21, 1767
1800, 1899
1558, 1899
2879, 2898
533, 1522
2592, 2766
324, 973
2316, 2890
2441, 2890
198, 2441
1990, 2634
891, 2007
610, 891
195, 891
195, 688
22, 688
22, 1902
156, 2419
618, 1052
857, 1813
2261, 2865
623, 1628
727, 1628
702, 1628
291, 2227
2227, 2625
1664, 2227
11, 2227
11, 1974
1, 2338
1, 1205
219, 1205
1205, 1262
205, 1205
205, 1350
1860, 1977
2764, 2826
12, 2764
12, 1586
1586, 2467
713, 1586
713, 738
12, 578
578, 1344
344, 1344
2599, 2764
275, 2599
1344, 2883
2013, 2650
859, 2963
859, 2071
859, 1272
1272, 2505
1917, 2071
711, 1272
711, 2454
1180, 2454
1180, 2039
1102, 1257
762, 1257
762, 2549
904, 2549
521, 1257
76, 220
76, 914
109, 914
529, 2493
696, 1413
621, 1413
621, 1661
1194, 1329
351, 2588
351, 2208
351, 2312
456, 2312
2613, 2741
809, 2741
809, 1907
1907, 2146
2132, 2146
1829, 2146
2146, 2805
955, 2805
955, 957
955, 1703
1914, 2356
568, 2362
568, 1540
454, 1540
1105, 1304
764, 1304
657, 2914
659, 779
659, 2410
886, 2850
886, 913
386, 913
96, 831
96, 2518
1603, 2181
1513, 1875
1234, 1453
1453, 2663
1151, 2663
1151, 2281
1453, 2631
97, 2631
195, 1620
2071, 2092
371, 2155
423, 2155
2155, 2350
483, 2350
301, 2350
483, 1547
1446, 1547
361, 1446
261, 1413
1496, 2513
134, 1496
793, 1876
1024, 1876
384, 1876
384, 2818
1024, 2520
587, 1876
1624, 2730
1698, 2730
1698, 2445
2125, 2445
2125, 2436
1426, 2436
1284, 1426
1284, 1961
249, 1098
249, 1402
710, 1402
710, 2723
710, 732
1475, 2723
20, 1475
20, 1572
20, 553
868, 1013
177, 1876
1836, 2563
1788, 1994
829, 1963
829, 2540
1386, 2911
989, 2379
1178, 2691
2691, 2696
1616, 1947
1006, 1947
1125, 1862
391, 1862
391, 1071
788, 1071
391, 1775
461, 2005
167, 1065
1065, 1855
580, 1123
992, 1123
992, 1182
1182, 2894
1182, 2216
1123, 1657
1657, 2249
2249, 2328
937, 2894
77, 937
937, 2171
2171, 2740
2171, 2189
77, 2063
2063, 2193
2216, 2654
596, 1272
596, 1920
704, 1920
704, 962
108, 2085
1389, 2085
1965, 2026
1871, 1965
684, 2337
1806, 2151
2, 1806
2, 2361
2258, 2361
2, 1607
110, 2422
2262, 2966
2343, 2966
329, 2343
2343, 2709
2705, 2966
2110, 2446
1888, 2110
1515, 2110
855, 1547
474, 551
106, 1443
842, 2180
2180, 2876
1127, 2409
1382, 1869
1233, 2230
926, 1491
907, 2476
45, 2256
736, 1671
391, 613
1697, 2124
1697, 2043
1036, 2043
485, 1036
1036, 2999
2655, 2999
2291, 2655
2655, 2784
23, 2784
23, 899
1697, 2678
2589, 2678
2273, 2589
1802, 2589
1802, 2882
216, 2589
1418, 2111
2777, 2829
1400, 2122
2243, 2964
1611, 1965
923, 1611
1611, 1686
663, 1686
403, 663
1611, 2380
1686, 2630
1694, 2630
1584, 1694
357, 1230
1482, 1545
453, 1482
1482, 2257
1226, 1482
1226, 1588
1588, 2279
1769, 2279
1279, 1769
453, 1303
215, 2351
427, 2869
2546, 2869
480, 2869
1163, 2764
1163, 1486
1746, 2021
123, 2543
123, 2233
411, 2233
217, 411
24, 2573
24, 69
69, 2509
721, 872
872, 2177
872, 2616
1689, 2616
2616, 2976
887, 2976
887, 1852
887, 2353
773, 1459
1236, 2854
291, 2223
774, 1140
157, 774
157, 1678
314, 774
125, 817
180, 2368
72, 2368
72, 2868
61, 787
61, 909
909, 1488
61, 1220
1488, 1835
1835, 2374
1488, 2376
1602, 2376
501, 724
379, 1907
379, 1718
32, 379
1186, 1718
349, 1284
571, 1949
750, 1633
1808, 2446
1763, 1808
197, 1763
421, 1268
421, 1334
1334, 1979
630, 1979
1979, 2496
143, 421
143, 432
560, 1334
432, 2789
421, 2867
1137, 2547
399, 534
399, 1700
1289, 1700
1289, 1566
243, 1700
1370, 2673
126, 2673
102, 581
102, 1859
1859, 2336
570, 1055
309, 820
2006, 2508
959, 2006
353, 692
792, 1235
1235, 1748
15, 914
942, 1832
159, 1438
1358, 1427
2668, 2697
1445, 2668
2020, 2384
728, 2020
832, 2427
1058, 2427
1150, 1864
93, 1031
453, 2214
697, 835
118, 704
122, 1924
1924, 2710
1263, 2948
64, 1263
1263, 2139
64, 1519
95, 1519
95, 1766
41, 1933
718, 1528
718, 1407
1407, 1441
755, 1441
1602, 2703
2688, 2703
837, 2946
837, 2785
548, 2785
548, 2635
2635, 2860
653, 2635
576, 2860
548, 2906
519, 653
1665, 2785
270, 2320
163, 2320
968, 2320
113, 968
163, 2889
582, 2889
582, 1088
266, 1088
1155, 2889
207, 1824
207, 244
244, 1465
825, 1763
1167, 2214
1167, 1685
1167, 2790
2700, 2790
435, 2946
435, 1627
2422, 2997
497, 577
497, 2418
718, 1277
114, 1790
682, 2251
1452, 2836
1030, 1691
1030, 2707
387, 2707
1318, 2707
1318, 1385
1385, 2852
2852, 2960
1053, 2960
821, 2960
1053, 2201
726, 2960
726, 946
363, 2359
363, 2537
1222, 1858
1351, 2752
1737, 2752
747, 2893
441, 2059
1036, 1431
558, 1625
202, 1302
1739, 2437
661, 1739
1120, 1451
2297, 2298
2250, 2677
1139, 2677
1300, 2677
739, 1300
1537, 2439
2439, 2506
1868, 2506
1452, 1679
986, 1679
1094, 2773
66, 367
2646, 2913
29, 205
29, 333
29, 1018
1018, 2557
1812, 2557
743, 2557
333, 1923
27, 904
1001, 1518
1518, 2205
49, 2205
2847, 2986
1158, 1964
1158, 2501
1158, 2284
833, 2431
2431, 2479
674, 2479
990, 1260
1029, 1260
1029, 2130
1260, 1764
532, 2224
508, 1928
315, 1159
315, 2825
2513, 2580
1403, 1711
965, 2680
1138, 2099
1481, 1614
238, 439
1625, 2079
1256, 2003
331, 688
331, 939
939, 1958
770, 1958
1353, 2763
35, 487
487, 2724
694, 2724
694, 938
938, 2571
1854, 2571
938, 2978
1619, 2978
2319, 2646
655, 2337
381, 1551
967, 1551
1106, 2103
871, 2704
1362, 2704
1362, 1605
1362, 2443
1372, 1834
429, 1936
2097, 2744
254, 2097
1420, 2920
1420, 1501
834, 1501
527, 834
1214, 2426
1409, 2116
1252, 1281
1252, 2590
1252, 1966
1767, 2331
236, 2613
236, 2290
811, 2290
1387, 2292
1387, 2073
726, 2612
988, 2612
1512, 2250
1696, 2345
1559, 2345
366, 1133
1099, 2424
1172, 1649
1563, 2399
1442, 1562
210, 423
210, 905
2180, 2246
426, 942
182, 1070
935, 1070
732, 1282
810, 1987
889, 1987
654, 889
1999, 2987
2337, 2643
516, 2862
1002, 2450
1002, 2485
448, 490
448, 2270
314, 1040
1040, 1415
1040, 1278
2041, 2221
1541, 2221
2285, 2386
389, 2373
1528, 1967
507, 1967
507, 2606
2606, 2823
2309, 2606
2010, 2833
1716, 1837
335, 1016
335, 1953
293, 335
335, 2259
170, 1172
905, 2451
2451, 2800
576, 2807
470, 1625
1738, 2289
1060, 2289
115, 1877
392, 1228
377, 1228
377, 590
590, 2143
1519, 2457
2457, 2647
2647, 2938
619, 1856
2423, 2751
1164, 2423
303, 1164
316, 1164
706, 1771
68, 2011
728, 1113
2096, 2695
505, 2039
231, 505
118, 1042
352, 976
1219, 2621
136, 2392
411, 1721
2306, 2763
564, 2160
1044, 2160
137, 2544
1009, 1454
497, 2871
2057, 2871
523, 2783
984, 2783
784, 984
2412, 2783
1450, 2412
1450, 1727
457, 784
370, 2783
191, 370
1381, 1450
549, 2840
549, 1048
1470, 1598
1295, 1330
1699, 2374
1699, 1950
1281, 2538
438, 1055
727, 782
782, 1552
782, 1569
744, 1569
941, 1569
2058, 2727
338, 2727
433, 2184
408, 2434
2107, 2434
880, 2434
1419, 2654
1419, 1645
1645, 1955
1955, 2173
2173, 2502
2502, 2535
73, 2173
73, 179
179, 740
179, 1783
1783, 2742
179, 1927
948, 1927
1927, 2480
1096, 2073
2730, 2982
1657, 2990
2334, 2990
2892, 2990
1168, 1420
1429, 2519
936, 1429
615, 1045
1045, 2396
1183, 2396
1500, 2583
1727, 2671
1037, 2671
1505, 2218
718, 2106
954, 959
822, 954
822, 1406
822, 1361
31, 1361
575, 2257
841, 1060
167, 981
235, 981
489, 2357
1131, 1729
165, 2229
1212, 2229
131, 2229
1212, 1498
25, 1498
25, 1083
908, 1083
1250, 1498
1250, 2052
25, 1092
188, 1092
1610, 2706
176, 2674
176, 1787
1785, 1787
1785, 2851
1785, 2778
1397, 2654
1397, 2398
281, 1397
281, 2923
2240, 2398
1576, 2240
342, 1576
567, 2992
678, 2992
678, 1335
1335, 2720
476, 2720
476, 912
476, 2846
912, 1499
154, 1499
626, 678
390, 626
626, 1978
591, 2956
591, 612
1117, 2612
1824, 2391
212, 2391
1517, 2938
214, 1423
833, 2659
2146, 2447
1089, 2447
1089, 2469
2047, 2413
82, 609
324, 1430
1430, 2767
1593, 2806
1686, 2905
625, 2905
1551, 1656
1302, 2884
103, 2884
103, 1337
1417, 1426
628, 945
628, 2791
733, 2324
1788, 2682
33, 2114
1838, 2737
1015, 1206
1663, 2382
1148, 2122
823, 1148
823, 1581
647, 1581
823, 2907
1618, 2925
136, 1676
1676, 2820
1676, 1720
1985, 2820
2528, 2820
1474, 2820
1474, 2367
1676, 2754
848, 2754
1672, 1720
1828, 2754
606, 2753
253, 2441
512, 2951
1054, 2561
663, 1595
1595, 1980
1203, 1980
1955, 2959
2341, 2360
1840, 1953
430, 1840
605, 944
1323, 1553
1033, 2506
1033, 1258
239, 408
680, 2176
791, 1813
1705, 2597
517, 1705
785, 2496
785, 999
999, 1225
2271, 2680
2077, 2097
1119, 2965
827, 2965
1047, 2495
172, 2495
36, 172
1374, 2900
619, 1244
1347, 2936
1347, 2299
91, 2751
91, 695
695, 1340
226, 501
119, 1012
565, 1012
1404, 1523
890, 2014
996, 1329
119, 1952
406, 1952
340, 945
946, 2162
1033, 2448
270, 1401
1416, 1633
87, 1416
406, 2406
1460, 2406
779, 2793
2112, 2701
1162, 2701
1483, 2701
1417, 1894
1894, 2188
2188, 2242
1773, 2242
712, 1773
2141, 2242
1891, 2141
128, 2735
128, 830
444, 1461
378, 444
204, 444
495, 862
936, 2874
1018, 2768
2717, 2768
2768, 2877
1574, 2877
460, 2647
1363, 2810
1492, 2810
2468, 2810
1530, 2810
2209, 2810
1428, 2810
649, 2209
649, 1956
1492, 1751
360, 2483
1108, 2801
145, 302
302, 542
542, 633
350, 2855
350, 2200
629, 2411
629, 1495
1554, 1906
1600, 1906
473, 1600
1746, 1972
1972, 2120
630, 2123
369, 2218
1831, 2904
2417, 2535
388, 2939
60, 2939
60, 1841
60, 2715
114, 850
961, 1899
32, 1240
89, 1240
1122, 1403
1122, 2474
1122, 1893
410, 534
1121, 2978
465, 1251
1944, 2151
1944, 2771
2937, 2938
35, 1141
620, 689
301, 1993
2184, 2940
415, 2959
1163, 2329
597, 2466
597, 2342
597, 798
1579, 2390
330, 1138
2329, 2330
2466, 2725
2231, 2725
573, 2231
2344, 2725
2344, 2579
677, 733
1034, 2477
1328, 2477
1529, 2477
1039, 1529
33, 1774
1317, 1720
1299, 1574
1299, 1490
182, 667
1366, 2889
1366, 2408
1134, 1366
1708, 2408
28, 2070
28, 1608
419, 959
419, 2440
419, 494
288, 2892
288, 2295
972, 1204
972, 1526
972, 2683
1526, 1909
1258, 1629
1629, 2372
2277, 2372
101, 2277
1305, 2277
362, 1844
1294, 1814
1294, 1688
1908, 2899
448, 2416
2416, 2734
436, 2416
790, 1757
790, 2955
23, 2303
85, 570
177, 2166
1152, 2166
2166, 2490
2278, 2802
148, 2802
2802, 2954
450, 2954
1635, 2352
801, 1651
466, 1449
1640, 1925
275, 2083
1504, 2918
1504, 2729
141, 943
141, 1991
141, 1942
1087, 1894
685, 882
685, 2947
320, 685
320, 425
425, 1531
487, 1458
205, 2853
1988, 2853
2153, 2853
1903, 2930
1435, 1704
2018, 2325
1131, 1311
446, 1311
1311, 2523
18, 2523
18, 1175
446, 522
522, 1506
1157, 1506
1157, 1996
18, 1043
1078, 1956
600, 2486
340, 1846
262, 1464
885, 2094
117, 1518
845, 1176
1825, 2502
2299, 2858
62, 2281
1037, 2870
149, 1484
149, 2711
940, 2411
582, 2511
207, 2713
1698, 1872
510, 755
463, 510
859, 1795
2075, 2378
2075, 2550
63, 1217
1217, 2460
1651, 2199
2199, 2323
1315, 2207
782, 2970
309, 1266
83, 419
83, 1546
2207, 2536
581, 2685
332, 2685
332, 1916
1905, 1916
1905, 2594
373, 1196
1191, 2150
359, 1461
349, 2187
546, 2187
546, 931
1511, 2219
438, 1805
1508, 1543
1200, 2190
1100, 2190
2165, 2190
1700, 1948
515, 1939
840, 1899
71, 2215
548, 1476
1476, 1731
383, 2005
169, 1756
169, 1794
169, 2430
1414, 1794
169, 2204
343, 2328
1521, 1654
297, 2736
297, 509
254, 2958
1413, 1946
230, 2104
230, 2641
600, 1038
2277, 2972
2721, 2972
2679, 2721
1028, 2679
187, 1028
37, 1902
37, 46
46, 2669
387, 2598
348, 1155
1285, 2187
323, 2187
2235, 2535
632, 2235
30, 2448
452, 499
499, 1842
1842, 2194
1276, 1842
443, 2309
277, 443
277, 1405
1980, 2429
13, 241
241, 2576
2587, 2768
185, 1964
1824, 2595
1463, 2959
528, 1588
528, 2060
1149, 1807
1411, 1807
327, 1550
327, 2126
672, 2126
936, 1690
1690, 1715
538, 1715
270, 950
1544, 1694
63, 1935
815, 818
818, 1878
677, 1375
1375, 1799
186, 1799
186, 1232
186, 1660
758, 2509
918, 2107
838, 2561
838, 844
2524, 2551
557, 1912
1599, 2385
1402, 2555
1115, 2555
306, 2515
387, 1849
900, 1849
400, 1849
1478, 1789
2841, 2872
2449, 2841
681, 1751
24, 2819
1324, 2819
1052, 1280
1290, 1909
130, 1290
964, 1719
1170, 1419
1170, 2264
2163, 2242
1756, 2747
1560, 2095
142, 2095
142, 1768
987, 2788
1251, 2326
2300, 2326
826, 2753
826, 2113
1847, 1969
1020, 1847
723, 1020
625, 1901
785, 1077
1202, 2103
759, 2596
1181, 1981
1265, 1981
487, 1669
1740, 2903
484, 1704
50, 176
50, 1655
1655, 2389
607, 1845
202, 624
624, 756
1377, 1549
92, 1580
2718, 2856
1147, 1343
2442, 2985
344, 602
602, 2100
1591, 2100
749, 1185
569, 2694
627, 2762
749, 1542
1542, 2667
526, 2352
526, 2247
245, 965
1201, 1536
1810, 2678
420, 936
2300, 2689
1926, 2122
2415, 2419
1325, 2210
221, 997
1182, 2137
2268, 2351
1057, 2121
1198, 1227
2210, 2611
2776, 2784
1103, 2776
1103, 1723
1103, 1826
1964, 2809
916, 2809
199, 916
263, 1940
911, 1601
1771, 2675
395, 1708
268, 2172
268, 2530
192, 268
410, 2283
1035, 2283
648, 1035
648, 2086
213, 2086
729, 2394
1613, 2012
1173, 1556
1296, 1556
105, 284
105, 2760
211, 2299
839, 2614
44, 858
983, 2876
293, 1364
1364, 1975
1193, 1975
2025, 2873
1297, 2025
2025, 2492
2705, 2929
652, 1139
652, 1075
133, 338
281, 380
1886, 2950
1886, 2803
658, 1779
1479, 1779
2191, 2811
685, 1174
1190, 1860
187, 2225
1107, 2696
1749, 1930
2089, 2863
2266, 2692
669, 2089
1818, 2564
247, 1887
258, 2487
1368, 2859
1157, 1892
1892, 2470
1341, 1892
2203, 2545
1108, 2030
1444, 1943
54, 2662
1288, 1371
469, 1325
2490, 2716
812, 2716
2681, 2910
1342, 2255
2149, 2888
987, 2453
717, 2484
524, 2045
276, 1283
876, 2323
493, 1538
493, 1292
1127, 1816
377, 2743
280, 2743
1063, 2518
40, 1384
1951, 2429
424, 2094
2239, 2748
998, 2239
593, 1262
1757, 1973
78, 1973
2573, 2601
690, 2221
886, 2857
158, 1687
1407, 2375
100, 1662
1895, 2766
1510, 1700
2300, 2830
1095, 2274
673, 2274
673, 2733
2308, 2522
402, 586
77, 1577
683, 1623
658, 1520
147, 957
1307, 2432
1307, 2664
766, 2664
370, 852
59, 2828
496, 2085
503, 1929
808, 1718
1285, 2004
477, 799
513, 913
513, 2649
513, 2624
92, 2500
47, 472
290, 1055
437, 672
2443, 2633
1410, 2538
714, 2955
714, 2657
1759, 2706
769, 2516
783, 2339
735, 2485
831, 2648
84, 2225
155, 2690
1803, 2690
51, 408
568, 2038
2180, 2981
418, 2981
595, 2981
519, 2148
1561, 2346
2346, 2808
1740, 2313
730, 1555
1190, 1644
588, 870
329, 2977
920, 2623
920, 1717
688, 2661
286, 1369
915, 1369
915, 2738
492, 1056
1020, 2304
2211, 2476
1969, 2263
1850, 2525
266, 2478
913, 1534
376, 2601
376, 1274
2001, 2843
1541, 1791
529, 1146
648, 2604
1188, 1757
1312, 2196
2196, 2638
1430, 1817
1817, 1937
745, 1937
39, 2693
2187, 2602
741, 1471
741, 1050
1516, 2122
1682, 2235
792, 1681
1353, 2267
1760, 2971
2330, 2637
168, 865
1683, 2605
800, 1561
2317, 2427
139, 1126
237, 2170
1793, 2087
409, 2402
251, 579
795, 869
554, 869
7, 356
356, 1590
923, 1019
337, 1920
374, 2703
374, 1021
777, 1021
374, 531
531, 2428
666, 2035
1179, 2035
502, 2464
122, 312
1695, 2390
1412, 2988
1797, 2815
1703, 2185
1485, 2185
1081, 1485
851, 1081
2866, 2994
863, 1811
863, 2084
863, 2393
922, 2393
922, 2067
1111, 1345
218, 638
1735, 2976
1229, 1677
716, 1229
897, 1929
532, 1209
9, 2581
1118, 2581
949, 2651
212, 385
1713, 2463
296, 496
296, 2118
1657, 2032
864, 1578
181, 864
181, 2968
889, 2726
1702, 2075
708, 882
709, 1990
335, 2542
1108, 2769
1398, 2769
257, 355
257, 1408
74, 132
78, 977
329, 1653
978, 2297
893, 2037
1592, 2880
1017, 2547
240, 2406
1626, 1696
1626, 2147
498, 804
686, 691
673, 879
1218, 2645
750, 771
1731, 2755
1668, 2965
827, 2708
660, 2708
2332, 2900
2311, 2954
641, 2311
1921, 2311
1068, 1815
1116, 2142
228, 1423
1735, 1995
98, 542
1301, 2377
1868, 2265
518, 766
81, 1918
860, 1281
383, 1493
864, 1867
836, 2714
836, 2529
1079, 2529
2253, 2763
1693, 2481
2578, 2941
960, 1394
230, 2133
1777, 2393
966, 1664
917, 2275
646, 917
701, 2239
1986, 2421
424, 2482
2272, 2987
1951, 2619
1104, 1837
53, 2737
1465, 1575
200, 2050
547, 1813
547, 2254
665, 1693
162, 964
1273, 2073
1273, 2934
1273, 2503
874, 2250
874, 1023
598, 1074
1239, 2532
1239, 2969
531, 2848
1369, 1879
1357, 2321
1128, 2108
2066, 2695
120, 1297
518, 2444
150, 2667
1437, 1874
743, 1392
271, 2487
67, 1467
1782, 2458
201, 2526
135, 2797
135, 2364
183, 2570
1557, 2594
866, 1993
814, 2562
986, 1652
1129, 1395
347, 382
1737, 2567
1621, 2788
676, 1621
1465, 2799
2411, 2931
691, 2781
1880, 1882
213, 292
292, 584
1796, 2605
1768, 2051
70, 1491
70, 317
3, 70
1308, 2435
269, 346
775, 1956
1270, 2898
118, 1631
616, 1267
42, 1152
1960, 2359
1433, 1636
257, 2048
924, 2043
539, 880
308, 2616
116, 185
1820, 2521
535, 1072
1399, 2341
1113, 2054
1632, 1762
1020, 1885
742, 2797
958, 1180
933, 2878
1484, 2984
19, 2587
1455, 2838
60, 1647
223, 1262
2629, 2770
1582, 2774
1260, 2236
232, 2236
232, 2401
264, 2732
161, 1497
1643, 2395
1468, 1643
707, 1074
803, 1501
349, 2000
1638, 2531
562, 688
538, 2244
283, 631
1361, 1673
166, 1770
1710, 2129
271, 1349
1091, 2596
1211, 1366
2398, 2779
1293, 2777
86, 1854
1051, 1221
160, 552
552, 2144
157, 634
2159, 2255
2169, 2642
437, 2138
1156, 2175
741, 2024
1769, 2105
529, 2842
90, 2439
651, 1578
184, 2149
184, 2288
362, 1564
1564, 2333
1447, 2942
222, 2515
1885, 2488
2193, 2722
599, 718
734, 975
741, 1388
1261, 1388
1024, 1480
88, 2294
906, 2465
319, 755
319, 2622
341, 2880
328, 2577
434, 451
