2.272855
0, 54
29, 54
29, 82
29, 39
19, 29
19, 40
19, 23
23, 56
56, 79
69, 79
69, 81
3, 69
3, 34
25, 69
25, 74
9, 74
9, 70
24, 25
17, 24
17, 30
30, 90
1, 90
30, 42
89, 90
1, 46
45, 46
46, 91
17, 94
20, 94
7, 17
87, 90
14, 34
25, 92
80, 92
21, 92
60, 80
77, 92
75, 80
44, 45
9, 93
29, 35
35, 38
37, 91
57, 79
57, 95
61, 93
33, 39
50, 95
3, 12
12, 16
12, 49
49, 58
58, 76
16, 73
2, 73
26, 39
26, 64
78, 92
51, 78
61, 98
18, 37
5, 18
18, 28
65, 73
65, 84
80, 88
46, 99
46, 86
31, 86
67, 86
13, 86
13, 22
0, 63
53, 63
10, 24
91, 97
8, 97
47, 97
17, 59
41, 74
29, 66
23, 32
32, 68
55, 68
15, 75
83, 89
83, 96
4, 96
85, 96
27, 85
72, 88
39, 62
52, 81
11, 52
6, 11
52, 71
43, 61
48, 63
36, 72
