22.798001
0, 44
44, 966
393, 966
393, 777
393, 472
777, 786
273, 786
22, 273
22, 863
119, 472
786, 940
472, 719
168, 719
273, 971
726, 971
660, 726
459, 971
167, 966
34, 167
777, 907
547, 907
733, 907
733, 892
647, 892
647, 985
660, 873
204, 966
204, 551
204, 348
204, 297
527, 551
44, 402
402, 991
34, 94
94, 513
94, 460
513, 899
460, 730
513, 611
138, 611
138, 550
252, 550
603, 611
426, 550
268, 426
426, 429
128, 429
128, 837
426, 575
575, 802
802, 809
206, 802
206, 617
206, 648
575, 882
769, 802
539, 769
64, 539
405, 539
405, 934
801, 934
257, 405
257, 514
257, 495
443, 495
495, 712
96, 712
429, 678
678, 858
798, 858
301, 798
105, 301
328, 802
514, 986
947, 986
294, 947
355, 986
355, 866
783, 866
491, 866
491, 582
313, 491
313, 423
582, 776
491, 753
423, 620
423, 868
868, 890
739, 890
12, 739
595, 753
106, 491
106, 249
249, 282
282, 291
4, 291
282, 994
619, 994
245, 619
486, 619
486, 976
245, 693
106, 530
530, 742
223, 742
247, 530
247, 417
247, 606
157, 417
291, 630
74, 630
173, 223
173, 764
249, 784
222, 742
154, 222
154, 160
160, 499
499, 987
100, 987
154, 624
213, 739
213, 710
213, 932
213, 269
606, 614
496, 710
496, 782
782, 829
515, 829
61, 496
61, 361
544, 829
315, 829
315, 687
315, 564
687, 792
537, 792
564, 942
505, 687
505, 813
195, 564
17, 195
17, 704
449, 499
177, 449
177, 672
449, 572
140, 572
24, 449
810, 947
649, 810
800, 810
59, 800
649, 715
361, 676
831, 890
133, 715
133, 197
197, 612
173, 640
215, 648
215, 992
215, 500
215, 946
536, 946
68, 536
536, 982
68, 707
91, 707
91, 929
292, 929
185, 707
185, 310
310, 628
445, 628
929, 964
806, 964
445, 482
445, 664
664, 844
410, 664
410, 793
148, 410
380, 664
576, 664
148, 225
39, 225
39, 508
508, 763
39, 117
329, 763
39, 735
722, 735
411, 722
225, 743
53, 225
53, 118
202, 411
202, 596
202, 403
13, 403
13, 803
356, 803
235, 596
13, 193
193, 696
11, 696
13, 908
520, 908
414, 520
414, 522
144, 403
13, 192
192, 399
793, 816
816, 832
397, 832
434, 832
478, 832
689, 793
590, 689
113, 590
113, 728
728, 762
590, 847
847, 984
847, 912
39, 855
118, 633
618, 633
598, 793
30, 832
30, 416
296, 416
112, 144
192, 911
122, 911
83, 122
83, 266
53, 364
633, 944
83, 489
118, 389
157, 918
509, 918
345, 509
52, 74
739, 808
328, 584
584, 671
172, 671
172, 876
671, 789
638, 789
88, 789
581, 789
43, 172
671, 817
146, 671
152, 638
152, 453
453, 818
152, 897
453, 594
27, 594
27, 600
600, 661
45, 661
27, 359
359, 419
45, 655
655, 729
152, 928
152, 523
372, 671
172, 548
501, 548
548, 980
501, 526
38, 980
73, 501
363, 501
363, 939
45, 101
123, 359
45, 516
69, 516
69, 903
114, 903
65, 903
835, 903
591, 903
378, 591
327, 835
661, 774
773, 774
47, 774
6, 729
6, 639
302, 639
302, 795
284, 302
190, 284
190, 362
362, 887
362, 463
176, 284
100, 150
150, 374
150, 398
229, 398
103, 398
398, 646
136, 398
136, 616
85, 136
85, 433
1, 433
1, 909
1, 33
33, 109
1, 21
1, 910
910, 948
373, 876
324, 373
207, 329
207, 755
755, 931
131, 929
54, 844
769, 981
22, 990
920, 990
716, 920
892, 945
65, 218
301, 521
41, 521
41, 243
429, 861
185, 657
625, 657
625, 682
450, 682
309, 947
24, 408
223, 549
20, 549
292, 843
780, 843
780, 834
321, 834
46, 843
46, 330
500, 538
423, 721
105, 244
213, 285
285, 568
285, 637
637, 711
264, 285
164, 264
164, 388
169, 932
169, 592
169, 487
169, 474
168, 407
407, 431
431, 954
512, 980
176, 904
904, 952
281, 904
281, 354
641, 904
367, 689
367, 479
543, 868
430, 543
73, 342
332, 834
635, 803
635, 851
346, 851
429, 532
502, 532
532, 662
125, 662
662, 744
396, 662
396, 542
125, 221
221, 303
513, 906
58, 417
256, 625
256, 993
4, 785
163, 537
163, 454
454, 622
79, 622
79, 360
271, 423
271, 565
257, 896
272, 896
882, 997
161, 997
718, 997
718, 979
265, 718
161, 475
56, 979
184, 939
184, 480
285, 325
618, 768
570, 834
456, 570
212, 456
212, 747
554, 570
157, 627
627, 999
271, 658
444, 449
29, 496
29, 78
29, 566
488, 566
386, 396
386, 452
386, 498
71, 498
71, 833
288, 452
288, 439
439, 815
401, 815
401, 695
288, 451
262, 451
390, 815
333, 695
288, 857
857, 925
815, 995
153, 995
451, 621
43, 111
111, 869
471, 869
260, 471
25, 405
25, 435
25, 51
51, 770
51, 680
376, 680
435, 699
450, 703
200, 863
200, 352
352, 531
254, 531
19, 254
19, 258
68, 812
196, 812
196, 337
196, 799
337, 384
237, 812
686, 693
830, 952
194, 496
9, 194
737, 782
737, 893
893, 913
269, 914
129, 914
788, 809
578, 906
87, 578
19, 448
387, 448
387, 555
434, 958
677, 913
263, 677
559, 677
559, 651
276, 651
510, 651
174, 263
276, 967
11, 970
629, 639
232, 629
232, 684
160, 320
320, 626
544, 927
150, 233
590, 771
162, 771
526, 933
569, 933
734, 933
540, 734
540, 867
867, 974
775, 974
589, 734
589, 601
601, 656
562, 656
95, 656
507, 696
394, 507
210, 719
210, 316
316, 349
84, 985
84, 705
705, 919
494, 919
319, 559
340, 543
340, 805
558, 805
97, 558
558, 850
97, 960
82, 313
82, 214
79, 886
875, 886
494, 839
360, 400
369, 400
400, 921
344, 921
28, 921
244, 874
822, 874
422, 874
271, 930
230, 930
198, 930
198, 643
56, 458
268, 937
605, 946
541, 605
14, 541
48, 541
48, 836
243, 701
666, 701
159, 979
347, 538
347, 846
663, 846
561, 663
546, 561
521, 761
509, 706
738, 812
738, 881
31, 881
498, 560
15, 41
15, 304
149, 783
149, 870
533, 870
7, 870
366, 798
366, 760
366, 821
51, 972
299, 972
26, 299
953, 972
377, 972
307, 520
307, 504
445, 845
561, 613
279, 613
247, 905
593, 641
34, 996
823, 996
395, 813
395, 950
468, 950
293, 468
124, 468
395, 723
723, 924
384, 428
428, 497
93, 715
93, 170
254, 277
277, 895
895, 959
165, 277
165, 179
36, 179
87, 632
632, 698
441, 698
351, 441
351, 586
501, 690
690, 998
175, 998
631, 835
493, 631
493, 854
409, 631
409, 714
409, 688
99, 714
714, 938
757, 809
37, 757
286, 813
673, 734
194, 503
269, 334
246, 334
91, 797
75, 795
108, 993
108, 577
195, 955
879, 955
220, 641
220, 317
126, 293
458, 597
231, 737
147, 231
8, 147
136, 227
227, 915
880, 915
880, 898
86, 898
208, 516
153, 239
211, 958
180, 663
31, 607
57, 388
57, 862
515, 936
599, 936
70, 346
107, 997
378, 608
452, 794
192, 483
133, 623
65, 141
141, 424
217, 500
217, 339
335, 339
407, 860
860, 891
529, 638
306, 950
17, 724
587, 735
23, 687
825, 966
469, 825
55, 469
55, 343
343, 511
42, 511
42, 440
81, 440
440, 740
469, 519
358, 440
358, 732
700, 732
563, 700
358, 644
732, 969
219, 237
631, 848
203, 848
131, 917
445, 665
249, 731
697, 731
697, 878
162, 477
425, 909
465, 913
155, 465
155, 916
9, 765
308, 581
308, 535
80, 535
80, 295
80, 567
331, 567
20, 280
191, 538
191, 988
224, 846
18, 586
40, 999
158, 354
303, 758
291, 517
442, 690
442, 989
725, 991
856, 936
434, 923
371, 733
371, 884
48, 137
77, 398
16, 458
16, 748
736, 748
115, 736
115, 298
104, 175
290, 369
648, 820
683, 820
35, 683
21, 675
759, 839
242, 759
330, 727
350, 733
452, 840
283, 762
109, 382
807, 890
807, 853
60, 682
353, 628
140, 756
805, 949
667, 953
59, 579
579, 975
289, 579
289, 968
289, 965
965, 978
63, 965
63, 261
261, 604
604, 841
261, 574
212, 420
383, 423
305, 596
240, 563
267, 500
142, 509
374, 702
649, 961
74, 877
412, 729
321, 365
117, 670
610, 739
421, 610
368, 610
368, 461
536, 977
234, 953
393, 900
808, 885
72, 260
72, 973
72, 492
411, 642
210, 778
236, 929
121, 584
415, 997
578, 751
485, 751
345, 669
634, 669
322, 634
322, 828
314, 899
252, 518
312, 518
98, 954
772, 846
11, 90
85, 811
186, 233
110, 186
422, 484
300, 484
120, 523
10, 160
679, 805
277, 580
580, 826
62, 443
62, 490
143, 490
143, 156
127, 490
516, 790
767, 911
85, 432
338, 936
134, 365
440, 814
814, 827
827, 963
827, 901
92, 901
872, 901
188, 453
188, 819
318, 495
5, 658
5, 391
201, 391
275, 391
137, 943
935, 943
462, 935
381, 462
719, 889
487, 645
564, 681
681, 849
322, 481
56, 446
446, 838
687, 796
135, 231
596, 741
116, 520
301, 852
752, 789
323, 752
323, 779
50, 856
505, 691
311, 901
183, 311
525, 997
255, 798
595, 922
353, 766
304, 962
130, 962
539, 888
737, 824
749, 863
2, 933
187, 611
336, 939
336, 791
218, 685
476, 685
31, 438
859, 968
122, 926
804, 994
266, 781
110, 842
89, 302
89, 470
66, 891
528, 903
169, 241
379, 845
392, 938
392, 746
145, 887
78, 466
466, 552
287, 802
341, 423
3, 381
653, 763
235, 956
615, 680
745, 904
745, 957
951, 957
553, 624
67, 319
79, 171
199, 578
212, 668
32, 762
467, 886
209, 539
216, 766
264, 534
362, 720
381, 864
189, 306
385, 741
274, 306
871, 975
440, 659
447, 659
659, 983
413, 875
270, 828
436, 862
292, 692
750, 994
708, 750
286, 326
232, 427
654, 886
221, 278
567, 588
226, 331
196, 437
189, 717
166, 717
250, 313
76, 919
102, 400
237, 585
180, 181
445, 902
205, 302
248, 634
0, 557
146, 883
571, 881
524, 899
602, 642
18, 506
455, 912
556, 648
39, 636
238, 659
238, 713
226, 406
609, 639
259, 931
259, 357
151, 476
464, 686
524, 650
10, 754
674, 754
158, 182
472, 941
178, 233
79, 370
404, 701
715, 787
81, 709
457, 832
418, 913
228, 665
139, 290
160, 545
243, 573
473, 658
405, 894
74, 865
583, 963
132, 146
70, 253
481, 694
49, 225
251, 406
201, 375
400, 652
