2.404891
0, 649
0, 389
389, 453
0, 981
453, 923
389, 738
698, 738
243, 738
243, 454
241, 698
454, 610
177, 610
177, 640
454, 771
205, 698
205, 935
689, 738
638, 738
638, 939
241, 976
69, 976
913, 976
69, 582
69, 238
868, 939
69, 795
28, 795
28, 865
160, 865
41, 865
41, 980
160, 497
865, 973
762, 973
160, 559
119, 980
28, 892
839, 892
41, 853
510, 853
510, 803
165, 510
165, 897
290, 897
96, 290
96, 321
74, 96
74, 329
96, 929
308, 929
30, 929
130, 308
130, 574
96, 490
30, 145
574, 982
70, 290
70, 412
129, 412
129, 487
129, 668
668, 873
80, 873
534, 668
80, 446
60, 446
207, 668
668, 920
487, 565
516, 565
779, 873
335, 920
446, 537
537, 547
145, 164
164, 434
434, 603
164, 545
260, 497
45, 260
45, 181
181, 859
260, 299
226, 260
226, 396
181, 593
593, 647
85, 647
276, 859
60, 378
378, 381
292, 434
48, 497
131, 803
131, 734
284, 853
284, 882
494, 882
212, 494
494, 539
222, 284
86, 539
86, 604
300, 604
457, 882
407, 534
74, 349
349, 629
87, 349
349, 872
218, 872
218, 934
87, 631
101, 872
101, 541
541, 569
48, 491
132, 491
51, 132
707, 982
381, 807
807, 817
807, 986
67, 986
67, 867
67, 223
615, 817
827, 986
819, 827
819, 910
513, 910
472, 819
472, 759
438, 807
115, 438
314, 438
314, 588
732, 827
807, 877
751, 817
441, 751
139, 751
139, 522
139, 421
877, 926
748, 819
482, 748
225, 482
482, 985
675, 985
601, 675
368, 601
398, 601
444, 601
19, 444
19, 837
612, 837
612, 830
100, 225
100, 198
82, 100
198, 259
259, 383
383, 878
189, 383
557, 748
39, 383
39, 915
398, 788
268, 675
438, 726
726, 901
363, 901
201, 222
201, 343
343, 462
201, 876
597, 876
154, 597
154, 229
378, 941
393, 751
312, 929
312, 755
37, 755
288, 755
288, 796
288, 423
288, 447
447, 614
52, 614
52, 458
173, 796
173, 802
173, 246
246, 821
821, 824
821, 847
172, 246
821, 855
246, 498
498, 562
478, 498
427, 478
478, 835
710, 835
620, 835
628, 847
493, 710
493, 739
496, 739
146, 478
460, 498
324, 824
324, 684
313, 684
313, 820
684, 845
581, 820
304, 845
11, 821
11, 750
263, 750
171, 562
171, 641
514, 614
514, 572
136, 514
458, 468
468, 887
112, 468
56, 821
56, 899
706, 899
162, 706
706, 919
440, 919
440, 761
322, 761
202, 761
319, 919
319, 946
671, 946
267, 671
267, 950
324, 461
796, 826
52, 274
79, 274
79, 452
79, 183
452, 501
79, 860
183, 792
167, 792
167, 883
133, 883
883, 974
808, 974
144, 974
653, 974
805, 808
93, 144
93, 293
93, 741
144, 844
289, 844
183, 385
367, 385
123, 367
274, 550
550, 586
765, 808
501, 524
524, 714
682, 714
215, 682
215, 764
107, 764
215, 477
477, 619
464, 619
808, 903
152, 761
764, 952
952, 964
681, 821
371, 847
190, 371
371, 813
683, 813
190, 768
46, 768
46, 211
578, 768
578, 727
442, 727
104, 768
104, 230
230, 969
778, 969
104, 249
249, 665
408, 665
27, 665
27, 598
566, 665
354, 566
227, 354
227, 377
230, 347
459, 598
665, 858
543, 858
161, 750
161, 831
98, 161
802, 907
681, 828
583, 828
828, 886
718, 886
718, 948
718, 984
128, 984
128, 662
128, 401
128, 384
116, 384
116, 402
911, 984
331, 911
153, 331
7, 153
7, 742
7, 370
319, 814
217, 706
114, 324
167, 870
211, 380
380, 743
743, 854
743, 783
182, 743
182, 862
40, 862
40, 842
40, 840
111, 761
691, 778
630, 691
691, 994
630, 987
422, 987
47, 987
89, 422
89, 724
697, 987
688, 987
118, 987
118, 465
724, 958
756, 958
40, 372
733, 783
636, 733
338, 468
81, 338
81, 429
338, 351
351, 436
351, 410
410, 758
73, 351
338, 811
176, 436
176, 659
53, 659
176, 766
176, 325
325, 760
503, 760
2, 176
15, 73
16, 714
16, 403
167, 375
375, 488
573, 842
840, 894
236, 338
465, 576
356, 576
356, 492
576, 702
14, 260
250, 312
309, 539
269, 765
80, 178
178, 476
476, 560
560, 990
140, 990
560, 949
780, 949
232, 821
232, 770
745, 770
648, 745
648, 972
519, 972
554, 648
216, 554
564, 886
19, 191
460, 590
590, 810
521, 718
521, 723
415, 723
359, 415
415, 624
228, 624
228, 485
228, 425
359, 895
6, 624
425, 456
13, 895
13, 983
49, 983
49, 168
3, 49
415, 577
6, 977
696, 977
443, 983
242, 671
208, 242
43, 208
208, 904
330, 904
330, 332
16, 763
479, 808
479, 789
632, 789
789, 963
484, 963
484, 613
200, 319
200, 297
75, 572
129, 715
408, 536
536, 898
209, 898
12, 154
849, 948
462, 871
23, 871
380, 579
367, 940
668, 852
455, 612
105, 860
169, 415
472, 861
833, 861
130, 445
445, 544
232, 504
273, 504
286, 371
546, 811
66, 546
44, 66
155, 425
155, 220
71, 892
221, 289
49, 971
799, 842
376, 799
417, 590
632, 906
525, 915
525, 996
35, 396
493, 694
316, 694
391, 694
391, 680
316, 411
45, 414
10, 225
10, 365
194, 365
666, 805
217, 553
15, 357
326, 421
281, 326
326, 823
9, 823
266, 281
26, 266
26, 397
9, 580
499, 971
254, 638
322, 953
406, 745
306, 789
103, 306
260, 851
500, 851
690, 851
192, 484
192, 369
192, 735
137, 192
192, 248
248, 264
264, 352
626, 733
296, 626
296, 959
214, 688
385, 651
853, 917
289, 705
255, 615
649, 962
791, 906
596, 791
626, 709
22, 465
22, 252
22, 533
237, 533
237, 956
353, 839
353, 430
353, 825
117, 825
117, 307
307, 713
307, 388
372, 979
227, 424
277, 424
670, 985
136, 736
361, 736
5, 361
289, 822
528, 822
186, 528
64, 528
64, 109
109, 916
463, 916
334, 916
334, 591
784, 916
64, 428
591, 875
728, 875
8, 875
8, 355
355, 695
355, 506
8, 55
55, 439
55, 58
55, 928
171, 890
670, 800
508, 800
111, 957
121, 372
121, 746
147, 746
746, 797
346, 746
346, 725
24, 725
24, 634
223, 687
474, 865
134, 474
134, 669
474, 818
234, 669
234, 339
339, 505
731, 818
1, 731
233, 731
233, 838
232, 635
348, 635
348, 489
138, 348
138, 621
489, 661
1, 310
770, 836
570, 836
83, 147
83, 224
224, 305
698, 721
238, 285
285, 951
538, 951
765, 884
584, 734
315, 745
315, 435
405, 588
405, 633
344, 405
709, 954
310, 589
330, 645
40, 278
495, 954
152, 639
679, 976
659, 922
280, 922
366, 724
366, 914
752, 914
48, 571
33, 571
400, 826
586, 757
92, 630
92, 790
790, 955
175, 790
175, 451
451, 937
76, 101
76, 157
157, 769
178, 253
720, 808
524, 660
141, 757
141, 213
213, 336
336, 644
59, 336
544, 600
106, 581
110, 423
634, 938
94, 938
94, 891
773, 891
51, 184
67, 618
77, 397
168, 832
832, 885
42, 832
380, 609
609, 793
379, 609
379, 924
345, 924
36, 345
438, 605
605, 772
79, 927
927, 932
637, 932
568, 637
4, 637
4, 652
252, 700
521, 561
392, 561
392, 997
185, 392
690, 991
487, 587
507, 645
289, 989
65, 989
29, 65
65, 678
282, 430
282, 767
767, 909
282, 552
395, 632
193, 395
633, 646
618, 880
151, 758
151, 204
204, 611
54, 611
32, 860
34, 488
430, 848
804, 848
782, 804
63, 681
63, 902
91, 405
123, 943
357, 540
179, 959
68, 179
199, 688
256, 384
502, 818
142, 680
142, 358
142, 711
360, 711
270, 497
270, 801
183, 535
57, 535
209, 470
953, 965
298, 569
110, 625
102, 827
387, 854
319, 608
607, 608
563, 607
168, 846
496, 627
113, 173
262, 847
595, 684
36, 50
374, 694
165, 672
155, 382
382, 744
382, 431
22, 432
314, 520
80, 667
279, 667
252, 719
118, 518
518, 558
364, 518
364, 930
159, 930
174, 364
174, 650
650, 961
287, 961
174, 798
52, 585
219, 683
219, 677
677, 998
564, 888
275, 547
960, 962
157, 295
295, 594
208, 747
30, 774
655, 774
774, 863
161, 699
158, 699
158, 664
495, 548
530, 548
170, 548
170, 975
241, 674
674, 931
567, 795
226, 239
90, 876
404, 428
136, 245
245, 777
456, 509
215, 970
246, 843
601, 881
203, 518
95, 141
95, 834
515, 650
157, 419
419, 737
189, 542
327, 542
108, 961
108, 944
301, 944
255, 692
729, 814
729, 776
729, 730
244, 868
244, 291
341, 446
229, 816
125, 291
521, 900
156, 900
466, 900
156, 283
203, 740
580, 874
523, 874
829, 874
523, 551
789, 815
622, 815
467, 961
234, 912
205, 966
656, 966
576, 617
258, 550
362, 662
417, 908
196, 718
196, 995
241, 942
785, 887
830, 879
18, 879
124, 288
124, 481
257, 277
197, 419
633, 992
25, 193
341, 869
73, 469
206, 770
125, 333
21, 296
491, 850
144, 150
150, 708
663, 820
126, 663
122, 958
149, 822
149, 575
575, 775
149, 893
261, 485
5, 549
1, 231
231, 812
787, 812
787, 967
489, 602
237, 311
311, 918
394, 870
426, 815
426, 512
399, 758
827, 999
780, 905
921, 990
346, 676
271, 678
141, 654
509, 925
267, 556
323, 556
78, 577
20, 78
397, 409
409, 712
302, 712
511, 571
342, 562
328, 342
704, 913
61, 765
61, 210
38, 210
210, 866
592, 866
373, 866
433, 465
228, 606
413, 606
303, 492
340, 952
240, 939
449, 533
17, 934
247, 928
188, 449
188, 754
188, 993
143, 852
143, 317
317, 480
493, 703
120, 341
418, 559
164, 195
72, 195
350, 989
517, 873
224, 337
531, 820
623, 703
634, 988
183, 947
786, 947
306, 809
135, 623
184, 187
187, 933
526, 933
187, 896
163, 169
97, 163
616, 849
358, 686
180, 678
84, 854
394, 978
241, 945
658, 954
272, 899
272, 320
671, 794
386, 551
127, 659
204, 936
348, 529
201, 693
693, 856
299, 685
619, 889
483, 889
398, 437
383, 722
467, 753
405, 599
416, 795
318, 416
294, 368
411, 717
420, 519
527, 639
111, 701
643, 913
41, 673
216, 235
148, 779
716, 920
642, 673
821, 841
448, 841
574, 857
490, 781
49, 88
238, 450
749, 948
427, 806
166, 806
166, 968
296, 657
471, 531
167, 390
265, 942
486, 920
99, 841
473, 796
90, 475
555, 707
330, 532
31, 605
251, 353
62, 907
556, 864
