23.554383
0, 455
0, 234
36, 234
234, 445
36, 70
11, 70
70, 428
23, 428
36, 414
198, 428
137, 455
42, 428
42, 487
440, 487
3, 440
424, 487
305, 424
91, 487
91, 235
407, 424
287, 407
191, 287
137, 462
54, 462
11, 344
70, 387
54, 486
271, 486
211, 486
211, 339
91, 467
216, 467
216, 354
64, 455
36, 478
340, 478
173, 340
38, 173
38, 454
38, 385
272, 340
98, 272
272, 383
309, 478
128, 486
128, 281
199, 281
29, 199
128, 415
11, 170
170, 355
154, 170
161, 170
161, 391
111, 391
111, 243
243, 444
168, 444
168, 270
168, 251
45, 168
48, 251
48, 362
105, 362
362, 491
28, 251
226, 362
226, 291
226, 323
362, 410
344, 481
42, 101
101, 129
129, 494
382, 494
352, 494
252, 494
169, 252
240, 352
188, 240
47, 129
141, 382
132, 141
2, 132
141, 278
132, 324
2, 53
44, 278
141, 162
162, 489
229, 489
469, 489
71, 469
205, 240
205, 337
425, 469
188, 296
71, 104
104, 246
246, 262
20, 246
20, 450
34, 104
61, 382
51, 61
51, 460
398, 460
52, 398
398, 465
52, 59
59, 386
59, 219
438, 460
311, 438
97, 219
97, 142
125, 142
125, 171
97, 215
178, 215
97, 108
88, 125
49, 88
49, 238
160, 238
151, 160
49, 263
151, 179
138, 179
21, 151
21, 204
204, 372
179, 221
59, 257
275, 324
4, 240
217, 263
217, 223
311, 390
390, 399
300, 390
337, 373
52, 230
70, 430
227, 271
95, 227
50, 95
50, 456
153, 227
8, 50
227, 248
50, 472
95, 499
237, 499
12, 237
12, 207
207, 286
286, 447
274, 447
95, 346
57, 346
14, 445
14, 242
278, 316
362, 446
446, 457
201, 457
26, 201
201, 225
69, 225
69, 341
69, 289
155, 341
155, 356
328, 356
327, 328
99, 327
356, 366
63, 366
327, 471
328, 452
124, 452
63, 432
80, 99
80, 396
63, 464
80, 495
273, 495
218, 273
121, 432
117, 129
117, 181
181, 329
240, 426
208, 426
65, 208
85, 208
65, 380
33, 380
371, 380
32, 371
371, 436
436, 459
85, 322
322, 497
417, 497
194, 417
417, 485
142, 442
24, 270
90, 104
246, 338
149, 455
149, 367
136, 235
30, 136
30, 158
304, 487
364, 447
57, 347
244, 347
197, 244
190, 347
39, 190
190, 295
295, 348
39, 293
79, 293
34, 333
275, 297
214, 293
214, 298
298, 408
175, 298
9, 408
9, 488
245, 488
135, 408
135, 313
193, 273
334, 380
175, 359
295, 461
315, 440
86, 286
86, 377
41, 377
41, 496
81, 377
148, 499
147, 414
147, 224
145, 224
147, 493
78, 493
482, 495
141, 498
337, 412
106, 412
302, 347
233, 302
150, 302
74, 150
302, 326
65, 83
97, 335
131, 215
131, 419
94, 131
112, 348
77, 78
104, 369
131, 437
411, 437
116, 411
167, 304
95, 277
277, 418
214, 358
38, 143
143, 379
44, 203
450, 470
265, 470
107, 265
205, 259
106, 187
60, 187
60, 144
169, 261
6, 261
261, 285
341, 490
27, 490
241, 495
73, 205
73, 389
240, 420
145, 483
186, 372
186, 319
166, 490
166, 318
14, 200
127, 200
416, 462
276, 385
72, 276
198, 336
128, 306
157, 306
18, 306
20, 67
67, 222
76, 222
222, 269
35, 124
376, 481
376, 475
225, 303
22, 303
22, 392
245, 374
299, 374
299, 451
192, 374
192, 254
192, 361
192, 290
268, 361
268, 458
10, 277
41, 87
20, 431
10, 283
283, 409
77, 343
176, 343
385, 393
237, 249
232, 259
232, 312
177, 358
84, 177
224, 480
434, 454
226, 332
168, 397
189, 397
110, 376
153, 220
11, 292
376, 402
320, 410
69, 492
113, 492
113, 439
118, 492
66, 225
371, 473
168, 236
317, 366
55, 317
90, 109
97, 250
204, 209
317, 406
210, 485
404, 418
9, 331
331, 375
253, 375
174, 354
56, 416
13, 216
103, 392
244, 448
165, 448
36, 68
68, 130
130, 422
5, 416
232, 466
50, 102
1, 80
104, 413
289, 308
106, 477
15, 208
407, 429
114, 150
183, 271
87, 384
267, 384
198, 349
119, 349
174, 433
131, 365
16, 448
16, 427
401, 427
184, 257
324, 388
390, 423
17, 446
247, 248
152, 247
75, 135
9, 258
121, 260
260, 441
325, 331
126, 325
58, 232
141, 342
346, 351
452, 479
149, 474
92, 474
92, 288
36, 353
95, 449
280, 397
43, 280
82, 205
124, 468
195, 304
140, 436
228, 387
162, 255
163, 255
172, 255
172, 381
25, 381
69, 185
89, 185
89, 360
185, 301
301, 321
301, 357
205, 368
62, 359
15, 19
484, 490
144, 463
395, 490
164, 395
19, 239
310, 449
31, 296
212, 491
100, 432
287, 314
344, 363
93, 363
50, 378
334, 435
144, 421
120, 211
149, 443
284, 388
307, 324
430, 453
208, 350
219, 476
115, 480
96, 115
202, 474
195, 405
196, 223
133, 196
256, 466
40, 229
133, 180
149, 182
282, 324
91, 394
146, 208
239, 330
206, 283
159, 206
7, 388
122, 312
4, 156
342, 400
279, 332
67, 231
123, 273
264, 464
266, 352
55, 213
134, 213
353, 403
139, 205
43, 370
294, 476
46, 77
345, 478
37, 453
