1.382625
0, 367
50, 367
50, 346
346, 360
50, 353
349, 367
289, 349
289, 341
349, 421
285, 341
101, 285
101, 335
8, 341
144, 289
296, 335
126, 296
82, 335
8, 354
113, 354
79, 144
79, 481
28, 79
322, 481
322, 469
138, 322
71, 138
71, 298
197, 322
130, 322
37, 130
37, 343
130, 182
182, 301
301, 388
254, 388
174, 301
84, 130
3, 37
37, 218
174, 392
147, 392
97, 147
97, 317
97, 492
394, 492
371, 394
131, 371
131, 359
273, 359
359, 379
157, 359
157, 287
287, 473
180, 287
20, 180
20, 378
20, 344
180, 263
115, 263
104, 263
104, 475
205, 475
205, 432
329, 475
329, 479
134, 432
238, 329
415, 432
415, 478
155, 478
85, 155
357, 415
15, 378
15, 119
119, 308
119, 152
152, 233
18, 287
18, 279
246, 357
134, 141
141, 175
141, 253
253, 424
195, 424
195, 407
85, 399
352, 407
352, 483
223, 483
352, 486
457, 486
15, 406
27, 406
27, 376
17, 376
284, 376
156, 406
156, 209
284, 454
148, 156
175, 384
176, 384
339, 384
293, 339
89, 424
6, 89
124, 376
156, 444
244, 444
244, 262
176, 395
26, 395
159, 176
302, 424
302, 487
149, 284
54, 149
120, 359
120, 397
53, 397
36, 329
152, 290
290, 377
352, 498
173, 498
173, 324
111, 498
42, 111
389, 498
156, 267
164, 407
175, 396
37, 362
362, 471
143, 388
143, 194
145, 194
276, 379
198, 267
68, 180
68, 445
77, 445
95, 352
240, 475
117, 240
117, 299
189, 492
60, 384
16, 392
16, 67
256, 317
169, 256
207, 256
120, 199
199, 318
129, 318
129, 288
110, 318
288, 480
129, 425
325, 445
325, 327
327, 484
327, 456
295, 327
88, 456
364, 456
211, 399
211, 409
132, 211
132, 459
53, 333
215, 333
196, 333
56, 407
56, 98
56, 496
166, 496
166, 358
166, 217
35, 56
35, 491
269, 491
433, 491
122, 433
401, 433
100, 496
87, 100
87, 348
197, 300
300, 334
54, 315
56, 108
108, 163
163, 309
22, 309
108, 375
35, 170
170, 423
99, 456
144, 161
161, 203
161, 291
291, 426
363, 401
7, 149
7, 435
208, 435
259, 435
247, 259
76, 208
25, 76
59, 76
168, 259
435, 440
227, 440
227, 429
14, 429
200, 227
257, 433
362, 448
443, 448
220, 279
463, 498
342, 463
342, 465
128, 465
342, 450
386, 450
132, 178
94, 178
94, 411
274, 411
274, 350
201, 350
321, 350
160, 350
17, 107
238, 372
29, 372
372, 431
392, 474
92, 344
92, 250
250, 442
92, 451
432, 468
206, 377
206, 306
34, 306
306, 493
46, 206
46, 408
356, 408
13, 356
13, 204
408, 477
34, 261
136, 206
136, 282
136, 242
234, 242
146, 282
5, 261
5, 252
33, 119
33, 368
56, 311
199, 265
24, 265
24, 310
24, 365
62, 365
310, 441
277, 365
24, 167
167, 347
221, 347
165, 221
165, 187
347, 369
221, 232
232, 434
232, 248
258, 434
258, 437
255, 437
75, 437
75, 332
369, 374
275, 374
91, 255
91, 330
275, 490
412, 490
221, 278
4, 165
4, 419
245, 419
193, 245
387, 419
139, 245
127, 139
27, 190
190, 283
121, 283
121, 438
121, 345
438, 460
121, 241
11, 67
344, 476
40, 476
266, 476
319, 476
12, 319
7, 177
66, 177
191, 289
191, 292
105, 426
50, 81
216, 444
99, 338
215, 340
12, 21
290, 436
323, 479
34, 452
413, 477
23, 375
251, 371
251, 470
294, 470
69, 293
69, 297
31, 297
31, 466
109, 277
381, 498
27, 417
184, 285
4, 30
30, 229
30, 96
30, 47
47, 430
47, 237
416, 430
96, 243
106, 243
263, 427
361, 427
57, 411
57, 64
14, 142
172, 451
154, 354
202, 396
202, 320
141, 153
153, 370
32, 370
32, 224
224, 489
153, 400
153, 219
208, 326
44, 353
44, 428
188, 428
410, 428
304, 334
10, 304
192, 290
403, 468
403, 449
449, 467
164, 439
47, 249
62, 102
118, 277
45, 435
28, 447
236, 447
133, 236
24, 103
52, 324
171, 253
267, 351
181, 378
86, 103
162, 350
212, 449
212, 314
314, 383
63, 314
102, 281
281, 462
393, 435
78, 354
181, 228
140, 228
417, 495
158, 495
71, 231
337, 412
2, 20
179, 429
190, 420
137, 420
1, 420
237, 453
135, 463
135, 272
72, 272
88, 464
49, 341
49, 80
58, 318
58, 390
321, 398
112, 394
112, 446
61, 416
48, 433
341, 485
90, 431
43, 90
9, 43
214, 353
318, 336
270, 412
260, 270
27, 123
158, 404
132, 210
391, 445
65, 142
73, 297
275, 422
89, 225
19, 165
19, 114
114, 185
415, 497
120, 494
51, 121
234, 313
83, 224
39, 83
206, 268
141, 222
189, 286
44, 331
119, 455
3, 461
198, 307
183, 357
439, 499
414, 463
230, 340
199, 366
133, 418
303, 418
93, 461
93, 380
4, 312
280, 294
226, 362
388, 402
41, 338
150, 393
92, 305
116, 159
271, 423
233, 316
89, 385
146, 239
363, 472
235, 472
217, 355
224, 458
55, 163
80, 405
38, 187
298, 482
373, 403
74, 198
35, 213
70, 82
17, 151
75, 186
107, 382
125, 206
185, 328
193, 488
264, 293
