2.606813
0, 185
164, 185
48, 185
48, 262
234, 262
41, 262
133, 164
6, 262
262, 286
72, 286
72, 134
111, 134
134, 271
21, 111
4, 271
125, 134
98, 125
49, 98
125, 239
197, 271
21, 293
137, 293
20, 137
111, 224
224, 249
8, 249
8, 288
12, 288
25, 224
34, 271
34, 162
34, 90
27, 90
27, 277
27, 144
2, 239
2, 225
22, 225
2, 44
44, 240
219, 239
72, 263
94, 263
94, 149
149, 299
56, 149
56, 191
103, 191
263, 274
10, 274
10, 210
85, 210
85, 142
82, 142
267, 299
10, 14
11, 14
153, 164
49, 193
191, 253
138, 253
8, 130
130, 261
15, 261
15, 256
213, 256
150, 261
140, 150
18, 150
140, 204
114, 204
60, 140
60, 279
130, 270
163, 270
223, 270
120, 223
163, 272
146, 256
26, 270
105, 279
158, 256
29, 158
29, 202
202, 291
74, 291
235, 291
132, 202
241, 291
106, 223
106, 290
106, 231
45, 106
45, 294
45, 281
244, 281
231, 289
275, 289
54, 289
117, 275
39, 146
117, 215
201, 272
163, 212
199, 212
174, 212
212, 273
211, 273
121, 224
57, 121
121, 195
140, 188
63, 188
26, 108
105, 145
33, 145
33, 166
89, 166
89, 245
116, 245
145, 254
95, 254
95, 107
95, 147
59, 107
19, 59
5, 147
5, 168
168, 243
107, 265
228, 288
33, 176
26, 255
40, 255
221, 255
221, 285
278, 285
23, 116
23, 276
194, 276
31, 194
127, 132
173, 255
51, 267
32, 51
51, 220
237, 261
112, 237
77, 112
112, 175
112, 296
77, 129
171, 237
83, 171
77, 222
33, 43
43, 280
203, 280
78, 280
37, 280
177, 280
136, 177
165, 177
76, 136
76, 260
69, 260
133, 230
29, 65
65, 252
260, 282
49, 80
17, 286
140, 226
207, 226
192, 207
196, 207
9, 196
38, 196
38, 152
9, 205
205, 242
9, 298
154, 177
154, 186
131, 186
131, 268
139, 268
42, 224
30, 63
229, 288
79, 229
173, 246
246, 292
187, 292
257, 276
248, 272
148, 153
5, 124
123, 244
88, 123
9, 190
190, 227
184, 190
36, 152
1, 36
36, 101
85, 87
73, 87
190, 198
37, 84
47, 267
50, 199
93, 248
93, 156
206, 213
97, 134
97, 118
97, 233
180, 233
46, 180
46, 159
118, 151
91, 151
179, 233
48, 128
53, 128
102, 128
102, 295
71, 102
86, 195
86, 126
126, 141
81, 86
86, 115
221, 269
178, 269
208, 255
59, 209
287, 294
24, 231
141, 157
157, 259
176, 181
110, 181
35, 150
121, 217
160, 217
16, 90
109, 241
7, 245
122, 201
122, 200
200, 238
7, 61
6, 232
135, 168
58, 154
40, 172
113, 240
146, 183
75, 233
99, 211
203, 284
169, 284
64, 129
5, 104
226, 258
19, 266
62, 234
163, 214
16, 119
33, 283
31, 70
52, 82
247, 269
70, 218
23, 167
55, 240
55, 264
170, 264
167, 251
85, 96
3, 152
13, 235
13, 161
28, 257
155, 217
122, 236
216, 236
182, 271
250, 263
67, 134
46, 100
98, 143
66, 132
92, 249
93, 189
68, 293
263, 297
