25.539772
0, 43
20, 43
43, 46
46, 59
40, 46
22, 46
3, 22
46, 47
47, 49
36, 49
36, 86
86, 97
58, 86
49, 95
47, 99
7, 99
49, 81
11, 81
11, 80
11, 88
11, 79
74, 79
18, 95
18, 48
48, 78
1, 78
1, 44
6, 78
42, 44
48, 91
70, 91
31, 91
31, 63
69, 91
69, 92
39, 92
39, 50
50, 55
26, 50
45, 92
24, 45
45, 94
24, 29
24, 34
34, 71
34, 75
14, 29
5, 29
5, 60
60, 73
12, 73
12, 87
67, 73
50, 57
10, 71
32, 94
2, 18
67, 82
37, 67
48, 65
5, 98
54, 75
54, 72
15, 54
3, 53
51, 53
9, 24
9, 16
32, 56
48, 84
23, 99
17, 43
55, 85
76, 79
30, 76
30, 89
52, 89
89, 96
4, 11
4, 19
17, 25
28, 80
67, 90
3, 61
28, 64
53, 83
20, 38
41, 99
27, 47
75, 93
13, 91
68, 78
42, 62
29, 33
21, 98
8, 21
35, 39
46, 66
38, 77
