24.179161
0, 1247
0, 1241
1241, 1711
1241, 2160
35, 2160
35, 281
35, 2178
2097, 2178
229, 2178
414, 2097
414, 1168
1168, 1186
1168, 2779
898, 2779
321, 2779
898, 1546
1420, 2097
955, 1420
35, 1670
1670, 2803
672, 2803
672, 960
414, 2820
1420, 2575
2316, 2803
874, 2316
770, 874
874, 2566
2566, 2665
2112, 2665
1300, 2112
1300, 2430
1300, 1799
1799, 2952
800, 2112
337, 2665
1096, 1799
1096, 2166
1243, 2166
1543, 2166
1543, 2026
800, 1030
1565, 2112
996, 2665
1101, 1543
785, 1101
785, 1274
785, 2722
1201, 1243
35, 2518
898, 2612
742, 2612
294, 2612
337, 2606
229, 2517
2537, 2665
1809, 2537
1492, 2430
751, 1492
290, 2566
290, 405
785, 926
926, 2797
2797, 2829
2829, 2971
301, 1492
2518, 2648
2648, 2825
50, 2648
50, 2457
2241, 2457
1832, 2241
1366, 1832
1786, 2457
875, 2825
386, 1786
800, 1746
1344, 1746
513, 1366
513, 1654
2575, 2973
2308, 2973
1935, 2430
1935, 2864
1685, 2864
2777, 2864
642, 2777
581, 1685
581, 1199
1199, 1601
653, 1199
653, 1644
517, 1644
653, 1758
1601, 1953
1601, 2984
682, 2984
1685, 1882
1882, 2230
1563, 2230
1882, 2969
1882, 2423
457, 2423
1836, 2423
1148, 2423
167, 1148
167, 2073
1135, 1882
1135, 1289
357, 1135
357, 976
976, 2806
825, 2806
825, 1054
226, 976
495, 825
495, 767
495, 878
878, 2111
767, 2470
133, 2969
1705, 2806
1793, 1935
167, 348
1135, 1405
1053, 1405
1053, 1850
1850, 2553
1471, 1850
2448, 2553
269, 2448
269, 2739
670, 2448
2098, 2553
1351, 2098
1053, 1857
514, 2553
1224, 2553
1325, 1546
716, 1325
960, 2133
295, 1746
83, 670
484, 2665
473, 484
473, 1875
1875, 2024
473, 1558
292, 1558
292, 1207
292, 1585
696, 1585
696, 1794
1614, 1794
660, 1614
1614, 2183
901, 1794
696, 2725
292, 1807
43, 1807
1807, 2477
1807, 1811
1809, 2653
2122, 2653
786, 2122
786, 2740
1145, 2740
245, 2122
2302, 2653
1997, 2302
61, 1997
1129, 2302
1129, 2868
1129, 2150
1694, 2302
452, 786
2213, 2648
1352, 2213
1352, 1407
1040, 2213
1137, 2213
133, 2479
43, 1387
1387, 1834
1834, 2703
268, 2868
76, 268
1569, 2803
1368, 1569
415, 1569
415, 2744
2744, 2867
376, 1368
376, 2119
2119, 2792
2744, 2764
1974, 2764
415, 628
1368, 1996
1974, 2100
354, 2119
433, 2792
1838, 2100
1781, 1838
1781, 1787
1781, 2400
305, 1781
297, 305
297, 1012
305, 2251
442, 2251
1555, 1787
1555, 2474
1610, 2474
1081, 1610
554, 1081
1081, 2524
391, 1555
391, 1580
433, 880
427, 880
880, 1059
427, 1217
628, 1495
1495, 1693
1781, 2683
2515, 2683
1037, 2515
1037, 1132
1059, 1489
1489, 2313
1277, 2313
1277, 1904
1164, 1904
1489, 2993
988, 2313
988, 1055
4, 1055
489, 2313
1430, 1904
988, 2636
880, 2619
2030, 2619
601, 2619
2030, 2268
1302, 2969
1302, 1899
413, 1899
413, 747
747, 2323
592, 2323
1773, 2323
458, 1773
458, 1909
1909, 2351
1788, 1909
445, 458
445, 2311
458, 2535
637, 2535
1236, 1899
1867, 2535
1867, 1910
1432, 1867
637, 1727
1727, 2833
177, 2833
177, 2130
2130, 2442
2130, 2355
1311, 2130
447, 1727
447, 2021
2021, 2363
1925, 2363
1669, 2363
1223, 2363
1223, 2260
1270, 2260
856, 1270
856, 2838
8, 2838
619, 2838
2103, 2838
2103, 2922
2815, 2922
619, 2267
2096, 2267
536, 2096
536, 1916
151, 1916
9, 2096
575, 2096
600, 1916
151, 1951
151, 2735
2405, 2735
1514, 2363
436, 2351
436, 2736
436, 2143
2442, 2582
1015, 2582
1015, 2948
556, 1727
556, 1399
458, 1111
1111, 2303
1313, 2303
411, 1313
411, 2170
2170, 2877
813, 2877
813, 2443
2152, 2443
1384, 2877
104, 2443
1361, 1384
352, 2443
104, 1985
352, 2638
104, 2346
791, 2346
99, 791
99, 1822
352, 465
2170, 2339
2339, 2968
1098, 2877
1209, 1985
1209, 2069
2069, 2664
1374, 2664
465, 2534
813, 2599
745, 2599
745, 2958
745, 1443
515, 2968
1506, 2877
1022, 2534
1022, 2345
152, 2345
1754, 2345
1022, 1023
1095, 2345
1754, 2846
286, 2846
515, 2179
632, 1822
659, 2599
659, 2707
2707, 2965
2170, 2234
600, 1175
1646, 2877
1646, 2522
2059, 2522
2059, 2447
1573, 2059
1590, 1646
1358, 1590
462, 1358
1590, 2382
1590, 1632
44, 1632
44, 325
44, 279
279, 934
1473, 2735
1473, 1797
1797, 2293
1306, 2293
1088, 1797
2293, 2926
951, 1306
8, 578
120, 578
120, 1205
578, 612
612, 1692
826, 2735
826, 1982
1951, 2009
240, 2009
14, 240
151, 1581
411, 1588
26, 1588
26, 547
547, 2743
547, 1104
1060, 2743
547, 2244
2053, 2244
1372, 2244
1212, 1372
906, 1104
1372, 2177
1172, 2177
1172, 2673
26, 2947
2177, 2485
2155, 2244
126, 2155
1792, 2155
1337, 1792
1036, 1337
732, 1036
318, 1792
318, 2865
1792, 2002
2002, 2759
259, 2002
259, 1477
28, 259
318, 859
859, 2976
1950, 2976
17, 2976
732, 2205
1447, 2976
969, 1447
499, 969
499, 1451
190, 969
1451, 2031
1092, 2031
1548, 2031
1092, 1271
1271, 1641
1253, 1641
1114, 1253
845, 1114
620, 845
620, 1840
620, 2195
1114, 2758
2666, 2758
845, 1316
1316, 2718
1316, 2142
282, 1840
756, 2195
1069, 2031
1447, 2933
936, 1477
1477, 2935
700, 1447
700, 1626
1117, 2758
480, 2142
125, 259
125, 1874
1874, 2342
1874, 2943
700, 2531
1028, 1117
32, 1028
1675, 2943
1675, 2105
1675, 2771
316, 1675
607, 2865
607, 2275
607, 829
1065, 2759
1114, 2327
2327, 2980
478, 2980
478, 903
478, 618
32, 2521
2421, 2521
2117, 2421
477, 2117
215, 477
2117, 2912
784, 2912
463, 2912
792, 1316
456, 792
590, 792
1569, 2361
1792, 2379
282, 2595
600, 882
955, 1198
1198, 2591
1852, 2591
1198, 2617
1261, 2617
1261, 2343
2617, 2652
110, 2652
1273, 2591
600, 1039
1039, 1976
1039, 1710
1039, 2834
1540, 2834
1331, 1540
766, 1540
360, 1974
1786, 1967
682, 2318
2023, 2318
903, 1879
1879, 2312
2707, 2897
2779, 2827
507, 554
536, 2039
632, 2849
431, 1012
8, 220
1588, 2607
422, 2897
422, 1824
1566, 1824
1716, 1824
1566, 2108
1484, 2108
719, 1484
112, 719
40, 112
5, 2736
5, 1189
5, 2770
236, 2770
2770, 2923
2489, 2923
630, 2489
1050, 2923
1050, 2871
438, 2770
1003, 1205
1003, 2365
2262, 2365
2017, 2262
2365, 2569
1003, 2604
2604, 2944
264, 2569
264, 1730
264, 2223
171, 878
171, 176
171, 216
216, 1013
216, 928
171, 1014
171, 1310
1310, 2362
1942, 2362
972, 1942
2019, 2362
1942, 2335
778, 1310
778, 1475
1475, 2795
605, 2795
605, 2226
973, 1374
104, 1208
2151, 2864
141, 2151
193, 2151
193, 1660
141, 685
685, 2844
380, 2844
126, 2013
2013, 2921
2032, 2921
2204, 2921
468, 2204
1699, 2013
1699, 2776
2386, 2776
1860, 2386
1860, 2249
1431, 2249
1431, 1740
458, 2187
2061, 2187
2187, 2841
2841, 2955
1860, 2428
923, 2428
1995, 2428
1995, 2314
657, 2314
249, 657
2314, 2461
2461, 2724
1159, 2314
848, 1159
1315, 2461
1159, 2850
848, 1683
753, 1683
249, 1249
1249, 2530
943, 2530
1249, 2390
753, 1007
1007, 1837
1586, 1683
1586, 1663
429, 1663
429, 2659
1663, 2065
165, 1586
1701, 2065
1677, 2314
947, 1677
947, 1965
1259, 1677
1677, 1872
1510, 1677
546, 1663
947, 1526
691, 1526
429, 1421
1421, 1720
1720, 2465
2465, 2472
1968, 2465
2472, 2878
1421, 2786
2465, 2939
524, 2939
560, 2939
560, 1931
2118, 2939
669, 2118
1830, 1931
560, 2501
1297, 2501
181, 1297
1750, 2312
279, 2431
31, 2431
31, 702
31, 2087
2060, 2087
1225, 2060
931, 2457
2118, 2676
884, 1387
2410, 2470
250, 2410
2410, 2635
986, 2635
623, 2410
367, 623
367, 1109
367, 1638
367, 563
563, 1076
441, 2635
269, 432
102, 422
102, 1776
1544, 2470
1544, 2693
1191, 1794
1191, 2309
1043, 2309
1043, 2842
1234, 2842
991, 1043
115, 1191
115, 2690
1697, 2690
2690, 2985
346, 2690
346, 871
346, 506
346, 895
346, 2253
842, 2253
719, 2590
2239, 2590
2239, 2481
2175, 2239
1561, 2175
155, 1561
1561, 2626
2626, 2859
920, 2175
2415, 2590
155, 2127
1685, 1900
1900, 2729
2729, 2950
640, 2729
640, 1627
1527, 2950
1194, 1527
1182, 2729
640, 2074
1505, 2074
1264, 1505
113, 2363
113, 636
131, 2958
779, 1175
1549, 1997
102, 2890
399, 2890
399, 2057
506, 1025
926, 2576
248, 2576
1017, 1114
902, 1017
241, 1716
934, 1648
1957, 2770
1957, 2446
1957, 1990
391, 1884
1884, 2584
510, 2584
510, 868
868, 2482
510, 1042
1915, 2482
975, 1915
975, 2583
516, 975
975, 2486
975, 2644
1483, 2644
1483, 2757
516, 981
254, 975
254, 2970
572, 2970
174, 2583
383, 868
510, 1197
2256, 2584
1668, 2256
1272, 1668
1272, 2493
1961, 2493
1272, 1678
2010, 2256
816, 2256
816, 1183
634, 1183
634, 857
634, 2924
2486, 2798
1496, 2798
1496, 2671
883, 2671
850, 883
471, 2798
1496, 2769
182, 1496
182, 725
1708, 2798
255, 1708
255, 409
1496, 2047
1202, 2047
586, 1202
586, 909
474, 2047
571, 1915
571, 2337
571, 839
265, 571
1550, 2337
265, 2543
1770, 2897
2266, 2474
1621, 2266
60, 1884
2088, 2666
480, 1922
907, 1922
758, 1922
907, 2403
59, 2403
791, 2269
379, 2269
756, 1397
453, 1397
453, 1929
453, 2280
385, 2280
385, 2058
269, 777
777, 1531
330, 777
330, 1305
1305, 2717
631, 777
777, 1326
16, 473
16, 2558
16, 565
565, 2464
1348, 2653
1542, 2776
2381, 2740
1169, 1678
1169, 1765
2119, 2791
1260, 2791
933, 943
1255, 2178
674, 1610
2386, 2642
122, 2642
122, 1749
483, 1749
224, 483
224, 962
539, 2130
539, 2942
306, 2942
1782, 2942
306, 828
1315, 2547
1468, 2547
1345, 1468
24, 1345
497, 1345
497, 2376
1235, 1345
1235, 2605
976, 1068
955, 1408
775, 1697
775, 2279
529, 775
529, 2788
144, 529
529, 1847
20, 529
280, 2279
144, 2147
2147, 2772
2029, 2772
1151, 2029
1151, 1650
749, 1151
183, 1151
2147, 2613
918, 2613
1269, 2772
1250, 1269
1269, 2291
2291, 2916
2454, 2788
97, 2454
97, 720
97, 1870
713, 1870
2199, 2454
2199, 2212
918, 1553
1848, 2916
450, 1848
1007, 2425
1827, 2425
1827, 2297
2297, 2622
738, 2425
516, 2752
1918, 2351
872, 1918
1653, 1918
1341, 1653
189, 1341
965, 1918
189, 1214
1055, 2246
364, 2806
364, 1984
785, 2338
2338, 2438
648, 2438
581, 2263
2642, 2870
186, 2870
186, 2377
2377, 2419
1080, 2419
1080, 2532
258, 2532
1585, 1954
1791, 1954
1791, 2156
1623, 1791
300, 1797
300, 1143
300, 1295
256, 1143
256, 1139
498, 1139
256, 2207
256, 396
498, 1450
750, 1450
2137, 2207
1775, 2137
498, 673
2137, 2453
396, 2483
548, 2483
2483, 2998
548, 2289
1949, 2289
488, 1949
304, 498
304, 1863
304, 2273
2273, 2552
493, 2552
914, 2273
242, 914
242, 2424
304, 971
242, 577
577, 2852
577, 929
1700, 2852
423, 577
971, 1133
1133, 2937
1218, 2937
750, 1110
1133, 1520
1520, 1584
1498, 1584
1219, 1863
699, 1219
615, 1219
1219, 2264
1219, 2843
1219, 2191
396, 2760
1620, 2760
2587, 2760
2163, 2587
1327, 2163
2163, 2432
1784, 2432
1153, 2432
1153, 1932
650, 1932
650, 757
650, 1980
1932, 2579
819, 1980
1673, 2424
53, 423
914, 2086
1979, 2207
2216, 2264
536, 1559
1559, 2602
889, 2602
889, 2957
2811, 2957
1576, 2957
1576, 2016
164, 2016
164, 1914
439, 2016
439, 2560
1609, 2016
1914, 2015
2015, 2588
334, 2588
2392, 2850
1019, 2743
954, 1019
954, 2946
142, 954
954, 2364
142, 2165
801, 2165
1086, 2165
938, 954
556, 891
698, 2337
1154, 1782
1142, 1792
1142, 2561
1572, 2566
109, 1572
666, 1572
109, 460
68, 460
460, 919
1190, 1572
1190, 1744
1744, 2504
1190, 1926
1047, 1926
1047, 2627
1047, 1149
706, 1047
173, 1149
173, 323
173, 2784
1190, 2881
211, 1744
736, 919
70, 736
2009, 2580
521, 2580
2580, 2705
224, 1371
1371, 1691
284, 1691
284, 2578
1630, 1716
1539, 2481
665, 1539
20, 1819
89, 1819
1153, 2102
2102, 2468
805, 2468
2102, 2192
2192, 2193
127, 2193
2718, 2884
180, 2884
180, 1317
1317, 1930
1346, 1930
1346, 2505
1346, 2317
2505, 2562
847, 1317
1868, 2562
847, 1487
748, 1487
127, 1262
1262, 2215
548, 2128
2521, 2732
1109, 1736
944, 1736
1736, 2774
798, 2127
537, 798
140, 537
557, 2364
1235, 2272
519, 2272
977, 2272
977, 2243
228, 519
228, 2138
2025, 2243
1941, 2025
1411, 1941
1411, 1417
915, 1417
1411, 2763
915, 2378
1417, 2287
2378, 2498
1248, 1941
1941, 2670
1445, 2670
2124, 2378
1615, 2124
1615, 1804
278, 1615
278, 585
585, 1362
585, 1454
1454, 1718
1718, 2211
1226, 1362
1196, 1226
230, 519
234, 2243
234, 820
820, 2384
638, 2384
1090, 2384
234, 2896
1251, 2896
957, 2896
596, 2896
2655, 2896
1823, 2655
1439, 1823
596, 694
596, 2418
616, 1823
1417, 2326
1020, 2326
1020, 2254
1160, 2254
2254, 2554
662, 2254
534, 662
662, 1814
143, 1160
143, 2350
1876, 2350
754, 2326
754, 2176
73, 1020
1876, 2790
73, 2325
147, 2325
147, 1936
564, 1876
564, 1818
62, 1818
62, 1600
394, 1600
1600, 1796
268, 1855
1423, 2580
237, 1423
2570, 2607
456, 541
541, 769
503, 778
503, 608
344, 608
344, 2277
1715, 1809
509, 1715
739, 1715
2493, 2801
983, 2801
625, 983
491, 2801
625, 1826
312, 1826
319, 983
326, 489
326, 2123
1651, 2599
574, 1651
1651, 2866
2110, 2303
780, 2110
1503, 2110
1503, 2225
780, 2723
1768, 2723
1523, 2859
2252, 2335
1800, 2432
1604, 1800
1592, 1604
1185, 1604
141, 1755
1052, 1548
394, 2132
2383, 2868
1021, 2383
1916, 2539
2539, 2550
1394, 2539
1394, 1474
19, 1474
1474, 2930
2375, 2550
1222, 2930
2535, 2646
420, 2646
403, 1694
403, 1268
1268, 1981
1981, 2557
1540, 2091
2063, 2091
357, 992
460, 2113
1592, 2049
2049, 2649
2257, 2649
989, 2257
192, 989
737, 2649
485, 2049
65, 737
65, 212
145, 212
145, 2963
1162, 2937
1054, 1698
897, 1698
964, 1331
2315, 2760
622, 2315
1016, 2464
405, 1892
193, 2437
819, 2018
124, 2018
124, 2919
2255, 2919
178, 2255
178, 494
124, 1762
2159, 2919
1033, 2159
428, 1762
428, 2805
1298, 2805
864, 1298
1073, 2805
1073, 2444
1073, 1158
2545, 2805
221, 1762
494, 522
428, 1846
1216, 2256
1661, 1850
1047, 2994
273, 2994
2012, 2994
1067, 2350
1067, 2368
885, 1067
555, 885
555, 888
2368, 2767
873, 2244
873, 2808
2480, 2808
2480, 2804
78, 2480
78, 1478
1312, 2808
49, 2808
49, 835
49, 1350
542, 1350
542, 2347
2494, 2804
2601, 2804
1533, 2601
2347, 2495
1063, 2495
1063, 1803
1803, 2066
1534, 2066
1242, 1534
1242, 1778
709, 1778
210, 1534
1242, 1508
1446, 1508
1446, 1472
1472, 2331
1354, 1446
1354, 2823
154, 1950
351, 2297
1709, 1846
1437, 1709
938, 2872
2250, 2446
276, 2250
276, 1038
1038, 2966
1862, 2966
1530, 1836
1530, 2824
1044, 1505
170, 364
1929, 2765
1632, 2869
335, 2869
335, 1083
1083, 1906
610, 1906
2015, 2399
198, 2399
2399, 2633
2125, 2633
714, 2633
198, 525
25, 198
435, 2399
435, 1939
528, 636
528, 2796
528, 1008
528, 1116
201, 1116
201, 1342
201, 789
527, 2212
527, 2045
2045, 2712
370, 2865
370, 2328
2443, 2596
2131, 2405
846, 1701
846, 1333
846, 2668
1798, 2668
1046, 1798
27, 1046
1046, 2932
2593, 2932
4, 679
364, 1622
1234, 1912
1912, 2802
1582, 1912
291, 1582
447, 531
531, 1284
531, 2616
2185, 2616
142, 1992
838, 2339
1999, 2355
30, 989
30, 1988
1988, 2513
672, 1748
1326, 1465
1465, 2748
492, 2748
283, 725
283, 1041
2046, 2829
2046, 2224
621, 2867
621, 1107
1107, 1152
101, 1152
101, 2680
762, 2680
762, 2509
129, 2509
129, 2492
1568, 2492
129, 2945
2945, 2979
1107, 1184
187, 1184
187, 2298
1521, 2298
1390, 1521
1319, 2298
1521, 2716
404, 2298
1390, 2628
2628, 2721
2628, 2913
2523, 2913
63, 2492
63, 2041
63, 641
641, 2292
2292, 2901
2292, 2809
63, 2681
1643, 2681
2404, 2901
2812, 2979
129, 2261
175, 2261
129, 1583
652, 1583
1355, 2716
2, 129
2, 2484
1502, 2298
652, 2880
2270, 2880
1708, 2526
1467, 2526
1246, 1467
1246, 1448
1246, 2749
1217, 2793
1029, 2793
989, 1991
1991, 2235
1685, 2891
431, 2416
188, 2013
188, 2778
905, 2778
188, 1733
2071, 2311
1593, 2071
1806, 1857
394, 479
1151, 2731
393, 2731
945, 2731
223, 945
223, 2209
94, 954
1347, 2178
1874, 2685
1195, 2685
1195, 2190
2190, 2975
118, 2975
118, 730
118, 1556
1556, 2883
116, 1556
118, 2541
2541, 2594
116, 781
116, 677
287, 2482
1872, 2085
343, 2659
431, 545
2345, 2895
2182, 2895
1032, 2182
1235, 2645
1441, 2645
1441, 1696
1696, 1866
105, 1866
1696, 2411
2180, 2645
2081, 2180
2081, 2889
419, 2889
419, 1878
1878, 2737
1144, 2737
1144, 1808
962, 2407
2407, 2720
1460, 2720
923, 1287
1287, 2027
741, 2027
741, 1386
1, 1386
1, 2903
741, 2538
941, 2538
613, 741
180, 371
752, 1333
2030, 2414
1639, 2676
397, 610
397, 603
1392, 2970
1392, 1509
44, 1898
1898, 1969
1054, 1452
391, 1724
1724, 2650
56, 1724
56, 2997
998, 2997
402, 998
402, 2265
2120, 2265
2265, 2299
1140, 2265
727, 2120
402, 2497
1011, 2497
148, 1011
56, 121
38, 2997
247, 727
674, 1119
689, 1032
1770, 2320
1346, 2078
1874, 2426
1280, 2426
974, 2671
794, 974
512, 794
1487, 1637
1433, 2703
837, 1433
980, 1201
808, 980
1914, 2857
481, 2339
532, 769
1405, 2697
90, 2697
2697, 2900
90, 2401
2401, 2586
2321, 2586
2321, 2488
1463, 2488
90, 1948
550, 1948
90, 2284
2284, 2394
2394, 2874
1193, 2874
1193, 1737
1267, 1737
455, 1267
568, 2394
246, 2321
1405, 2126
991, 2348
675, 1669
675, 1458
1458, 2140
2140, 2322
734, 2140
395, 734
1934, 2140
1612, 2246
646, 1612
1036, 2733
22, 90
634, 1619
1255, 2167
676, 758
676, 2055
559, 2055
982, 2055
559, 1006
952, 2053
952, 1603
1134, 1603
1134, 1785
561, 1603
3, 561
3, 511
853, 1134
853, 1742
853, 2565
602, 853
602, 2571
2473, 2571
561, 627
1134, 1858
52, 2473
52, 108
627, 1753
171, 2813
1516, 1916
417, 519
417, 1056
1056, 1141
1141, 2197
1746, 2762
217, 1081
217, 260
37, 260
260, 1488
37, 948
1488, 2458
2458, 2836
2458, 2940
45, 2458
2458, 2536
260, 2954
807, 2954
807, 1725
715, 1725
763, 1720
255, 1395
946, 1395
1395, 1413
893, 1413
946, 1532
1413, 1684
764, 1413
2362, 2876
1817, 2876
1331, 1973
1057, 2900
156, 1057
817, 1057
817, 834
156, 2064
156, 2917
1228, 1561
601, 645
2021, 2986
900, 2986
251, 2986
2012, 2135
1674, 2147
1674, 2374
1117, 1167
1167, 2203
2203, 2887
2003, 2203
332, 2203
332, 2406
1075, 2003
1075, 1861
1861, 2242
606, 1861
205, 1861
205, 1429
305, 935
935, 1381
727, 1396
1840, 2491
1959, 2491
832, 1959
832, 2696
782, 2696
2696, 2822
459, 2822
974, 1415
1415, 1820
1087, 1820
1415, 1617
624, 1617
1501, 1617
728, 1501
1501, 2104
1777, 2104
810, 1777
1501, 2094
2104, 2506
242, 1944
303, 1944
303, 2033
990, 2033
2033, 2556
154, 2512
503, 2886
15, 2066
683, 868
67, 683
683, 2904
348, 2990
2624, 2901
1652, 2624
562, 1652
562, 1552
1552, 2620
217, 461
71, 461
502, 1539
502, 1722
119, 1722
576, 2178
2201, 2912
2114, 2201
1848, 2153
398, 2187
1585, 2816
1946, 2176
199, 1946
1306, 1903
1689, 1903
1903, 2043
1118, 2043
1118, 2208
2208, 2478
1290, 2478
2053, 2821
999, 1475
2453, 2755
1482, 2620
1482, 2674
1264, 1376
1376, 2222
2073, 2898
2075, 2485
1194, 1706
1706, 2282
1338, 1648
795, 1338
103, 108
390, 1830
91, 1969
20, 863
863, 2514
177, 595
184, 595
184, 1102
1865, 2178
576, 2409
1263, 2409
1745, 1847
2038, 2798
2038, 2630
772, 2522
772, 2527
692, 2527
812, 2527
812, 1557
1538, 1557
218, 1538
218, 2702
1511, 2702
218, 1764
1173, 1511
870, 1173
870, 2961
1173, 1688
1106, 1688
870, 1528
1276, 1700
618, 651
528, 2910
734, 1591
834, 1545
925, 1545
369, 925
369, 2631
2214, 2631
966, 2214
1072, 2805
579, 1072
579, 1479
1479, 2751
2658, 2751
368, 1479
368, 1747
1124, 2751
1747, 1766
482, 1747
1494, 2751
2658, 2929
1883, 2929
482, 833
1479, 2259
2259, 2352
1766, 2675
1766, 2508
896, 2508
852, 1538
1588, 1888
1680, 1888
1680, 2452
426, 2452
426, 768
1888, 2093
41, 2093
494, 2210
1059, 2001
2203, 2845
2828, 2845
1025, 2856
1541, 2856
1541, 1564
1188, 1564
1188, 2441
412, 2441
412, 644
644, 2121
2077, 2121
647, 2121
33, 1974
33, 1611
1357, 1784
1357, 2787
1479, 1937
995, 2488
1694, 2173
358, 1826
358, 910
358, 598
598, 1187
358, 1752
910, 2366
1986, 2366
1986, 2370
1373, 2370
1752, 1972
1373, 1497
1497, 2471
1497, 2218
267, 1497
6, 1497
6, 1805
1805, 2011
204, 267
267, 1560
656, 1560
89, 2714
365, 2714
822, 2714
8, 1334
254, 486
486, 2436
913, 2436
913, 2745
1400, 2745
1400, 2146
930, 1400
2261, 2875
897, 1293
1293, 2369
51, 365
51, 1897
111, 1897
1897, 2372
154, 1412
269, 1704
668, 1704
861, 2243
1073, 1215
869, 2900
869, 2106
2106, 2794
1230, 2106
359, 1230
359, 448
359, 1993
359, 671
1230, 2393
1598, 2393
1418, 1733
1418, 2466
2271, 2466
866, 2271
866, 1176
1176, 1554
2658, 2826
1046, 1279
2184, 2607
761, 1527
761, 2989
1349, 2438
526, 1614
838, 2286
643, 1111
643, 2684
34, 1804
34, 1146
1146, 1391
686, 1391
1391, 2902
2679, 2763
1586, 2726
2411, 2863
2459, 2802
2005, 2017
90, 1707
804, 2557
804, 1296
146, 1086
146, 2164
2164, 2927
1265, 2164
1910, 2305
546, 2855
997, 2855
1010, 2855
35, 1456
1456, 2149
1456, 2730
2088, 2728
2728, 2967
277, 2967
277, 1829
277, 2563
717, 2967
255, 1403
558, 1727
415, 911
1120, 2538
82, 1300
207, 2595
578, 1606
769, 2237
370, 2202
1671, 2202
1901, 2202
320, 2202
737, 1536
297, 2789
164, 333
583, 2937
583, 1179
285, 583
1179, 2713
2002, 2908
890, 2908
890, 1977
765, 1977
697, 2908
697, 1343
1128, 1343
881, 2811
1919, 2346
1919, 2206
1919, 2519
57, 1919
478, 2608
1051, 2608
1051, 1131
1051, 2909
1051, 1816
200, 2909
1802, 2608
1816, 2344
636, 690
445, 470
316, 2412
1694, 2715
2704, 2715
569, 2704
569, 1728
1565, 2219
681, 702
163, 681
163, 703
667, 703
703, 1894
703, 1089
1045, 1894
1089, 2217
163, 2161
1304, 2161
2161, 2171
1045, 1180
1009, 1045
1009, 1595
1595, 2391
1009, 2319
1266, 2319
85, 2319
85, 2420
2420, 2987
85, 508
1221, 2420
622, 2196
2196, 2385
1027, 2385
746, 1528
1027, 2101
46, 1834
1353, 1451
1353, 2145
1462, 1980
337, 1414
1400, 2761
1078, 1716
1078, 1613
1597, 1857
793, 882
90, 1513
1845, 1857
1771, 2212
1771, 2301
912, 1029
1461, 2566
721, 2720
721, 1163
922, 1163
922, 2227
2227, 2610
956, 1533
992, 1115
1115, 2487
885, 958
77, 958
1335, 1550
1105, 1335
159, 1105
314, 1335
314, 1064
253, 1105
530, 1335
530, 2862
1636, 2712
181, 381
773, 2309
315, 1641
315, 1963
1963, 2614
917, 2029
1858, 2499
1605, 2602
1717, 2286
1175, 1962
134, 1334
1579, 1845
343, 1702
1702, 2181
876, 2624
876, 1340
308, 1340
876, 1856
1356, 1856
2010, 2669
1790, 2973
1790, 1851
1570, 1851
760, 1851
1851, 2427
648, 2727
199, 1599
1599, 2288
1091, 2288
1364, 2288
425, 1091
13, 1745
611, 2552
611, 2839
383, 2296
478, 1537
1969, 2000
950, 2937
1367, 2207
1367, 2356
538, 2356
135, 719
135, 2750
86, 2750
400, 2151
400, 2502
233, 400
233, 1839
1755, 1831
1671, 1757
1757, 2618
985, 2618
302, 985
302, 338
338, 887
176, 788
454, 700
1529, 1728
352, 1410
544, 2265
1005, 2760
1002, 1005
339, 1270
339, 2747
257, 1592
257, 310
310, 382
310, 2692
871, 2544
452, 899
1274, 2999
1975, 2999
1783, 1975
1435, 1783
1285, 1334
2827, 2925
1114, 2304
2773, 2986
585, 1320
1320, 2885
1088, 1801
1801, 2353
1616, 2353
1380, 1616
1380, 2629
2629, 2858
130, 2858
130, 2879
1322, 2629
482, 743
629, 743
629, 2819
743, 1679
1679, 2660
639, 1961
1043, 1853
658, 2473
1278, 2885
1094, 1278
1094, 2988
1629, 2988
798, 858
1031, 1462
54, 1031
54, 1947
234, 1323
678, 1078
341, 678
341, 1594
1384, 1854
2780, 2884
568, 2068
937, 1134
937, 2672
141, 2830
1945, 2990
606, 1869
925, 2941
2006, 2513
1658, 2006
1719, 2006
1719, 1928
1658, 2860
688, 2860
963, 1104
654, 963
116, 169
169, 2991
459, 1891
892, 2378
1567, 2299
222, 1567
1567, 1887
1642, 1887
1642, 2341
1574, 2341
1406, 2341
75, 1406
1211, 2644
1211, 2625
249, 551
418, 551
392, 2561
381, 2158
1118, 2567
1864, 2730
444, 1758
197, 444
197, 2817
92, 2817
1034, 2205
1485, 2513
1453, 2223
296, 881
1438, 2498
263, 1438
2364, 2460
655, 2460
655, 1952
1582, 1628
888, 1743
382, 1481
1538, 2467
2456, 2467
244, 2456
45, 1713
1624, 1713
132, 2314
132, 2136
2407, 2435
391, 1731
921, 2933
311, 921
311, 2597
106, 2190
106, 1227
481, 904
1575, 2764
1542, 2906
1299, 2320
486, 2577
1082, 2577
2577, 2687
123, 1082
1802, 1849
1018, 2531
47, 2670
1376, 2332
1243, 1905
1192, 1905
128, 1192
455, 2434
2109, 2434
1398, 2109
440, 1398
2434, 2949
535, 1398
440, 2540
535, 687
2740, 2800
851, 2800
663, 1505
1058, 2704
1058, 1294
80, 753
80, 2052
1589, 2052
1589, 2611
1449, 2097
443, 2864
443, 2240
1635, 1775
1393, 2876
431, 1328
741, 1841
1841, 2978
984, 2978
1634, 2410
83, 136
33, 1469
1122, 1469
116, 2667
748, 2533
1147, 2533
170, 2329
1664, 1781
1664, 2686
1339, 2686
81, 2686
166, 2686
1433, 2283
307, 2030
842, 2496
344, 2371
2098, 2294
1, 831
1662, 2902
872, 2083
1157, 2083
356, 2083
740, 2705
227, 740
1597, 2148
157, 1768
157, 1321
1310, 2168
1927, 2168
1763, 1927
300, 1238
1229, 1238
818, 1229
1380, 1404
1462, 1828
270, 699
214, 270
2637, 2901
1970, 2637
2637, 2992
599, 1922
1033, 1130
1130, 2542
1307, 2542
877, 1130
1991, 2037
597, 2037
680, 1763
680, 1889
1889, 2462
194, 680
194, 1001
923, 2854
540, 2563
540, 1578
500, 1612
1533, 1767
36, 1390
1037, 1933
107, 1530
160, 2249
1623, 2888
918, 1314
387, 1314
323, 1301
1258, 2685
1258, 2387
2688, 2877
809, 2688
1687, 2889
2461, 2741
2188, 2741
533, 2830
1900, 2568
2014, 2568
1389, 2014
818, 1377
208, 848
1401, 2047
846, 1359
1359, 1893
1893, 1966
1007, 2095
49, 1442
1464, 1648
401, 1464
1283, 2486
824, 1283
1763, 2873
1682, 2873
2677, 2873
2098, 2899
342, 2649
1239, 2214
331, 1239
595, 2639
2639, 2682
1881, 2100
894, 1881
200, 1099
1062, 2147
711, 1192
363, 842
466, 1390
466, 567
466, 1493
1070, 1493
1070, 1885
388, 1885
195, 1885
195, 1422
617, 881
250, 1602
2402, 2456
2281, 2902
735, 1081
865, 1559
1075, 2853
1843, 1997
1256, 1843
1256, 1964
1402, 1964
1402, 1519
1519, 2977
299, 2977
1402, 2549
299, 815
373, 815
373, 664
1960, 2561
34, 1079
841, 1079
18, 303
1568, 2851
1153, 2445
1323, 2600
1136, 1788
11, 1136
1363, 2193
1363, 1676
375, 2769
375, 693
289, 375
1035, 1498
1035, 1210
1210, 1608
731, 1035
238, 731
731, 1659
1089, 1203
1369, 2296
2141, 2260
706, 2766
322, 629
704, 2223
854, 1574
1244, 2270
449, 1622
229, 1726
1645, 2875
591, 2479
191, 1467
1129, 1336
272, 1336
625, 1921
742, 2285
1139, 1821
840, 1302
272, 1156
430, 1532
430, 949
1385, 2481
1303, 1385
1000, 1700
1681, 2961
1281, 1681
1681, 1813
1813, 2048
88, 1225
88, 927
1512, 2275
1512, 1780
1639, 1911
959, 2175
814, 1845
356, 1480
11, 1155
611, 823
1455, 1962
994, 2676
994, 2959
248, 1291
1291, 2450
2450, 2920
378, 2450
378, 384
1387, 1703
1703, 2475
1703, 2476
215, 710
824, 940
670, 1161
437, 2747
1050, 1535
774, 1639
274, 774
206, 274
206, 2662
206, 2221
1309, 2221
1459, 2662
904, 2247
228, 1739
274, 1551
696, 2981
1677, 2245
1452, 1795
879, 2863
2115, 2356
1369, 2134
2306, 2755
762, 867
1337, 1859
57, 2598
352, 1178
1278, 2785
1233, 1766
1732, 1949
153, 923
1277, 1735
1738, 2041
1112, 1488
2020, 2673
701, 2020
349, 2020
372, 2509
361, 1198
501, 1092
936, 1254
172, 1090
588, 1067
79, 2899
79, 2200
2200, 2559
1524, 2559
1996, 2974
57, 1835
1425, 1600
1252, 1425
252, 1252
252, 327
327, 1810
327, 712
855, 2898
855, 2810
1306, 1955
284, 1388
1518, 1805
2334, 2513
684, 2334
619, 2934
414, 2373
117, 2316
30, 1631
1631, 2220
1614, 2274
2274, 2520
2011, 2995
366, 2321
825, 2360
123, 1097
1097, 1332
1292, 1332
313, 909
1092, 2640
2144, 2640
1896, 2640
1103, 2144
830, 2919
355, 1561
690, 2417
168, 1727
518, 2778
23, 1617
1511, 2229
81, 1873
1541, 1924
1924, 2982
1213, 2982
1924, 2914
1656, 2914
1213, 1324
1667, 2735
2529, 2871
2050, 2529
2346, 2449
240, 2592
2592, 2711
1666, 2220
1666, 2621
799, 2621
1015, 2654
1657, 1967
211, 1457
2190, 2278
350, 2278
2278, 2290
2060, 2258
2141, 2169
133, 1126
1126, 1833
1833, 2589
902, 2232
1146, 1220
2006, 2695
1571, 2121
1375, 1571
328, 1571
368, 1978
1165, 1510
329, 1847
329, 970
329, 2651
219, 2651
219, 421
421, 2490
1543, 2092
435, 2510
1350, 2082
451, 2509
434, 1910
401, 1200
413, 993
993, 2367
2044, 2175
2044, 2574
1515, 2365
446, 1194
878, 2324
796, 2324
796, 2700
718, 1445
633, 1692
951, 2709
1869, 2408
1759, 2984
1024, 1759
604, 2720
1782, 2389
196, 2988
1044, 1712
733, 1538
1248, 2938
407, 1524
43, 232
185, 2793
698, 1409
852, 2643
1077, 2390
1077, 1360
640, 2154
1633, 2154
705, 2178
811, 2317
811, 2388
354, 2433
490, 2026
1225, 2022
1066, 2241
1066, 1440
823, 2354
1177, 2354
1741, 2354
1741, 1825
571, 2905
1587, 2674
1587, 2525
1789, 2525
1430, 2463
726, 982
2349, 2886
2349, 2555
584, 2033
650, 2186
1378, 2655
2029, 2051
2566, 2572
39, 2572
2100, 2756
1559, 1987
15, 520
1665, 1932
1084, 2122
933, 2818
1371, 2422
1138, 2422
1138, 2500
374, 2500
28, 2691
1886, 2957
1756, 2030
1756, 2080
1756, 2076
1507, 1756
1692, 2882
1489, 1655
1953, 2734
179, 2734
179, 724
416, 2105
158, 416
158, 953
150, 416
150, 932
1577, 2113
2174, 2537
1100, 1439
1596, 2015
1166, 2153
1600, 1971
779, 2892
2936, 2940
913, 1844
570, 2477
570, 1093
487, 570
2745, 2953
907, 1288
347, 1288
467, 605
908, 2989
389, 592
389, 729
1058, 2983
1027, 1204
439, 1729
84, 2417
2494, 2962
878, 2007
1517, 2786
854, 1618
1890, 2567
213, 617
341, 755
262, 2406
593, 2790
558, 594
21, 908
21, 225
225, 377
2413, 2465
1057, 1772
1802, 2807
2435, 2511
1085, 1583
790, 2151
1778, 2848
988, 1231
523, 1265
243, 1692
699, 1127
1909, 2070
1175, 1956
1309, 2623
469, 896
63, 626
898, 2469
822, 2040
771, 1555
1232, 1475
1877, 2830
947, 2336
2442, 2603
239, 1217
239, 1938
58, 239
1428, 1938
96, 1220
96, 2783
2310, 2783
1174, 2783
1174, 1245
1245, 2034
42, 176
74, 2038
722, 1038
783, 1691
919, 2429
2429, 2455
2455, 2615
2232, 2661
1426, 1608
66, 1657
1954, 2663
78, 1125
1125, 2698
63, 336
541, 1308
1632, 1989
874, 1240
1169, 1491
1491, 1779
1896, 2395
1211, 1760
161, 483
161, 2964
2062, 2653
534, 2907
1396, 1913
978, 2023
1761, 1937
1504, 1761
582, 1504
844, 1280
528, 1061
1297, 2996
2775, 2996
38, 271
2558, 2719
496, 2486
298, 2630
298, 2276
1063, 1983
2799, 2851
1522, 2001
940, 2894
475, 940
475, 2689
2090, 2850
69, 2741
1581, 2307
214, 1625
617, 836
836, 1419
261, 2582
261, 2708
1708, 1769
995, 2008
827, 1600
1923, 2711
2579, 2835
1290, 1330
1113, 1209
72, 1226
72, 2036
758, 979
679, 2701
708, 2777
2444, 2632
2079, 2606
2706, 2984
317, 2247
578, 843
476, 1773
2469, 2814
589, 1870
94, 2832
1471, 2634
2357, 2634
2248, 2808
1880, 2248
1121, 1880
1880, 2782
1031, 1920
1343, 2194
137, 2576
803, 2800
403, 2847
114, 2152
2440, 2860
2099, 2152
275, 1746
275, 961
371, 1640
505, 1543
350, 1466
1588, 1940
355, 1734
1734, 2228
754, 1486
1555, 2330
573, 2186
406, 1867
212, 614
649, 2237
1812, 2814
1812, 2753
1011, 2768
1379, 2768
98, 2276
1576, 1751
924, 1085
618, 1237
1042, 2333
587, 2242
410, 587
162, 1957
93, 162
1928, 2528
1108, 2528
1269, 2300
2129, 2254
776, 1844
464, 776
1724, 2837
681, 2754
1026, 2754
62, 1123
916, 2653
1695, 2486
1374, 1500
939, 1218
1842, 1887
723, 2183
504, 1449
504, 2831
849, 1212
1827, 2656
288, 311
1165, 1917
1275, 1939
1181, 2160
1181, 2931
10, 1199
424, 2412
1126, 1943
1829, 2233
2255, 2564
1202, 1370
1436, 2528
852, 1525
928, 2238
1547, 2184
612, 2585
40, 293
2277, 2503
1444, 1973
187, 2928
1461, 2956
785, 2710
1170, 2405
1170, 2861
1490, 1840
28, 2295
305, 2451
746, 1382
566, 2729
942, 2727
437, 1071
1265, 2647
1286, 1946
185, 2084
1281, 2657
2396, 2691
707, 1452
707, 2089
707, 1048
227, 1871
291, 968
628, 2699
1861, 2507
138, 903
967, 2779
967, 1721
967, 1206
860, 1278
486, 862
573, 1470
1723, 2074
1723, 2548
1250, 2546
2723, 2746
1607, 2540
202, 2923
154, 1329
408, 2646
468, 806
810, 1383
1217, 2581
1686, 1920
2380, 2867
231, 484
657, 797
1815, 2129
1815, 2359
1647, 1813
580, 977
55, 2489
362, 2675
362, 2678
362, 2398
569, 1499
639, 1365
29, 1076
821, 2832
450, 1004
672, 1649
1994, 2599
64, 2215
1811, 2551
1724, 2035
914, 2609
203, 2804
191, 2157
2157, 2960
139, 1519
7, 407
2103, 2231
79, 1282
268, 2516
2028, 2516
1958, 2094
787, 2215
302, 2116
661, 2297
725, 1049
992, 1998
48, 251
48, 2172
1742, 2742
1477, 1690
279, 2042
1774, 2880
324, 2646
294, 2198
1942, 2236
353, 912
695, 1411
382, 2911
472, 580
930, 1074
1599, 2397
1246, 1562
401, 2694
340, 1989
1424, 1976
1476, 1703
1938, 2340
159, 552
842, 2056
2781, 2888
238, 549
345, 2739
87, 1687
1968, 2918
355, 2054
1895, 2054
2341, 2893
183, 802
548, 2072
95, 2072
149, 230
220, 2915
1150, 2271
337, 1427
2139, 2715
785, 1672
266, 2672
1727, 2951
1902, 2013
635, 1877
2824, 2840
1390, 1908
559, 1171
217, 2107
987, 1665
553, 645
2069, 2358
792, 2738
759, 1209
609, 990
627, 1714
804, 886
12, 1905
235, 2707
1434, 2264
933, 2573
1512, 2067
1907, 2604
1257, 2712
1416, 2038
397, 2972
309, 764
296, 2439
100, 877
1377, 2641
1052, 2004
543, 2242
744, 1180
209, 854
985, 1318
811, 2162
41, 2189
