2.606813
0, 185
1, 36
2, 225
3, 152
4, 271
5, 147
6, 262
7, 245
8, 249
9, 196
10, 274
11, 14
12, 288
13, 161
15, 261
16, 90
17, 286
18, 150
19, 59
20, 137
21, 111
22, 225
23, 276
24, 231
25, 224
26, 270
27, 277
28, 257
29, 158
30, 63
31, 194
32, 51
33, 145
34, 162
35, 150
37, 280
38, 196
39, 146
40, 255
41, 262
42, 224
43, 280
44, 240
45, 294
46, 159
47, 267
48, 185
49, 98
50, 199
52, 82
53, 128
54, 289
55, 264
56, 191
57, 121
58, 154
59, 107
60, 279
7, 61
62, 234
63, 188
64, 129
65, 252
66, 132
67, 134
68, 293
69, 260
31, 70
71, 102
72, 286
73, 87
74, 291
75, 233
76, 136
77, 112
78, 280
79, 229
49, 80
81, 86
82, 142
83, 171
37, 84
85, 210
86, 126
88, 123
89, 166
27, 90
91, 151
92, 249
93, 156
94, 149
95, 107
85, 96
97, 118
98, 125
99, 211
46, 100
36, 101
102, 295
103, 191
5, 104
105, 279
106, 290
26, 108
109, 241
110, 181
111, 134
113, 240
114, 204
86, 115
116, 245
117, 275
16, 119
120, 223
122, 200
5, 124
126, 141
127, 132
77, 129
130, 261
131, 268
132, 202
133, 164
135, 168
136, 177
137, 293
138, 253
139, 268
140, 150
98, 143
27, 144
146, 256
95, 147
148, 153
149, 299
38, 152
153, 164
154, 186
155, 217
157, 259
160, 217
163, 270
164, 185
165, 177
23, 167
5, 168
169, 284
170, 264
40, 172
173, 255
174, 212
112, 175
33, 176
178, 269
179, 233
46, 180
182, 271
146, 183
184, 190
131, 186
187, 292
93, 189
190, 227
192, 207
49, 193
121, 195
197, 271
190, 198
199, 212
201, 272
202, 291
203, 280
205, 242
206, 213
207, 226
208, 255
59, 209
10, 210
211, 273
213, 256
163, 214
117, 215
216, 236
70, 218
219, 239
51, 220
221, 285
77, 222
224, 249
228, 288
133, 230
106, 231
6, 232
180, 233
234, 262
235, 291
112, 237
200, 238
125, 239
241, 291
168, 243
244, 281
246, 292
247, 269
248, 272
250, 263
167, 251
95, 254
15, 256
257, 276
226, 258
76, 260
94, 263
107, 265
19, 266
267, 299
134, 271
163, 272
212, 273
275, 289
278, 285
260, 282
33, 283
287, 294
112, 296
263, 297
9, 298
36, 152
2, 44
9, 205
145, 254
89, 245
10, 14
8, 288
13, 235
34, 90
72, 134
140, 204
21, 293
45, 106
194, 276
29, 202
140, 188
51, 267
33, 166
34, 271
177, 280
221, 255
45, 281
163, 212
85, 142
102, 128
55, 240
56, 149
121, 224
154, 177
60, 140
48, 262
171, 237
29, 65
85, 87
97, 233
229, 288
86, 195
123, 244
118, 151
93, 248
176, 181
231, 289
223, 270
122, 201
191, 253
121, 217
141, 157
203, 284
221, 269
9, 190
173, 246
196, 207
150, 261
122, 236
125, 134
2, 239
140, 226
105, 145
262, 286
111, 224
23, 116
26, 255
130, 270
48, 128
33, 43
237, 261
158, 256
97, 134
263, 274
106, 223
8, 130
72, 263
