1.397700
0, 124
1, 526
2, 565
3, 296
4, 76
5, 424
6, 557
7, 10
8, 944
9, 158
10, 313
11, 585
12, 906
13, 108
14, 619
15, 369
16, 745
17, 382
18, 92
19, 135
20, 649
21, 145
22, 656
23, 191
24, 478
25, 301
26, 721
27, 832
28, 721
29, 618
30, 773
31, 371
32, 771
33, 48
34, 956
35, 493
36, 78
37, 128
38, 863
39, 365
40, 606
41, 854
42, 45
43, 352
44, 804
45, 850
46, 615
47, 670
49, 737
50, 886
51, 328
52, 681
53, 96
54, 916
55, 71
56, 547
57, 793
58, 570
59, 657
60, 327
61, 454
62, 765
63, 834
64, 870
65, 939
66, 196
67, 379
68, 555
69, 266
70, 326
71, 850
72, 287
73, 812
74, 994
75, 775
76, 946
77, 306
78, 572
79, 280
80, 672
81, 588
82, 401
83, 508
83, 84
85, 190
86, 587
87, 434
88, 739
89, 195
90, 440
91, 287
92, 599
93, 569
94, 780
95, 867
97, 764
98, 373
99, 101
100, 575
101, 369
102, 838
103, 134
104, 786
105, 236
106, 419
107, 145
109, 333
110, 835
111, 191
112, 208
113, 117
114, 738
115, 728
116, 569
117, 454
118, 211
119, 560
120, 400
121, 710
122, 175
123, 778
125, 967
126, 302
127, 171
128, 308
129, 255
130, 315
131, 513
132, 134
74, 133
135, 147
136, 313
137, 910
138, 992
139, 889
140, 997
141, 888
142, 554
60, 143
144, 421
48, 145
146, 679
148, 972
149, 313
150, 238
151, 250
134, 152
153, 633
154, 578
155, 235
156, 718
157, 735
158, 521
159, 438
160, 728
161, 807
162, 779
163, 250
164, 180
165, 399
166, 665
167, 960
168, 927
169, 435
170, 191
171, 213
172, 310
173, 680
174, 910
176, 227
177, 249
94, 178
147, 179
181, 390
182, 395
183, 789
184, 594
185, 256
186, 501
187, 473
188, 299
189, 423
191, 847
192, 471
193, 448
194, 250
195, 333
197, 535
198, 898
199, 772
200, 345
201, 234
202, 476
203, 825
204, 949
205, 745
206, 422
207, 966
147, 208
209, 908
164, 210
211, 743
212, 399
214, 930
215, 665
216, 330
217, 599
218, 288
219, 542
47, 220
221, 240
222, 837
223, 248
224, 417
224, 225
226, 763
227, 966
228, 651
229, 446
230, 667
231, 706
232, 283
233, 895
234, 901
235, 745
237, 965
238, 926
239, 332
160, 241
242, 725
243, 876
244, 501
245, 890
246, 984
26, 247
248, 737
16, 251
252, 394
253, 842
254, 548
257, 451
258, 840
259, 409
260, 615
229, 261
262, 390
263, 298
209, 264
265, 623
266, 518
267, 720
268, 372
269, 548
270, 820
271, 342
272, 327
273, 275
274, 554
33, 276
277, 286
278, 368
279, 999
281, 510
282, 523
105, 284
270, 285
288, 496
289, 359
290, 402
291, 398
213, 292
203, 293
294, 441
295, 541
296, 324
297, 885
299, 337
300, 964
301, 582
303, 596
304, 661
305, 956
307, 968
309, 787
310, 831
311, 877
312, 362
314, 941
191, 316
317, 341
318, 455
319, 469
320, 570
321, 967
322, 742
323, 329
325, 783
160, 326
330, 996
331, 833
332, 485
334, 605
335, 450
336, 477
338, 942
339, 400
340, 596
341, 878
342, 556
192, 343
344, 612
220, 346
347, 532
348, 745
201, 349
350, 955
351, 411
353, 955
248, 354
355, 660
4, 356
357, 419
326, 358
360, 444
361, 377
362, 590
138, 363
91, 364
365, 542
360, 366
234, 367
105, 370
372, 778
374, 606
375, 857
130, 376
377, 521
378, 815
380, 424
381, 418
382, 566
383, 943
384, 833
385, 491
299, 386
387, 689
388, 851
389, 645
391, 545
392, 809
393, 972
394, 510
396, 501
397, 740
399, 803
401, 749
60, 403
404, 683
12, 405
406, 984
407, 990
408, 517
140, 410
408, 411
412, 888
72, 413
313, 414
415, 577
44, 416
399, 418
420, 500
127, 422
423, 888
424, 922
425, 807
426, 572
239, 427
428, 799
429, 448
430, 591
431, 902
432, 621
433, 770
436, 597
378, 437
50, 439
438, 442
53, 443
444, 831
445, 776
447, 934
448, 882
449, 578
451, 519
178, 452
453, 994
455, 579
456, 564
457, 899
458, 663
459, 808
460, 581
259, 461
462, 996
463, 889
234, 464
465, 587
466, 980
295, 467
468, 918
469, 923
470, 740
471, 758
472, 669
474, 815
218, 475
477, 756
74, 478
479, 656
480, 800
481, 859
347, 482
483, 486
263, 484
487, 839
488, 793
293, 489
490, 642
491, 852
492, 703
494, 932
495, 671
497, 500
78, 498
103, 499
502, 896
503, 943
259, 504
505, 712
347, 506
428, 507
87, 509
511, 856
512, 708
514, 559
515, 617
516, 736
520, 693
46, 522
524, 841
525, 909
140, 526
494, 527
528, 731
486, 529
191, 530
531, 748
326, 533
57, 534
536, 552
537, 851
66, 538
539, 707
540, 637
519, 541
542, 951
12, 543
51, 544
546, 758
547, 743
291, 549
550, 647
551, 655
553, 566
556, 826
557, 680
558, 883
559, 698
561, 990
284, 562
162, 563
564, 616
567, 649
568, 828
240, 569
154, 571
572, 783
573, 648
574, 814
575, 740
576, 950
578, 878
580, 737
583, 828
498, 584
586, 862
10, 587
589, 805
60, 592
593, 697
595, 727
328, 598
16, 600
601, 924
517, 602
554, 603
604, 959
606, 971
607, 871
421, 608
609, 709
400, 610
611, 744
613, 749
614, 898
615, 932
75, 620
621, 871
622, 976
624, 845
573, 625
626, 988
627, 655
628, 901
283, 629
186, 630
198, 631
289, 632
634, 999
20, 635
194, 636
512, 637
34, 638
535, 639
640, 740
314, 641
643, 756
644, 963
379, 646
488, 647
313, 650
652, 711
572, 653
451, 654
657, 731
11, 658
402, 659
660, 866
662, 956
363, 664
665, 896
666, 713
668, 791
669, 941
565, 671
672, 745
526, 673
674, 863
412, 675
676, 898
419, 677
545, 678
463, 680
682, 700
181, 684
685, 906
686, 789
687, 710
688, 946
689, 801
48, 690
691, 784
0, 692
669, 693
694, 817
695, 711
495, 696
524, 699
426, 701
702, 899
96, 703
110, 704
705, 918
709, 864
46, 714
514, 715
716, 832
717, 926
59, 719
720, 933
722, 837
264, 723
20, 724
725, 812
180, 726
420, 727
22, 729
730, 903
280, 731
530, 732
733, 782
135, 734
660, 738
142, 739
741, 852
451, 742
746, 809
161, 747
748, 920
750, 805
751, 843
333, 752
93, 753
499, 754
725, 755
757, 903
446, 759
760, 873
261, 761
517, 762
698, 763
298, 766
194, 767
238, 768
769, 872
772, 885
713, 774
185, 776
777, 954
781, 893
308, 782
785, 994
125, 786
446, 788
736, 790
232, 792
714, 794
408, 795
796, 940
97, 797
162, 798
611, 802
382, 806
429, 810
624, 811
256, 812
813, 870
366, 816
171, 817
187, 818
819, 845
655, 821
208, 822
823, 829
225, 824
281, 827
828, 979
462, 829
660, 830
835, 942
231, 836
840, 844
842, 996
225, 843
547, 846
722, 848
841, 849
154, 853
855, 891
589, 858
426, 860
652, 861
355, 865
48, 867
394, 868
421, 869
787, 872
52, 874
693, 875
679, 879
827, 880
695, 881
466, 883
310, 884
483, 887
722, 888
713, 890
668, 892
894, 967
623, 896
380, 897
676, 900
310, 903
631, 904
905, 999
564, 907
148, 910
672, 911
474, 912
608, 913
914, 921
207, 915
389, 917
539, 919
86, 925
336, 928
305, 929
150, 930
919, 931
935, 939
724, 936
623, 937
179, 938
89, 943
675, 944
112, 945
755, 947
927, 948
74, 949
418, 950
894, 952
659, 953
842, 954
290, 957
774, 958
176, 961
454, 962
745, 963
589, 966
763, 968
119, 969
12, 970
428, 973
447, 974
597, 975
695, 977
462, 978
522, 981
122, 982
887, 983
280, 984
741, 985
782, 986
82, 987
246, 989
81, 991
926, 993
645, 995
769, 998
0, 277
615, 997
324, 579
565, 688
189, 922
680, 955
11, 185
855, 906
108, 435
14, 207
17, 225
217, 232
20, 892
33, 462
656, 841
327, 530
501, 785
301, 791
531, 721
354, 832
346, 618
30, 982
274, 371
337, 771
34, 828
493, 686
426, 568
564, 674
144, 365
388, 606
41, 407
352, 789
44, 782
494, 554
47, 674
76, 886
51, 91
52, 341
54, 356
476, 850
547, 830
320, 379
280, 309
62, 478
298, 834
64, 179
65, 698
538, 800
67, 499
68, 745
220, 518
71, 115
75, 855
306, 337
81, 508
240, 987
85, 976
419, 587
87, 89
142, 856
90, 811
525, 780
97, 699
51, 98
187, 369
397, 991
102, 309
103, 128
589, 967
74, 370
168, 419
338, 869
117, 667
250, 660
119, 918
610, 953
313, 710
298, 302
255, 798
315, 862
513, 711
173, 972
727, 992
144, 887
146, 443
616, 633
425, 578
911, 964
55, 718
17, 157
159, 713
457, 779
164, 462
431, 665
132, 167
435, 437
727, 915
177, 923
390, 976
198, 395
184, 399
188, 291
722, 744
238, 758
193, 240
197, 661
514, 904
297, 330
200, 536
708, 901
293, 455
213, 841
209, 478
288, 733
737, 802
228, 370
455, 759
231, 596
805, 895
159, 965
332, 955
725, 887
354, 876
311, 394
187, 548
844, 955
218, 461
933, 994
123, 615
820, 928
271, 999
273, 621
277, 752
278, 649
44, 999
117, 523
146, 359
402, 536
238, 441
389, 742
491, 964
304, 596
347, 590
516, 923
329, 582
341, 833
334, 683
335, 987
20, 477
612, 695
408, 423
401, 444
240, 521
597, 857
186, 912
74, 418
703, 852
221, 689
645, 851
545, 768
516, 809
401, 683
319, 415
428, 770
430, 818
76, 902
4, 436
195, 934
359, 458
783, 808
460, 709
103, 941
83, 859
160, 839
490, 997
412, 712
617, 733
159, 736
525, 782
655, 920
834, 919
637, 793
742, 980
703, 828
625, 789
320, 814
443, 862
671, 697
232, 924
322, 604
667, 864
626, 812
405, 700
784, 834
225, 955
198, 760
781, 942
548, 796
770, 921
89, 643
96, 274
324, 334
92, 405
988, 994
164, 500
272, 519
748, 979
365, 564
122, 720
291, 478
789, 889
703, 960
528, 854
544, 830
827, 872
382, 766
66, 978
554, 850
355, 684
528, 948
409, 624
101, 972
588, 707
870, 954
701, 705
552, 725
422, 457
423, 711
222, 425
305, 688
327, 965
140, 898
67, 292
6, 758
191, 197
256, 782
311, 887
562, 756
328, 654
362, 748
45, 433
82, 275
667, 878
201, 522
92, 284
164, 979
353, 941
541, 839
334, 744
173, 807
