2.406185
0, 1378
1, 1205
2, 2361
3, 70
4, 1904
5, 1801
6, 1508
7, 1554
8, 1536
9, 1259
10, 2358
11, 1974
12, 1586
13, 2512
14, 1567
15, 914
16, 2507
17, 57
18, 1175
19, 2587
20, 1475
21, 1767
22, 688
23, 2784
24, 69
25, 1498
26, 2381
27, 904
28, 1608
29, 333
30, 2448
31, 1361
32, 379
33, 2114
34, 310
35, 273
36, 172
37, 46
38, 763
39, 2996
40, 715
41, 1933
42, 1152
43, 273
44, 2414
45, 2256
47, 472
48, 2698
49, 2205
50, 1655
51, 408
52, 1502
53, 2737
54, 2662
55, 1120
56, 806
58, 1231
59, 2828
60, 1841
61, 909
62, 2281
63, 1571
64, 1263
65, 1076
66, 367
67, 2010
68, 2011
69, 2509
70, 317
71, 805
72, 2368
73, 2173
74, 1736
75, 1781
76, 914
77, 937
78, 1973
79, 2994
80, 2314
81, 1918
82, 1061
83, 1546
84, 2225
85, 570
86, 1854
87, 1416
88, 2927
89, 1240
90, 2439
91, 695
92, 1580
93, 1031
94, 486
95, 1766
96, 2518
97, 2631
98, 542
99, 1287
100, 1662
101, 2277
102, 1859
103, 2884
104, 2186
105, 2760
106, 1443
107, 414
108, 305
109, 914
110, 963
111, 729
112, 196
113, 968
114, 2526
115, 2949
116, 185
117, 1518
118, 704
119, 551
120, 1297
121, 2446
122, 345
123, 2233
124, 2156
125, 817
126, 2673
127, 2090
128, 830
129, 1027
130, 1290
131, 2229
74, 132
133, 338
134, 1496
135, 2364
136, 1348
137, 2996
138, 459
139, 490
140, 1281
141, 1991
142, 1768
143, 432
144, 670
145, 572
146, 2022
147, 957
148, 2802
149, 2711
150, 2667
151, 1004
152, 2040
153, 2370
154, 1499
155, 2600
156, 1594
157, 1678
65, 158
159, 1438
160, 736
161, 1497
162, 964
163, 2320
164, 2070
165, 2089
166, 1770
167, 870
168, 865
169, 1794
170, 1172
171, 878
173, 1786
174, 274
175, 604
176, 1787
177, 1876
178, 1223
179, 740
180, 1797
181, 864
182, 1915
183, 2570
184, 2288
185, 1964
186, 1232
187, 1028
188, 1092
189, 1863
190, 2933
191, 370
192, 268
193, 1819
194, 215
195, 688
197, 1763
198, 2441
199, 916
200, 1714
201, 2526
202, 787
43, 203
204, 444
205, 1350
206, 2383
207, 244
208, 1874
209, 698
210, 905
211, 2299
212, 2391
213, 2086
214, 1147
215, 260
216, 2589
217, 411
218, 464
219, 1205
220, 1447
221, 997
222, 2515
223, 1262
224, 722
225, 1159
226, 501
227, 1199
228, 1423
229, 1487
230, 2641
231, 505
232, 2236
233, 2605
234, 873
235, 981
236, 2290
237, 2170
238, 404
239, 408
240, 2406
241, 2576
242, 964
243, 1700
244, 1465
245, 965
246, 2459
247, 853
248, 2044
249, 1402
250, 417
251, 1462
252, 1054
253, 2441
254, 2097
255, 2340
256, 2888
257, 1408
258, 2487
259, 2950
260, 1298
261, 1413
262, 698
263, 1940
264, 2732
265, 1281
266, 1088
267, 2902
268, 2530
269, 346
270, 2262
271, 2487
272, 805
273, 697
275, 2599
276, 1283
277, 443
278, 440
279, 286
280, 2743
281, 1397
282, 1736
283, 631
284, 2388
285, 1509
287, 1636
288, 2295
289, 392
290, 1055
291, 2946
292, 584
293, 335
294, 2327
295, 1941
296, 2118
297, 509
298, 2568
299, 404
300, 1532
301, 2350
302, 542
303, 1164
304, 2044
305, 2425
306, 1319
307, 993
308, 2616
309, 820
311, 2296
122, 312
313, 772
314, 774
315, 2825
316, 1164
318, 530
319, 2622
320, 425
321, 964
322, 1897
323, 2187
324, 1535
325, 951
326, 2979
327, 2126
328, 1383
329, 2343
330, 1138
331, 939
332, 1916
334, 2531
335, 1953
336, 598
337, 1920
338, 2727
104, 339
340, 945
341, 2880
342, 1576
343, 2328
344, 1344
346, 2835
347, 1199
348, 1155
349, 1284
350, 2200
351, 2208
352, 976
353, 692
354, 2950
355, 1778
356, 1590
357, 1316
358, 1502
359, 1461
360, 2483
361, 1446
362, 1535
363, 2537
364, 408
365, 445
366, 2816
367, 2349
368, 534
369, 2218
370, 2783
371, 1954
372, 1780
373, 833
374, 1021
375, 1538
376, 1274
377, 1228
378, 444
379, 1718
281, 380
381, 1391
347, 382
383, 2005
384, 1876
212, 385
386, 913
387, 2707
388, 1580
389, 2946
390, 626
391, 1071
392, 1181
393, 1254
394, 1792
395, 1708
396, 1934
251, 397
398, 2551
399, 1700
400, 1849
401, 2891
402, 586
403, 663
405, 2568
406, 1952
407, 2814
408, 662
409, 2011
410, 534
411, 2233
412, 1494
413, 875
414, 1009
415, 2959
416, 2719
418, 2981
419, 2440
420, 936
421, 1334
422, 607
423, 2155
424, 2094
426, 942
427, 1223
428, 2918
429, 2359
430, 1840
431, 2034
433, 2184
434, 451
435, 1627
436, 2416
437, 672
438, 1055
238, 439
440, 902
441, 2059
442, 2292
446, 1311
447, 1379
448, 2270
449, 1580
450, 2954
451, 2127
452, 2636
453, 1482
454, 1540
455, 2145
456, 2312
457, 784
458, 854
460, 2647
461, 2005
462, 2248
463, 510
464, 2424
465, 1251
466, 2036
467, 1129
468, 2324
469, 1325
470, 1625
471, 2324
472, 2922
473, 1600
474, 551
365, 475
476, 912
477, 799
478, 1610
479, 1910
480, 2869
140, 481
482, 698
483, 2350
484, 1704
485, 1036
487, 2724
488, 2161
489, 2357
491, 1271
492, 1056
493, 1292
419, 494
495, 862
496, 2085
497, 2418
498, 637
499, 1842
500, 1199
501, 1142
502, 2314
503, 1062
504, 2627
506, 2684
507, 1967
508, 921
511, 1986
512, 979
513, 2649
514, 1145
515, 1939
516, 2255
517, 1705
518, 766
519, 653
520, 2261
521, 1257
522, 1506
523, 980
524, 2045
525, 2735
526, 2247
527, 834
528, 2060
529, 1839
530, 719
531, 2428
532, 2224
533, 1522
534, 2027
535, 1507
536, 1969
537, 2658
538, 1715
539, 880
540, 2792
431, 541
542, 633
543, 2059
516, 544
545, 1648
546, 2187
547, 2254
548, 2785
549, 1048
455, 550
551, 2957
552, 2144
20, 553
554, 869
555, 1738
556, 1242
557, 2979
558, 1625
559, 2566
560, 1334
561, 2541
562, 688
115, 563
564, 1642
565, 1012
152, 566
567, 1827
568, 1540
569, 2694
570, 1738
571, 1949
573, 2231
574, 1159
575, 2257
576, 2860
577, 1615
12, 578
251, 579
580, 2957
581, 1976
582, 1088
583, 2362
585, 2191
407, 586
587, 1876
588, 870
589, 2794
590, 2143
591, 612
592, 1649
593, 1262
594, 1725
595, 2981
596, 1920
597, 2342
599, 718
600, 749
601, 1312
602, 2100
603, 2816
605, 944
606, 2753
607, 1741
608, 2308
82, 609
610, 891
611, 995
391, 613
614, 1589
615, 1444
616, 1267
617, 2514
618, 1242
619, 2256
620, 2566
621, 1661
622, 2983
623, 666
624, 756
625, 2905
627, 1882
628, 2791
629, 1495
630, 1979
631, 1149
632, 2235
157, 634
193, 635
636, 1178
637, 2920
218, 638
639, 2022
640, 1491
641, 2311
642, 2499
273, 643
644, 2532
645, 892
646, 917
647, 1581
648, 2086
649, 1956
650, 2895
651, 1578
652, 1075
653, 2635
654, 889
655, 2337
656, 921
644, 657
401, 658
659, 2410
660, 2708
661, 1739
663, 1686
664, 805
665, 1693
182, 667
668, 1105
669, 2089
671, 1823
672, 2126
673, 2733
674, 2479
675, 1489
676, 1621
677, 733
678, 1335
679, 2403
680, 2909
681, 1751
682, 2887
683, 1623
684, 2337
685, 2947
686, 691
687, 819
620, 689
690, 2221
691, 2753
692, 1742
693, 2837
694, 938
695, 1340
696, 2108
698, 1066
699, 2618
700, 2002
701, 2239
702, 1628
703, 1153
704, 962
705, 2861
706, 1771
707, 1074
708, 882
709, 1990
710, 2723
711, 1272
712, 1773
713, 738
714, 2657
404, 715
716, 1229
717, 2484
718, 1407
720, 842
721, 2979
722, 731
723, 1020
501, 724
725, 1625
726, 2960
727, 1628
728, 2020
729, 1031
6, 730
731, 2442
710, 732
733, 2324
734, 975
735, 2485
737, 1508
739, 1300
741, 1050
742, 2797
743, 2557
744, 1569
745, 1937
746, 1084
747, 2893
572, 748
750, 1633
751, 1215
752, 780
753, 2045
544, 754
755, 1441
757, 1462
758, 2509
759, 2596
760, 2600
761, 1823
762, 1257
763, 1352
764, 1304
765, 1393
766, 2664
767, 2627
768, 1750
769, 2516
770, 1958
750, 771
773, 1001
157, 774
775, 1956
404, 776
777, 1021
778, 2269
779, 1760
781, 1255
782, 1552
783, 2339
784, 984
785, 999
786, 2078
787, 1538
788, 1071
789, 2009
790, 2955
791, 1813
482, 792
793, 2420
794, 2919
795, 1161
796, 2237
797, 2420
597, 798
799, 945
800, 1561
801, 1651
802, 2644
803, 1501
498, 804
805, 1001
806, 1834
807, 2832
808, 1718
809, 2741
810, 1707
811, 2290
812, 2716
408, 813
814, 2957
815, 2745
816, 2687
817, 2007
818, 1878
819, 1701
820, 1082
821, 2960
822, 1406
823, 1581
346, 824
825, 1763
826, 2113
827, 2965
828, 1281
829, 2540
831, 1208
832, 1046
833, 1011
834, 1501
697, 835
836, 2529
837, 2785
838, 844
839, 2614
840, 1899
841, 1060
842, 2881
832, 843
845, 1176
455, 846
847, 2104
848, 2754
365, 849
114, 850
851, 1081
370, 852
853, 2222
855, 1547
856, 2526
857, 1659
44, 858
859, 2071
860, 1281
861, 1136
862, 1758
863, 2084
865, 1585
866, 1993
867, 1440
408, 868
870, 2609
871, 927
872, 2177
874, 1023
875, 2897
876, 2323
877, 2822
878, 2112
673, 879
880, 2434
881, 2348
693, 882
883, 1896
884, 1848
885, 892
886, 913
887, 2976
888, 1327
889, 1987
890, 2014
893, 2009
894, 1809
895, 1216
896, 1610
897, 1929
898, 1333
23, 899
900, 1849
901, 1922
903, 925
904, 2549
906, 2465
907, 2112
908, 1083
909, 1488
910, 1491
911, 1533
915, 2738
916, 2809
918, 2107
919, 2369
920, 1717
922, 2393
923, 1611
924, 2043
926, 1491
928, 2634
929, 2356
930, 2119
546, 931
932, 1231
933, 2878
934, 1073
935, 1070
936, 1429
940, 2411
941, 1569
942, 2090
846, 943
944, 2186
726, 946
246, 947
948, 1927
949, 1440
270, 950
952, 2395
953, 1780
822, 954
955, 957
956, 2770
958, 1180
959, 2006
760, 960
961, 1899
520, 963
965, 2046
966, 1664
967, 1551
969, 2315
970, 1003
455, 971
972, 1526
324, 973
974, 1393
975, 1804
976, 2058
78, 977
978, 2297
979, 2466
982, 2022
983, 2876
985, 1447
986, 1679
987, 1933
988, 2612
989, 1400
990, 2552
991, 1313
992, 1182
994, 2956
996, 1329
997, 1484
998, 2239
1000, 2145
1001, 2898
1002, 2485
1003, 1195
928, 1005
1006, 1947
1007, 1931
921, 1008
1010, 2481
868, 1013
1014, 2056
1015, 1206
1016, 2806
1017, 2547
1018, 2557
923, 1019
1022, 2362
1024, 1876
1025, 1325
1026, 1310
1028, 2679
1029, 1260
1030, 2707
1031, 2608
608, 1032
1033, 1258
1034, 1728
1035, 2283
1037, 2671
600, 1038
1039, 1529
1040, 1415
1041, 2108
118, 1042
18, 1043
1044, 2160
1045, 2396
1046, 1161
1047, 2355
1049, 2356
1051, 1939
618, 1052
1053, 2960
570, 1055
1056, 2243
1057, 2794
1058, 2427
1059, 1610
1060, 2289
1063, 2518
1064, 2151
1065, 1855
1066, 1666
1067, 2656
1068, 1815
1069, 2243
535, 1072
1073, 2935
598, 1074
785, 1077
1078, 1956
1079, 2529
1080, 1176
25, 1083
1085, 1354
1086, 2197
1087, 1894
1089, 2447
1090, 1639
1091, 2596
1093, 1962
1094, 1145
1095, 1171
1096, 2073
1097, 1743
1098, 2684
1099, 2424
1100, 2190
447, 1101
1102, 1425
1103, 2776
1104, 1837
1106, 2695
1107, 2696
1108, 2801
1109, 2437
1110, 1194
1111, 1452
1105, 1112
728, 1113
1114, 2995
1115, 2555
1116, 2131
1117, 2612
1118, 2581
1119, 2551
1121, 2978
1122, 2474
992, 1123
1124, 1363
1125, 1322
139, 1126
1127, 1890
1128, 2108
1130, 1772
1131, 1729
1132, 1567
366, 1133
1134, 1366
1135, 1599
1136, 2572
1137, 2547
1138, 2099
1139, 2677
1140, 2672
35, 1141
1142, 1811
1143, 1692
1144, 2792
1145, 1798
529, 1146
1147, 2519
823, 1148
1150, 1864
1151, 2281
1152, 2166
306, 1153
1154, 2472
1155, 2889
1156, 2175
1157, 1996
1158, 2501
1159, 2047
953, 1160
1161, 2880
1162, 2701
1163, 1486
1164, 2423
1165, 2365
1166, 1609
1167, 1685
1168, 1420
1169, 1725
1170, 2264
1172, 1649
1173, 1355
685, 1174
1176, 2255
1177, 2102
1179, 2035
1180, 2454
1183, 2396
1184, 2307
749, 1185
1186, 1718
1187, 2674
1188, 1757
1189, 2384
1190, 1860
1191, 1360
1192, 1724
1193, 1975
1195, 1545
373, 1196
1197, 2623
1198, 1227
6, 1200
1201, 1536
1202, 2103
1203, 1980
1204, 1730
1206, 1432
1207, 2751
1208, 1754
532, 1209
1004, 1210
1211, 1366
1212, 2229
1213, 2744
1214, 2426
1215, 2318
1216, 1941
1217, 2460
1218, 1767
1219, 2621
61, 1220
1051, 1221
1102, 1222
1224, 2164
999, 1225
1226, 1588
1227, 2554
357, 1230
1231, 1889
1233, 2230
1234, 2979
1235, 1748
1236, 2854
1237, 2749
1120, 1238
1239, 2969
1241, 2569
1242, 1970
1243, 1753
619, 1244
1245, 1742
1246, 1494
156, 1247
873, 1248
543, 1249
1250, 2052
1251, 2831
1252, 2590
1253, 2787
1254, 2961
153, 1256
1261, 1388
1205, 1262
1264, 2325
1265, 1981
309, 1266
1267, 1346
878, 1268
1269, 1491
1270, 2898
1271, 1461
1272, 2505
1273, 2934
1275, 1939
1276, 1842
718, 1277
1040, 1278
1279, 1769
1052, 1280
732, 1282
1283, 2950
1284, 1426
1285, 2187
1286, 1322
1287, 2988
1288, 1371
1289, 1700
1291, 2527
1293, 2777
1294, 1688
1295, 1330
1296, 1556
1297, 2025
1299, 1490
1300, 2677
1301, 2377
202, 1302
453, 1303
1305, 2277
1306, 2042
1307, 2664
1004, 1308
1309, 1452
440, 1314
1315, 2207
1316, 1736
1317, 1720
1318, 2707
1319, 1919
1320, 1848
572, 1321
1323, 1553
1324, 2819
1325, 2016
1319, 1326
1327, 1997
1328, 2477
1194, 1329
151, 1330
1331, 2157
1332, 2112
1334, 1979
1336, 1538
103, 1337
1338, 2872
1339, 1562
1341, 1892
1342, 2255
1147, 1343
1111, 1345
1347, 2299
271, 1349
842, 1351
1353, 2780
1356, 1522
1357, 2321
1358, 1640
1359, 2962
1362, 1605
1364, 1975
1242, 1365
1366, 2408
1367, 2873
1368, 2626
915, 1369
1370, 2098
1371, 2383
1372, 1834
321, 1373
1374, 2465
1375, 1799
1376, 2719
1377, 2574
1380, 1390
1381, 1450
1382, 1869
40, 1384
1385, 2852
1386, 2911
1387, 2073
1389, 2085
743, 1392
960, 1394
1129, 1395
1396, 2117
1397, 2398
1398, 2769
1399, 2341
270, 1401
1403, 1711
1404, 1523
277, 1405
1407, 1441
1409, 2116
1410, 2538
1411, 1807
1412, 2988
621, 1413
1414, 1794
1417, 1426
1418, 2111
1419, 1645
1420, 1501
1421, 1865
1422, 1563
214, 1423
1424, 2355
1358, 1427
1428, 2810
1430, 2767
1036, 1431
1433, 1636
1434, 1882
1435, 1704
1436, 2714
1437, 1874
373, 1438
1439, 1538
1442, 1562
1443, 2117
1445, 2668
1446, 1547
1448, 2056
466, 1449
1450, 1727
1120, 1451
1453, 2663
1009, 1454
504, 1455
1456, 1560
1457, 2241
487, 1458
773, 1459
1460, 2406
1461, 1651
1463, 2959
262, 1464
1124, 1466
67, 1467
1468, 1643
1469, 2861
1470, 1776
1471, 2179
1472, 2605
1011, 1473
1474, 2367
1476, 1731
165, 1477
1478, 1789
1479, 1779
1024, 1480
1481, 1614
1483, 2701
1484, 2099
1081, 1485
1491, 2360
1492, 2810
383, 1493
1497, 1964
912, 1499
1500, 1798
1503, 2388
1504, 2729
1505, 2044
1508, 2337
1510, 1700
1511, 2219
1512, 2250
1513, 1875
1514, 2366
1515, 2110
1516, 2122
1517, 2938
1518, 2205
95, 1519
658, 1520
1521, 1525
1523, 1666
1524, 1940
1527, 1742
607, 1528
1529, 2477
1530, 2810
425, 1531
763, 1533
913, 1534
1452, 1537
1539, 1646
1541, 2221
1542, 2667
1508, 1543
1544, 1694
592, 1548
1377, 1549
1550, 2617
1008, 1553
730, 1555
1557, 2594
1558, 1899
1559, 2345
1561, 1636
1564, 2333
1565, 1776
1289, 1566
1568, 2056
1570, 1750
20, 1572
545, 1573
1574, 2877
1465, 1575
77, 1577
894, 1578
1579, 2390
1580, 2927
1582, 2774
1583, 2908
1584, 1694
1586, 2467
1587, 2658
1591, 2100
1592, 2880
1593, 2806
1595, 1980
1596, 2487
1597, 2798
1470, 1598
1600, 1906
911, 1601
1602, 2376
156, 1603
1550, 1604
1606, 2452
2, 1607
1609, 2816
1612, 2298
868, 1613
1614, 1776
1615, 2280
1616, 2206
580, 1617
1084, 1618
1619, 2978
195, 1620
1622, 1730
502, 1623
365, 1624
1626, 2147
1629, 2372
529, 1630
118, 1631
1632, 2560
1633, 2315
1634, 2517
1635, 2352
1637, 2512
1638, 2531
1640, 2640
1641, 1922
1190, 1644
1645, 1955
60, 1647
1648, 2034
1650, 1857
986, 1652
329, 1653
1521, 1654
1551, 1656
1123, 1657
1658, 2156
1659, 2880
186, 1660
1662, 1755
1663, 2061
1664, 2227
1665, 2785
1667, 2174
1668, 2965
487, 1669
1670, 2921
736, 1671
1672, 1720
1361, 1673
1153, 1674
396, 1675
1676, 2820
1677, 2061
1016, 1680
792, 1681
1682, 2235
1683, 2605
1684, 2801
158, 1687
1689, 2616
1690, 1715
1691, 2109
1692, 2022
1693, 2481
1694, 2630
1695, 2390
523, 1696
1697, 2043
1698, 2730
1699, 1950
1702, 2075
955, 1703
1704, 2519
1706, 2183
1707, 1786
1708, 2408
1709, 2446
1710, 2129
393, 1711
1712, 1728
416, 1713
1716, 1837
964, 1719
1676, 1720
411, 1721
1722, 2164
1103, 1723
346, 1726
1729, 2009
903, 1732
1733, 2040
1734, 2099
1735, 2976
1737, 2752
1740, 1938
471, 1743
1161, 1744
1745, 2465
1746, 2011
1747, 2383
1749, 1930
1492, 1751
598, 1752
1756, 2782
1757, 2753
1759, 2706
1761, 1861
1632, 1762
1260, 1764
1765, 2712
1767, 1957
1769, 2279
715, 1770
1771, 2926
1772, 2508
33, 1774
391, 1775
1777, 2393
1782, 2458
1783, 2742
1784, 2119
1785, 2851
1785, 1787
1788, 2559
1789, 2512
114, 1790
1541, 1791
987, 1793
859, 1795
1796, 2605
1352, 1800
1802, 2589
1803, 2690
1804, 2055
438, 1805
2, 1806
1763, 1808
640, 1809
1810, 2678
1812, 2557
857, 1813
608, 1814
1815, 2543
1127, 1816
1817, 1937
1730, 1818
1819, 2831
1820, 2521
1821, 2893
291, 1822
1823, 1998
1824, 2407
1825, 2502
1103, 1826
1828, 2754
1829, 2146
1830, 2158
1831, 2904
942, 1832
1833, 2459
1835, 2374
1836, 2614
1837, 2963
1838, 2596
1839, 2355
1843, 2946
362, 1844
607, 1845
340, 1846
1020, 1847
1247, 1850
1194, 1851
887, 1852
1443, 1853
1854, 2571
619, 1856
1222, 1858
1859, 2336
1860, 2735
1861, 2370
391, 1862
719, 1864
1742, 1865
1866, 2786
864, 1867
1868, 2506
1869, 2129
1870, 1910
1871, 1965
1698, 1872
1873, 2395
1874, 2924
1662, 1875
115, 1877
1369, 1879
1880, 1882
218, 1881
1883, 2241
1884, 2360
1020, 1885
1886, 2803
247, 1887
1888, 2110
1891, 2141
1892, 2470
1122, 1893
1894, 2188
1895, 2766
1896, 2184
1897, 2840
440, 1898
1900, 2276
625, 1901
22, 1902
1903, 2930
1904, 2756
1905, 2594
1907, 2146
1908, 2899
1526, 1909
1436, 1911
557, 1912
1275, 1913
1914, 2356
1915, 2919
1917, 2071
1918, 2390
1921, 2311
333, 1923
1924, 2710
1640, 1925
1926, 2122
508, 1928
503, 1929
1734, 1930
345, 1931
1932, 2128
63, 1935
429, 1936
1938, 2921
141, 1942
1444, 1943
1944, 2771
640, 1945
1413, 1946
1700, 1948
1949, 2091
1951, 2429
939, 1958
598, 1959
1960, 2359
1284, 1961
1125, 1963
1964, 2510
1252, 1966
797, 1968
867, 1971
1972, 2120
1976, 2676
1860, 1977
626, 1978
1438, 1982
1983, 2335
1984, 2516
1985, 2820
1988, 2853
1989, 2387
1990, 2634
1525, 1992
301, 1993
1788, 1994
1735, 1995
1997, 2450
1998, 2395
1999, 2512
349, 2000
919, 2001
1256, 2003
1285, 2004
1310, 2005
14, 2008
2009, 2081
1613, 2012
2013, 2650
878, 2014
545, 2015
139, 2016
2017, 2461
2018, 2325
2019, 2980
1746, 2021
1057, 2023
741, 2024
1772, 2026
2028, 2203
300, 2029
1108, 2030
2031, 2314
1657, 2032
1310, 2033
893, 2037
568, 2038
1180, 2039
451, 2041
1036, 2043
2045, 2543
257, 2048
2049, 2759
200, 2050
1768, 2051
2053, 2681
1113, 2054
2057, 2871
1095, 2062
2063, 2193
2064, 2403
1728, 2065
2066, 2695
922, 2067
14, 2068
2069, 2302
2072, 2340
2023, 2074
2075, 2550
2076, 2804
2077, 2097
1625, 2079
2080, 2596
2082, 2816
275, 2083
1793, 2087
2016, 2088
1114, 2089
2071, 2092
440, 2093
885, 2094
142, 2095
2096, 2695
2098, 2377
2101, 2472
1106, 2103
1494, 2104
1769, 2105
718, 2106
2107, 2434
2109, 2658
2111, 2260
2040, 2114
1105, 2115
2116, 2316
1057, 2121
1400, 2122
630, 2123
1215, 2124
2125, 2445
870, 2128
2129, 2834
1029, 2130
2132, 2146
230, 2133
2134, 2280
1580, 2135
572, 2136
1182, 2137
437, 2138
1263, 2139
2140, 2168
1116, 2142
519, 2148
2149, 2888
1191, 2150
2151, 2335
2152, 2766
2153, 2853
144, 2154
2158, 2605
2159, 2255
946, 2162
2163, 2242
2164, 2748
2165, 2190
2167, 2932
1997, 2169
2170, 2287
2171, 2740
2172, 2995
1955, 2173
1730, 2175
680, 2176
2178, 2922
104, 2179
2180, 2876
1603, 2181
2182, 2719
1485, 2185
2171, 2189
256, 2191
2192, 2397
1842, 2194
1393, 2195
2196, 2638
2198, 2548
2199, 2323
1053, 2201
746, 2202
833, 2203
169, 2204
865, 2207
2209, 2810
1325, 2210
2211, 2476
1101, 2212
2104, 2213
453, 2214
71, 2215
1182, 2216
458, 2217
1505, 2218
2219, 2349
965, 2220
291, 2223
5, 2224
187, 2225
561, 2226
2227, 2625
371, 2228
251, 2230
2232, 2952
2234, 2991
392, 2238
2240, 2398
2188, 2242
538, 2244
1662, 2245
2180, 2246
2249, 2328
537, 2250
682, 2251
2252, 2296
2253, 2763
1482, 2257
2258, 2361
335, 2259
2226, 2261
1969, 2263
1868, 2265
2266, 2692
1353, 2267
2268, 2351
2269, 2665
2271, 2680
2272, 2987
2273, 2589
673, 2274
854, 2275
2278, 2946
1864, 2282
1158, 2284
2285, 2386
1102, 2286
2291, 2655
662, 2293
88, 2294
2297, 2298
2300, 2326
2179, 2301
23, 2303
1020, 2304
1112, 2305
2306, 2763
2309, 2606
2197, 2310
1740, 2313
1227, 2315
2317, 2427
1129, 2318
2319, 2646
2217, 2321
2322, 2339
1163, 2329
2329, 2330
1767, 2331
2332, 2900
2334, 2990
2338, 2798
1308, 2339
2341, 2360
2343, 2966
2344, 2579
2346, 2808
2347, 2386
2348, 2397
215, 2351
2352, 2432
887, 2353
2354, 2455
892, 2357
1313, 2363
2298, 2371
389, 2373
1407, 2375
1161, 2377
2378, 2787
989, 2379
1611, 2380
1663, 2382
2384, 2920
1599, 2385
1655, 2389
136, 2392
729, 2394
1563, 2399
139, 2400
232, 2401
409, 2402
2404, 2596
486, 2405
1674, 2407
1127, 2409
2411, 2585
2412, 2783
2047, 2413
2415, 2419
2416, 2734
2417, 2535
156, 2419
1986, 2421
110, 2422
2425, 2775
2426, 2745
1980, 2429
169, 2430
2431, 2479
58, 2433
1308, 2435
1426, 2436
794, 2437
2438, 2980
2439, 2506
1362, 2443
518, 2444
1698, 2445
1033, 2448
2449, 2841
2451, 2800
2452, 2623
987, 2453
431, 2456
2457, 2647
2458, 2956
1147, 2462
1713, 2463
502, 2464
1009, 2465
2468, 2810
1089, 2469
2471, 2886
1291, 2473
2475, 2662
907, 2476
266, 2478
1927, 2480
424, 2482
1788, 2483
1213, 2484
600, 2486
1885, 2488
1286, 2489
2166, 2490
79, 2491
2025, 2492
529, 2493
2046, 2494
172, 2495
1979, 2496
1864, 2497
819, 2498
92, 2500
2502, 2535
1273, 2503
2504, 2828
582, 2511
2046, 2513
306, 2515
1024, 2520
2504, 2521
2308, 2522
18, 2523
2524, 2551
1850, 2525
623, 2526
2528, 2820
2532, 2674
2533, 2796
291, 2534
2207, 2536
1281, 2538
902, 2539
335, 2542
137, 2544
2203, 2545
2546, 2869
894, 2547
762, 2549
234, 2553
313, 2556
2558, 2699
1815, 2560
1054, 2561
814, 2562
1836, 2563
1818, 2564
1648, 2565
1737, 2567
1254, 2570
938, 2571
1707, 2573
1264, 2575
328, 2577
2578, 2941
2513, 2580
52, 2582
1500, 2583
1712, 2584
867, 2586
2587, 2768
1563, 2588
300, 2591
2592, 2766
2593, 2732
1824, 2595
1046, 2597
387, 2598
2573, 2601
2187, 2602
1823, 2603
648, 2604
2606, 2823
1247, 2607
1393, 2610
2210, 2611
2613, 2994
1090, 2615
1951, 2619
2202, 2620
1356, 2621
513, 2624
392, 2626
2627, 2932
2487, 2628
2629, 2770
2632, 2834
2443, 2633
2635, 2860
2636, 2697
2330, 2637
1298, 2639
2169, 2642
2337, 2643
2644, 2681
1218, 2645
2064, 2646
2647, 2938
831, 2648
2152, 2650
949, 2651
849, 2652
1571, 2653
2216, 2654
833, 2659
1339, 2660
688, 2661
189, 2666
46, 2669
787, 2670
8, 2672
1771, 2675
2589, 2678
965, 2680
1788, 2682
972, 2683
332, 2685
1616, 2686
2688, 2703
2300, 2689
2691, 2696
813, 2692
39, 2693
2609, 2694
2695, 2956
2700, 2790
2632, 2702
1362, 2704
2705, 2966
1610, 2706
2343, 2709
2712, 2909
207, 2713
60, 2715
2717, 2768
2718, 2856
476, 2720
2721, 2972
2193, 2722
2231, 2725
889, 2726
1728, 2728
2731, 2956
2735, 2850
2213, 2736
1838, 2737
2739, 2967
1319, 2746
1756, 2747
2750, 2983
987, 2751
1731, 2755
440, 2757
1594, 2758
2761, 2837
627, 2762
1353, 2763
12, 2764
2765, 2961
2377, 2766
664, 2772
1094, 2773
901, 2774
2777, 2829
1785, 2778
2398, 2779
691, 2781
984, 2783
987, 2788
432, 2789
779, 2793
2352, 2794
637, 2795
603, 2797
1465, 2799
1026, 2801
955, 2805
576, 2807
2191, 2811
2812, 2991
2526, 2813
1797, 2815
138, 2817
384, 2818
2568, 2821
2072, 2822
381, 2824
2585, 2826
2386, 2827
1363, 2829
2300, 2830
2010, 2833
1452, 2836
1455, 2838
407, 2839
529, 2842
2001, 2843
1004, 2844
2009, 2845
476, 2846
2847, 2986
531, 2848
324, 2849
2852, 2960
2854, 2948
2243, 2855
1041, 2856
886, 2857
2299, 2858
1368, 2859
516, 2862
2089, 2863
2770, 2864
2261, 2865
2866, 2994
421, 2867
72, 2868
1037, 2870
321, 2872
936, 2874
2605, 2875
705, 2878
2879, 2898
1802, 2882
1344, 2883
1376, 2885
1772, 2886
2792, 2888
582, 2889
2441, 2890
2892, 2990
1208, 2893
1182, 2894
1986, 2896
1712, 2899
1374, 2900
699, 2901
2902, 2950
1740, 2903
555, 2904
548, 2906
823, 2907
2681, 2910
2115, 2911
849, 2912
2646, 2913
657, 2914
2442, 2915
1997, 2916
2694, 2917
281, 2923
1618, 2925
1191, 2928
2705, 2929
1755, 2930
2411, 2931
1484, 2933
108, 2936
2937, 2938
60, 2939
2184, 2940
619, 2941
1447, 2942
2832, 2943
2232, 2944
2369, 2945
512, 2951
921, 2953
2802, 2954
254, 2958
1955, 2959
1874, 2963
2243, 2964
1208, 2967
181, 2968
782, 2970
1760, 2971
417, 2973
1477, 2974
1165, 2975
2616, 2976
329, 2977
2730, 2982
1484, 2984
2442, 2985
1125, 2986
1999, 2987
2089, 2989
2950, 2991
678, 2992
1051, 2993
2609, 2994
2422, 2997
1815, 2998
1036, 2999
0, 440
1806, 2151
70, 1491
975, 1904
2337, 2854
7, 1612
9, 2585
2315, 2358
11, 2227
713, 1586
1567, 2804
76, 220
16, 2566
57, 500
1311, 2523
2768, 2877
1475, 2723
1767, 2475
195, 891
2655, 2784
24, 2573
26, 2628
1102, 1257
28, 2070
29, 1018
1033, 2506
822, 1361
379, 1907
566, 2623
34, 2902
203, 601
1047, 2495
37, 1902
39, 901
238, 2961
177, 2166
44, 2746
1105, 2178
1283, 2698
50, 176
358, 2732
862, 1838
1120, 2070
1161, 1834
831, 1889
388, 2939
1488, 1835
1151, 2663
63, 2856
64, 1519
158, 1514
2010, 2111
545, 1746
805, 1780
180, 2368
2173, 2502
75, 2953
937, 2171
1757, 1973
2390, 2885
82, 2226
83, 419
2679, 2721
1738, 2134
694, 2724
1416, 1633
32, 1240
1537, 2439
91, 2751
144, 2927
94, 306
96, 831
1453, 2631
145, 302
1714, 2988
2277, 2372
102, 581
1302, 2884
105, 284
417, 2117
305, 2178
2069, 2608
196, 1725
968, 2320
828, 2526
115, 144
1001, 1518
704, 1920
1561, 2957
2025, 2873
1709, 2531
124, 537
2007, 2473
1370, 2673
128, 2735
129, 234
1290, 1909
1212, 1498
2058, 2727
1496, 2513
135, 2797
136, 1911
459, 2136
141, 943
1560, 2095
143, 421
670, 2041
2146, 2805
149, 1484
749, 1542
1335, 2720
760, 2582
2116, 2203
603, 736
1439, 1964
165, 2019
169, 1756
1098, 1649
122, 274
604, 767
176, 2674
793, 1876
178, 2438
179, 1783
1599, 1797
864, 1578
650, 2919
184, 2149
186, 1799
25, 1092
189, 1969
1450, 2412
268, 2172
971, 1819
1808, 2446
2316, 2890
1964, 2809
200, 815
444, 1461
205, 1205
207, 1824
210, 423
1347, 2936
1824, 2391
648, 1035
123, 2543
1331, 2424
1354, 1447
2099, 2814
731, 2798
965, 2047
501, 2093
1199, 2834
1954, 2519
1093, 1487
230, 2104
505, 2039
1260, 2236
167, 981
236, 2613
2170, 2979
406, 2406
13, 241
399, 534
246, 447
853, 1331
710, 1402
1054, 2893
2097, 2744
257, 355
1596, 2794
696, 1413
1178, 1524
2058, 2835
1281, 2262
2599, 2764
398, 2812
443, 2309
440, 1522
279, 1758
377, 2743
1576, 2240
631, 2849
345, 2388
779, 1509
288, 2892
1041, 2278
213, 292
335, 1016
1640, 2327
296, 496
297, 2736
2481, 2821
594, 1532
2423, 2751
307, 1822
797, 820
311, 1194
2556, 2928
774, 1140
315, 1159
319, 755
320, 685
2307, 2840
349, 2187
325, 1550
326, 1106
1383, 2952
2262, 2966
1905, 1916
991, 2531
1657, 2249
578, 1344
163, 2889
2125, 2436
350, 2855
351, 2312
2042, 2058
893, 1778
7, 356
1176, 1736
2483, 2780
483, 1547
363, 2359
445, 2896
1997, 2027
1130, 1505
374, 531
376, 2601
377, 590
287, 381
1648, 2005
886, 2850
1318, 1385
626, 678
1125, 1862
1792, 2736
1366, 2889
1675, 2908
1213, 2551
387, 1849
401, 564
1611, 1686
119, 1952
795, 2897
2182, 2186
2180, 2981
419, 959
1429, 2519
1066, 1741
2155, 2350
129, 2357
127, 447
260, 2918
2359, 2588
1840, 1953
435, 2946
448, 2416
327, 1550
772, 1249
442, 2935
448, 490
2278, 2802
2472, 2697
568, 2362
971, 2070
1519, 2457
462, 2986
510, 755
466, 2712
1095, 2016
725, 1008
1554, 1906
698, 945
479, 1251
427, 2869
488, 2090
1651, 2157
2243, 2452
493, 1538
1184, 1758
108, 2085
497, 577
452, 499
504, 1701
2349, 2684
507, 2606
979, 2692
513, 913
1798, 2930
252, 1913
1705, 2597
1307, 2432
548, 2635
1157, 1506
523, 781
819, 2543
526, 2352
1420, 2920
528, 1588
1027, 1839
287, 2224
535, 2687
936, 1690
547, 1813
549, 2840
160, 552
795, 869
556, 1200
620, 2298
119, 1012
567, 1312
1231, 2091
2344, 2725
1226, 1482
598, 2134
1224, 1976
1536, 2362
2206, 2888
687, 2023
591, 2956
597, 2466
718, 1528
749, 2787
601, 2119
344, 602
608, 1861
995, 1650
614, 1049
1325, 1444
389, 1267
1789, 2514
530, 2983
202, 624
1686, 2905
1434, 2307
628, 945
629, 2411
2235, 2535
2311, 2954
530, 642
644, 1255
917, 2275
1148, 2122
649, 2209
1884, 2260
652, 1139
810, 1987
659, 779
827, 2708
1739, 2437
807, 1010
1998, 2575
1095, 2274
833, 2431
1489, 2787
1621, 2788
468, 2282
682, 1286
698, 2031
691, 1425
2041, 2221
699, 2420
700, 2944
2239, 2748
623, 1628
306, 2920
807, 2926
1752, 2269
1213, 2837
194, 2634
859, 1272
1773, 2242
714, 2955
1229, 1677
842, 2553
1847, 1969
2020, 2384
1002, 2450
2250, 2677
741, 1471
782, 1569
1430, 1817
2078, 2202
467, 2347
752, 987
1105, 1304
765, 793
768, 816
773, 1984
331, 688
2269, 2356
779, 1253
785, 2496
790, 1757
797, 2944
2237, 2804
1954, 2053
1383, 2832
809, 1907
74, 1786
2490, 2716
815, 818
826, 2753
1119, 2965
829, 1963
836, 2714
838, 2561
1836, 2433
1800, 1899
1738, 2289
412, 1470
1676, 2754
1703, 2185
861, 1548
863, 2393
949, 1938
927, 1147
872, 2616
874, 2250
1651, 2199
146, 255
2397, 2770
1896, 2908
1320, 1436
1377, 2450
516, 2014
452, 1216
503, 1443
997, 1333
1732, 2053
1745, 2369
1250, 1498
1352, 2158
286, 1369
408, 2434
2001, 2260
920, 2623
2655, 2999
970, 2861
594, 1073
182, 1070
179, 1927
1346, 2770
711, 2454
2006, 2508
381, 1551
1195, 1447
972, 1204
842, 2180
1452, 1679
726, 2612
138, 990
1616, 1947
679, 1448
1206, 2261
412, 1016
990, 1260
1727, 2671
1034, 2477
314, 1040
564, 2160
615, 1045
832, 2427
1983, 2433
167, 1065
1067, 2885
1073, 2310
2146, 2447
1090, 2928
1095, 1939
1387, 2292
1200, 2190
2776, 2784
1755, 2924
1178, 2691
1452, 2109
1402, 2555
731, 1116
9, 2581
938, 2978
1122, 1403
985, 1127
412, 789
156, 1599
868, 2022
530, 1031
810, 1204
1158, 1964
48, 2701
1163, 2764
670, 1165
1167, 2790
1170, 1419
167, 1173
94, 2102
666, 2035
238, 1860
392, 1724
293, 1364
63, 1217
1224, 2104
1588, 2279
1356, 1462
792, 1235
1237, 2766
1239, 2532
737, 2569
1753, 2292
1252, 1281
741, 1388
1181, 1981
1273, 2073
945, 1747
942, 1291
1124, 1521
1294, 1814
1210, 2219
1173, 1556
1299, 1574
2042, 2064
1585, 2881
1474, 2820
508, 2403
24, 2819
242, 1524
79, 1339
1157, 1892
1537, 2275
1359, 1658
871, 2704
160, 1367
1390, 2574
1108, 2769
1149, 1807
1742, 2995
324, 1430
1525, 2714
2668, 2697
1195, 1560
1199, 2241
1643, 2395
548, 1476
658, 1779
1470, 2157
1504, 2918
1383, 2245
2366, 2834
2110, 2446
1400, 1932
1646, 2338
1686, 2630
1696, 2345
362, 1564
1583, 2945
1488, 2376
1626, 1696
1659, 2517
1522, 1663
1439, 2174
1699, 2374
2075, 2378
2183, 2916
1351, 2752
868, 1756
853, 1059
155, 2690
1697, 2678
2504, 2748
1734, 2786
1965, 2026
1886, 2950
2141, 2242
1900, 2804
2065, 2360
122, 1924
1944, 2151
663, 1595
1746, 1972
205, 2853
2022, 2387
1814, 2461
1853, 2049
497, 2871
77, 2063
129, 2804
2140, 2794
1312, 2196
1580, 2198
1191, 2780
375, 408
965, 2102
1251, 2326
1657, 2990
1561, 2346
2045, 2455
2841, 2872
905, 2451
772, 2796
2558, 2570
2256, 2596
1602, 2703
1356, 1538
324, 2055
2117, 2948
13, 2585
291, 2227
2764, 2826
16, 1207
500, 2088
446, 522
1018, 2768
249, 1098
910, 2662
1597, 2932
29, 205
1169, 2275
954, 959
2613, 2741
1281, 2243
601, 748
1860, 2745
358, 970
389, 1434
61, 787
1234, 1453
1850, 2044
73, 179
937, 2894
416, 1144
2277, 2972
911, 929
35, 487
2041, 2551
1258, 1629
1160, 1503
2261, 2896
306, 1001
596, 1272
635, 2873
1326, 1709
516, 1000
2064, 2666
206, 2714
567, 2992
731, 2316
1370, 2219
644, 2996
650, 1968
677, 1375
523, 2783
943, 2316
410, 2283
459, 1333
1, 2338
242, 722
1962, 2556
859, 2963
459, 1562
1636, 2712
623, 1380
1224, 1938
1834, 2991
1528, 1967
392, 1228
1397, 2654
1154, 1253
234, 1358
417, 1105
1022, 2099
685, 882
1624, 2730
581, 2685
270, 2320
351, 2588
951, 2556
371, 2155
1178, 1422
374, 2703
58, 541
393, 564
421, 1268
127, 2472
1889, 1998
1550, 2922
1263, 2948
837, 2946
2124, 2687
2466, 2725
1482, 1545
1144, 1181
779, 1650
719, 1376
1363, 2810
691, 1580
428, 2878
727, 782
451, 2620
1227, 2822
1355, 2124
891, 2007
2681, 2782
863, 1811
1321, 2293
693, 2260
721, 872
698, 2472
165, 2229
1697, 2124
1918, 2252
1094, 1940
1167, 2214
721, 2670
407, 987
136, 1676
1030, 1691
2307, 2995
13, 2878
1032, 1455
1611, 1965
1417, 1894
146, 2887
1131, 1311
124, 927
1945, 2574
393, 871
178, 2885
156, 256
1419, 2654
1181, 1696
2269, 2946
2088, 2384
55, 1351
679, 2660
2036, 2854
1670, 2854
810, 1320
580, 1123
110, 614
1578, 2117
1447, 2117
1730, 2849
619, 1861
1199, 1462
974, 2539
1119, 1930
