1.382625
0, 367
1, 420
2, 20
3, 37
4, 419
5, 252
6, 89
7, 435
8, 341
9, 43
10, 304
11, 67
12, 319
13, 204
14, 429
15, 119
16, 67
17, 376
18, 279
19, 114
20, 180
12, 21
22, 309
23, 375
24, 310
25, 76
26, 395
27, 376
28, 79
29, 372
30, 229
31, 297
32, 370
33, 368
34, 306
35, 491
36, 329
37, 130
38, 187
39, 83
40, 476
41, 338
42, 111
44, 428
45, 435
46, 408
47, 430
48, 433
49, 80
50, 367
51, 121
52, 324
53, 397
54, 149
55, 163
56, 98
57, 64
58, 390
59, 76
60, 384
61, 416
62, 365
63, 314
65, 142
66, 177
68, 445
69, 297
70, 82
71, 298
72, 272
73, 297
74, 198
75, 332
77, 445
78, 354
79, 481
50, 81
82, 335
84, 130
85, 155
86, 103
87, 100
88, 456
43, 90
91, 255
92, 250
93, 380
94, 178
95, 352
30, 96
97, 317
99, 456
101, 335
62, 102
24, 103
104, 263
105, 426
106, 243
17, 107
108, 163
109, 277
110, 318
112, 446
113, 354
115, 263
116, 159
117, 240
118, 277
119, 308
120, 397
121, 438
122, 433
27, 123
124, 376
125, 206
126, 296
127, 139
128, 465
129, 318
131, 359
132, 459
133, 236
134, 432
135, 272
136, 282
137, 420
71, 138
140, 228
141, 175
14, 142
143, 194
144, 289
145, 194
146, 282
97, 147
148, 156
150, 393
17, 151
152, 233
153, 370
154, 354
156, 406
157, 359
158, 495
159, 176
160, 350
161, 203
162, 350
163, 309
164, 407
165, 221
166, 358
167, 347
168, 259
169, 256
170, 423
171, 253
172, 451
173, 324
174, 301
176, 384
179, 429
181, 378
130, 182
183, 357
184, 285
114, 185
75, 186
165, 187
188, 428
189, 492
190, 283
191, 292
192, 290
193, 245
195, 407
196, 333
197, 322
198, 267
199, 318
200, 227
201, 350
202, 320
205, 475
206, 306
207, 256
208, 435
156, 209
132, 210
211, 409
212, 314
35, 213
214, 353
215, 333
216, 444
166, 217
37, 218
153, 219
220, 279
141, 222
223, 483
224, 489
89, 225
226, 362
227, 429
230, 340
71, 231
232, 434
234, 242
235, 472
236, 447
47, 237
238, 329
146, 239
121, 241
244, 444
246, 357
247, 259
232, 248
47, 249
250, 442
251, 470
141, 253
254, 388
255, 437
257, 433
258, 434
260, 270
34, 261
244, 262
264, 293
24, 265
266, 476
156, 267
206, 268
269, 491
271, 423
273, 359
274, 350
275, 374
276, 379
277, 365
221, 278
280, 294
281, 462
284, 376
101, 285
189, 286
287, 473
129, 288
289, 341
290, 377
291, 426
293, 339
294, 470
295, 327
117, 299
300, 334
301, 388
302, 487
303, 418
92, 305
198, 307
56, 311
4, 312
234, 313
314, 383
54, 315
233, 316
321, 350
322, 469
323, 479
325, 327
208, 326
327, 484
185, 328
329, 479
91, 330
44, 331
318, 336
337, 412
99, 338
215, 340
342, 465
37, 343
20, 344
121, 345
346, 360
221, 347
87, 348
289, 349
267, 351
352, 483
50, 353
217, 355
356, 408
357, 415
361, 427
362, 471
363, 401
364, 456
199, 366
347, 369
131, 371
373, 403
108, 375
20, 378
359, 379
381, 498
107, 382
89, 385
386, 450
387, 419
389, 498
391, 445
147, 392
393, 435
371, 394
175, 396
321, 398
85, 399
153, 400
401, 433
388, 402
403, 449
158, 404
80, 405
27, 406
410, 428
94, 411
412, 490
413, 477
414, 463
415, 478
416, 430
27, 417
245, 419
349, 421
275, 422
253, 424
129, 425
372, 431
205, 432
433, 491
290, 436
164, 439
227, 440
310, 441
443, 448
92, 451
34, 452
237, 453
284, 454
119, 455
327, 456
457, 486
224, 458
438, 460
3, 461
342, 463
88, 464
31, 466
449, 467
432, 468
392, 474
408, 477
288, 480
298, 482
341, 485
193, 488
97, 492
306, 493
120, 494
56, 496
415, 497
173, 498
439, 499
190, 420
182, 301
139, 245
5, 261
89, 424
90, 431
304, 334
16, 392
319, 476
13, 356
119, 152
18, 287
19, 165
76, 208
176, 395
322, 481
238, 372
30, 47
69, 293
32, 224
33, 119
329, 475
221, 232
83, 224
325, 445
111, 498
44, 353
49, 341
121, 283
120, 359
149, 284
56, 108
166, 496
57, 411
58, 318
212, 449
435, 440
7, 177
68, 180
138, 322
135, 463
15, 406
75, 437
8, 354
155, 478
24, 365
100, 496
93, 461
274, 411
352, 486
180, 263
161, 291
96, 243
120, 199
112, 394
339, 384
240, 475
46, 206
296, 335
132, 211
28, 447
136, 242
181, 228
143, 388
285, 341
259, 435
417, 495
195, 424
256, 317
35, 170
92, 344
180, 287
174, 392
191, 289
152, 290
202, 396
50, 346
156, 444
37, 362
53, 333
258, 437
363, 472
270, 412
369, 374
157, 287
251, 371
102, 281
197, 300
302, 424
133, 418
275, 490
263, 427
35, 56
403, 468
342, 450
362, 448
27, 190
4, 165
104, 475
130, 322
344, 476
141, 153
24, 167
132, 178
4, 30
7, 149
15, 378
415, 432
352, 407
144, 161
175, 384
136, 206
211, 399
79, 144
134, 141
349, 367
56, 407
352, 498
463, 498
394, 492
199, 265
206, 377
