2.272855
0, 54
1, 90
2, 73
3, 34
4, 96
5, 18
6, 11
7, 17
8, 97
9, 70
10, 24
12, 16
13, 86
14, 34
15, 75
17, 24
19, 40
20, 94
21, 92
13, 22
19, 23
25, 74
26, 64
27, 85
18, 28
29, 82
30, 90
31, 86
32, 68
33, 39
35, 38
36, 72
37, 91
29, 39
41, 74
30, 42
43, 61
44, 45
45, 46
47, 97
48, 63
49, 58
50, 95
51, 78
11, 52
53, 63
55, 68
23, 56
57, 95
58, 76
17, 59
60, 80
61, 93
39, 62
65, 84
29, 66
67, 86
69, 79
52, 71
72, 88
75, 80
77, 92
80, 92
69, 81
83, 96
87, 90
80, 88
89, 90
46, 91
9, 93
17, 94
61, 98
46, 99
29, 54
17, 30
16, 73
3, 69
85, 96
18, 37
52, 81
91, 97
12, 49
46, 86
25, 92
56, 79
9, 74
26, 39
23, 32
19, 29
29, 35
1, 46
0, 63
57, 79
78, 92
65, 73
3, 12
83, 89
25, 69
24, 25
