23.554383
0, 455
1, 80
2, 132
3, 440
4, 240
5, 416
6, 261
7, 388
8, 50
9, 408
10, 277
11, 70
12, 207
13, 216
14, 242
15, 208
16, 427
17, 446
18, 306
15, 19
20, 450
21, 151
22, 392
23, 428
24, 270
25, 381
26, 201
27, 490
28, 251
29, 199
30, 158
31, 296
32, 371
33, 380
34, 104
35, 124
36, 234
37, 453
38, 454
39, 190
40, 229
41, 496
42, 487
43, 280
44, 278
45, 168
46, 77
47, 129
48, 251
49, 238
50, 456
51, 460
52, 398
2, 53
54, 462
55, 317
56, 416
57, 346
58, 232
59, 386
60, 187
51, 61
62, 359
63, 366
64, 455
65, 208
66, 225
67, 222
68, 130
69, 225
71, 469
72, 276
73, 389
74, 150
75, 135
76, 222
77, 78
78, 493
79, 293
80, 99
81, 377
82, 205
65, 83
84, 177
85, 208
86, 377
41, 87
49, 88
89, 360
90, 104
91, 235
92, 474
93, 363
94, 131
50, 95
96, 115
97, 142
98, 272
99, 327
100, 432
101, 129
50, 102
103, 392
104, 246
105, 362
106, 412
107, 265
97, 108
90, 109
110, 376
111, 243
112, 348
113, 492
114, 150
116, 411
117, 181
118, 492
119, 349
120, 211
121, 432
122, 312
123, 273
124, 452
125, 142
126, 325
127, 200
128, 281
129, 494
130, 422
131, 419
132, 141
133, 196
134, 213
135, 408
30, 136
137, 455
138, 179
139, 205
140, 436
143, 379
60, 144
145, 224
146, 208
147, 224
148, 499
149, 367
151, 160
152, 247
153, 227
154, 170
155, 356
4, 156
157, 306
159, 206
161, 391
162, 489
163, 255
164, 395
165, 448
166, 318
167, 304
168, 270
169, 252
170, 355
125, 171
172, 381
173, 340
174, 354
175, 298
176, 343
178, 215
133, 180
149, 182
183, 271
184, 257
89, 185
186, 319
188, 240
189, 397
191, 287
192, 374
193, 273
194, 417
195, 304
197, 244
198, 428
201, 457
202, 474
44, 203
204, 372
205, 337
204, 209
210, 485
211, 339
212, 491
55, 213
214, 298
216, 467
217, 223
218, 273
59, 219
153, 220
179, 221
226, 291
95, 227
228, 387
229, 489
52, 230
67, 231
232, 312
233, 302
168, 236
12, 237
160, 238
19, 239
241, 495
245, 488
227, 248
237, 249
97, 250
168, 251
253, 375
192, 254
256, 466
59, 257
9, 258
205, 259
260, 441
246, 262
49, 263
264, 464
266, 352
267, 384
268, 458
222, 269
271, 486
273, 495
274, 447
275, 324
277, 418
141, 278
279, 332
199, 281
282, 324
283, 409
284, 388
261, 285
207, 286
287, 407
92, 288
69, 289
192, 290
11, 292
39, 293
294, 476
190, 295
188, 296
275, 297
298, 408
299, 374
300, 390
301, 321
22, 303
304, 487
305, 424
307, 324
289, 308
309, 478
310, 449
311, 438
135, 313
287, 314
315, 440
278, 316
320, 410
322, 497
226, 323
132, 324
302, 326
327, 328
181, 329
239, 330
331, 375
226, 332
34, 333
334, 380
97, 335
198, 336
246, 338
69, 341
141, 342
11, 344
345, 478
244, 347
295, 348
208, 350
346, 351
352, 494
36, 353
216, 354
328, 356
301, 357
214, 358
175, 359
192, 361
364, 447
131, 365
205, 368
104, 369
43, 370
337, 373
376, 475
41, 377
50, 378
382, 494
272, 383
38, 385
70, 387
324, 388
390, 399
385, 393
91, 394
80, 396
342, 400
401, 427
376, 402
353, 403
404, 418
195, 405
317, 406
362, 410
104, 413
36, 414
128, 415
416, 462
240, 420
144, 421
390, 423
425, 469
208, 426
407, 429
70, 430
20, 431
63, 432
174, 433
434, 454
334, 435
371, 436
411, 437
113, 439
440, 487
142, 442
149, 443
243, 444
234, 445
446, 457
95, 449
299, 451
430, 453
436, 459
295, 461
144, 463
63, 464
398, 465
232, 466
124, 468
469, 489
265, 470
327, 471
50, 472
371, 473
219, 476
106, 477
340, 478
452, 479
224, 480
344, 481
482, 495
145, 483
484, 490
417, 485
9, 488
362, 491
147, 493
141, 498
95, 499
0, 234
137, 462
169, 261
95, 277
237, 499
14, 445
65, 380
16, 448
201, 225
128, 306
20, 246
225, 303
70, 428
172, 255
341, 490
136, 235
240, 352
328, 452
36, 70
38, 173
141, 162
280, 397
141, 382
48, 362
147, 414
151, 179
398, 460
52, 59
95, 346
232, 259
106, 187
20, 67
36, 68
276, 385
73, 205
150, 302
214, 293
190, 347
86, 286
205, 240
177, 358
185, 301
91, 487
149, 474
344, 363
131, 215
115, 480
97, 215
272, 340
356, 366
337, 412
450, 470
376, 481
111, 391
69, 492
131, 437
117, 129
198, 349
211, 486
80, 495
325, 331
14, 200
128, 486
196, 223
317, 366
371, 380
38, 143
149, 455
247, 248
161, 170
206, 283
395, 490
244, 448
166, 490
424, 487
252, 494
91, 467
77, 343
186, 372
168, 397
407, 424
268, 361
21, 204
417, 497
217, 263
9, 331
121, 260
87, 384
286, 447
226, 362
10, 283
311, 390
438, 460
85, 322
42, 428
155, 341
71, 104
162, 255
168, 444
97, 219
302, 347
57, 347
227, 271
69, 185
88, 125
11, 170
54, 486
240, 426
245, 374
36, 478
61, 382
42, 101
362, 446
