2.404891
0, 649
1, 731
2, 176
3, 49
4, 652
5, 361
6, 624
7, 153
8, 875
9, 823
10, 365
11, 750
12, 154
13, 983
14, 260
15, 73
16, 403
17, 934
18, 879
19, 837
20, 78
21, 296
22, 252
23, 871
24, 634
25, 193
26, 397
27, 665
28, 865
29, 65
30, 929
31, 605
32, 860
33, 571
34, 488
35, 396
36, 345
37, 755
38, 210
39, 915
40, 842
41, 980
42, 832
43, 208
44, 66
45, 181
46, 768
47, 987
48, 497
49, 983
36, 50
51, 132
52, 614
53, 659
54, 611
55, 439
56, 899
57, 535
55, 58
59, 336
60, 446
61, 210
62, 907
63, 902
64, 109
66, 546
67, 986
68, 179
69, 976
70, 412
71, 892
72, 195
73, 351
74, 96
75, 572
76, 157
77, 397
79, 452
80, 873
81, 429
82, 100
83, 224
84, 854
85, 647
86, 604
87, 349
49, 88
89, 724
90, 876
91, 405
92, 790
93, 293
94, 891
95, 834
96, 321
97, 163
98, 161
99, 841
100, 198
101, 541
102, 827
103, 306
104, 230
105, 860
106, 581
107, 764
108, 944
109, 916
110, 423
111, 761
112, 468
113, 173
114, 324
115, 438
116, 402
117, 307
118, 465
119, 980
120, 341
121, 746
122, 958
123, 367
124, 481
125, 291
126, 663
127, 659
128, 662
129, 487
130, 574
131, 734
132, 491
133, 883
134, 474
135, 623
136, 514
137, 192
138, 621
139, 522
140, 990
141, 213
142, 358
143, 317
144, 974
30, 145
146, 478
147, 746
148, 779
149, 575
150, 708
151, 204
152, 761
154, 229
155, 220
156, 900
158, 699
159, 930
160, 865
161, 831
162, 706
164, 434
165, 510
166, 968
167, 792
49, 168
169, 415
170, 548
171, 641
172, 246
173, 802
174, 650
175, 790
176, 659
177, 640
178, 476
180, 678
182, 862
79, 183
51, 184
185, 392
186, 528
187, 933
188, 754
189, 383
190, 371
19, 191
192, 369
193, 395
194, 365
196, 995
197, 419
199, 688
200, 297
201, 343
202, 761
203, 518
204, 611
205, 935
206, 770
207, 668
209, 898
46, 211
212, 494
214, 688
215, 764
216, 554
217, 706
218, 934
219, 677
221, 289
222, 284
67, 223
225, 482
226, 396
227, 354
228, 485
230, 969
231, 812
232, 770
233, 731
234, 339
216, 235
236, 338
237, 956
69, 238
226, 239
240, 939
241, 698
208, 242
243, 454
244, 291
245, 777
246, 821
247, 928
248, 264
104, 249
250, 312
251, 353
178, 253
254, 638
255, 615
256, 384
257, 277
258, 550
259, 383
45, 260
261, 485
262, 847
263, 750
265, 942
266, 281
267, 950
268, 675
269, 765
270, 801
271, 678
272, 320
273, 504
79, 274
275, 547
276, 859
277, 424
40, 278
279, 667
280, 922
281, 326
282, 767
156, 283
284, 882
285, 951
286, 371
287, 961
288, 796
289, 844
96, 290
292, 434
294, 368
295, 594
296, 959
298, 569
260, 299
300, 604
301, 944
302, 712
303, 492
304, 845
224, 305
306, 789
308, 929
309, 539
1, 310
311, 918
312, 755
313, 684
314, 588
315, 435
316, 694
318, 416
319, 919
322, 761
323, 556
324, 684
325, 760
327, 542
328, 342
74, 329
330, 904
153, 331
330, 332
125, 333
334, 591
335, 920
336, 644
224, 337
81, 338
340, 952
341, 446
344, 405
346, 725
230, 347
348, 635
349, 629
350, 989
351, 436
264, 352
353, 430
355, 695
356, 492
15, 357
359, 415
360, 711
361, 736
362, 662
363, 901
364, 930
366, 914
368, 601
7, 370
40, 372
373, 866
374, 694
375, 488
376, 799
227, 377
378, 381
379, 924
380, 743
382, 744
383, 878
116, 384
367, 385
386, 551
387, 854
307, 388
389, 453
167, 390
391, 694
392, 561
393, 751
394, 870
398, 601
399, 758
400, 826
128, 401
404, 428
405, 633
406, 745
407, 534
408, 665
409, 712
410, 758
316, 411
413, 606
45, 414
417, 590
418, 559
419, 737
420, 519
139, 421
422, 987
288, 423
228, 425
426, 512
427, 478
64, 428
382, 431
22, 432
433, 465
398, 437
440, 761
441, 751
442, 727
443, 983
444, 601
445, 544
288, 447
448, 841
449, 533
238, 450
175, 451
455, 612
425, 456
457, 882
52, 458
459, 598
460, 498
324, 461
343, 462
463, 916
464, 619
466, 900
467, 961
468, 887
73, 469
209, 470
471, 531
472, 759
473, 796
90, 475
477, 619
479, 789
317, 480
482, 748
483, 889
484, 963
486, 920
348, 489
96, 490
493, 739
495, 954
496, 739
160, 497
498, 562
499, 971
500, 851
452, 501
502, 818
503, 760
339, 505
355, 506
507, 645
508, 800
456, 509
510, 803
511, 571
513, 910
514, 572
515, 650
516, 565
517, 873
518, 558
519, 972
314, 520
521, 723
523, 874
524, 714
525, 996
526, 933
527, 639
348, 529
530, 548
531, 820
330, 532
22, 533
534, 668
536, 898
537, 547
538, 951
494, 539
357, 540
541, 569
543, 858
164, 545
5, 549
550, 586
523, 551
282, 552
217, 553
555, 707
557, 748
160, 559
560, 990
563, 607
564, 886
354, 566
567, 795
568, 637
570, 836
573, 842
575, 775
356, 576
415, 577
578, 727
380, 579
9, 580
581, 820
69, 582
583, 828
584, 734
52, 585
487, 587
310, 589
590, 810
592, 866
593, 647
595, 684
596, 791
597, 876
27, 598
405, 599
544, 600
489, 602
434, 603
605, 772
607, 608
609, 793
177, 610
612, 830
484, 613
615, 817
616, 849
576, 617
67, 618
620, 835
622, 815
623, 703
228, 624
110, 625
296, 626
496, 627
628, 847
630, 691
87, 631
632, 789
636, 733
638, 939
152, 639
642, 673
643, 913
330, 645
633, 646
648, 972
385, 651
653, 974
141, 654
655, 774
656, 966
296, 657
658, 954
524, 660
489, 661
158, 664
666, 805
668, 873
134, 669
670, 985
267, 671
165, 672
41, 673
674, 931
675, 985
346, 676
65, 678
679, 976
391, 680
681, 821
682, 714
683, 813
299, 685
358, 686
223, 687
688, 987
689, 738
690, 851
255, 692
693, 856
696, 977
697, 987
698, 738
252, 700
111, 701
576, 702
493, 703
704, 913
289, 705
707, 982
626, 709
710, 835
307, 713
129, 715
716, 920
411, 717
718, 886
252, 719
720, 808
698, 721
383, 722
726, 901
728, 875
729, 776
729, 730
732, 827
192, 735
203, 740
93, 741
7, 742
743, 854
648, 745
208, 747
749, 948
752, 914
467, 753
756, 958
586, 757
762, 973
16, 763
765, 808
176, 766
767, 909
157, 769
745, 770
454, 771
773, 891
778, 969
779, 873
780, 949
490, 781
782, 804
743, 783
784, 916
785, 887
786, 947
787, 967
398, 788
790, 955
183, 792
671, 794
28, 795
746, 797
174, 798
805, 808
166, 806
807, 817
808, 974
306, 809
338, 811
787, 812
371, 813
319, 814
229, 816
474, 818
819, 910
313, 820
821, 824
528, 822
117, 825
796, 826
819, 827
829, 874
832, 885
833, 861
233, 838
839, 892
40, 840
246, 843
684, 845
168, 846
821, 847
804, 848
849, 948
491, 850
668, 852
510, 853
821, 855
574, 857
181, 859
79, 860
774, 863
556, 864
210, 866
67, 867
868, 939
341, 869
167, 870
349, 872
807, 877
618, 880
601, 881
494, 882
765, 884
564, 888
171, 890
149, 893
840, 894
359, 895
187, 896
165, 897
808, 903
780, 905
632, 906
802, 907
417, 908
331, 911
234, 912
913, 976
853, 917
440, 919
668, 920
921, 990
453, 923
509, 925
877, 926
927, 932
55, 928
204, 936
451, 937
94, 938
367, 940
378, 941
241, 942
123, 943
241, 945
671, 946
718, 948
560, 949
952, 964
322, 953
709, 954
111, 957
960, 962
649, 962
953, 965
215, 970
49, 971
170, 975
394, 978
372, 979
0, 981
574, 982
128, 984
482, 985
634, 988
65, 989
690, 991
633, 992
188, 993
691, 994
392, 997
677, 998
827, 999
731, 818
176, 325
13, 895
4, 637
136, 736
415, 624
911, 984
8, 355
326, 823
10, 225
11, 821
154, 597
226, 260
351, 410
16, 714
218, 872
830, 879
612, 837
78, 577
462, 871
24, 725
395, 632
26, 266
96, 929
438, 605
48, 571
167, 375
345, 924
39, 383
40, 862
168, 832
208, 904
546, 811
190, 768
41, 865
48, 491
447, 614
706, 899
183, 535
213, 336
173, 246
63, 681
807, 986
179, 959
129, 412
28, 892
164, 195
76, 101
198, 259
83, 147
181, 593
86, 539
89, 422
405, 588
92, 630
93, 144
634, 938
95, 141
163, 169
161, 750
821, 841
101, 872
472, 819
789, 963
249, 665
324, 824
215, 682
108, 961
458, 468
314, 438
353, 825
118, 987
80, 446
346, 746
724, 958
183, 385
124, 288
244, 868
663, 820
128, 384
129, 668
131, 803
883, 974
493, 710
514, 614
192, 248
138, 348
139, 751
142, 711
143, 852
478, 835
149, 822
144, 150
151, 758
155, 425
521, 900
161, 699
174, 364
706, 919
145, 164
290, 897
427, 806
167, 883
495, 548
171, 562
650, 961
454, 610
476, 560
289, 989
182, 743
521, 561
64, 528
184, 187
188, 449
196, 718
157, 419
200, 319
201, 876
364, 518
205, 698
408, 536
554, 648
219, 683
144, 844
566, 665
1, 231
234, 669
338, 351
237, 533
243, 738
136, 245
8, 55
288, 755
638, 738
227, 424
274, 550
319, 946
601, 675
270, 497
272, 899
232, 504
446, 537
80, 667
659, 922
282, 430
238, 285
157, 295
397, 409
465, 576
237, 311
315, 745
493, 694
416, 795
267, 556
189, 542
342, 562
334, 916
764, 952
438, 726
366, 724
61, 765
799, 842
60, 378
155, 382
580, 874
0, 389
228, 606
460, 590
426, 815
578, 768
130, 445
478, 498
215, 477
619, 889
626, 733
260, 851
670, 800
487, 565
415, 723
525, 915
665, 858
130, 308
319, 608
637, 932
770, 836
828, 886
791, 906
379, 609
789, 815
630, 987
733, 783
241, 976
30, 774
205, 966
241, 674
201, 693
6, 977
729, 814
865, 973
430, 848
183, 947
472, 861
176, 436
79, 927
521, 718
718, 984
260, 497
501, 524
19, 444
201, 222
438, 807
380, 609
100, 225
211, 380
41, 853
56, 821
141, 757
827, 986
70, 290
121, 372
691, 778
74, 349
246, 498
353, 839
173, 796
192, 484
232, 635
751, 817
142, 680
591, 875
118, 518
474, 865
389, 738
284, 853
326, 421
232, 821
479, 808
22, 465
104, 768
242, 671
80, 178
681, 828
748, 819
381, 807
52, 274
289, 822
338, 468
371, 847
69, 795
312, 929
