25.539772
0, 43
1, 44
2, 18
3, 22
4, 19
5, 60
6, 78
7, 99
8, 21
9, 16
10, 71
11, 80
12, 87
13, 91
14, 29
15, 54
17, 43
18, 48
20, 43
23, 99
24, 45
17, 25
26, 50
27, 47
28, 80
24, 29
30, 76
31, 63
32, 94
29, 33
34, 71
35, 39
36, 86
37, 67
20, 38
39, 50
40, 46
41, 99
42, 44
46, 59
47, 49
50, 55
51, 53
52, 89
54, 72
32, 56
50, 57
58, 86
3, 61
42, 62
28, 64
48, 65
46, 66
67, 73
68, 78
69, 92
70, 91
12, 73
74, 79
34, 75
38, 77
1, 78
11, 79
49, 81
67, 82
53, 83
48, 84
55, 85
86, 97
11, 88
67, 90
75, 93
45, 94
49, 95
89, 96
5, 98
43, 46
48, 78
22, 46
4, 11
60, 73
47, 99
21, 98
9, 24
24, 34
31, 91
54, 75
36, 49
30, 89
39, 92
3, 53
11, 81
46, 47
48, 91
69, 91
45, 92
76, 79
5, 29
18, 95
