24.179161
0, 1247
1, 2903
2, 2484
3, 511
4, 1055
5, 1189
6, 1805
7, 407
8, 2838
9, 2096
10, 1199
11, 1136
12, 1905
13, 1745
14, 240
15, 2066
16, 2558
17, 2976
18, 303
19, 1474
20, 529
21, 225
22, 90
23, 1617
24, 1345
25, 198
26, 547
27, 1046
28, 259
29, 1076
30, 1988
31, 702
32, 1028
33, 1611
34, 1146
35, 281
36, 1390
37, 260
38, 2997
39, 2572
40, 112
41, 2093
42, 176
43, 1807
44, 325
45, 2458
46, 1834
47, 2670
48, 2172
49, 2808
50, 2457
51, 1897
52, 108
53, 423
54, 1947
55, 2489
56, 1724
57, 1919
58, 239
59, 2403
60, 1884
61, 1997
62, 1600
63, 2041
64, 2215
65, 737
66, 1657
67, 683
68, 460
69, 2741
70, 736
71, 461
72, 2036
73, 1020
74, 2038
75, 1406
76, 268
77, 958
78, 1478
79, 2200
80, 2052
81, 2686
82, 1300
83, 670
84, 2417
85, 2420
86, 2750
87, 1687
88, 927
89, 1819
90, 2697
91, 1969
92, 2817
93, 162
94, 954
95, 2072
96, 2783
97, 720
98, 2276
99, 1822
100, 877
101, 1152
102, 1776
103, 108
104, 2443
105, 1866
106, 1227
107, 1530
109, 1572
110, 2652
111, 1897
112, 719
113, 636
114, 2152
115, 2690
116, 1556
117, 2316
118, 730
119, 1722
120, 578
56, 121
122, 2642
123, 1082
124, 2919
125, 1874
126, 2155
127, 2193
128, 1192
129, 2509
130, 2858
131, 2958
132, 2136
133, 2969
134, 1334
135, 2750
83, 136
137, 2576
138, 903
139, 1519
140, 537
141, 2151
142, 954
143, 1160
144, 529
145, 212
146, 2164
147, 2325
148, 1011
149, 230
150, 932
151, 1916
152, 2345
153, 923
154, 1950
155, 1561
156, 1057
157, 1321
158, 416
159, 1105
160, 2249
161, 2964
163, 703
164, 2016
165, 1586
166, 2686
167, 1148
168, 1727
169, 2991
170, 364
171, 176
172, 1090
173, 323
174, 2583
175, 2261
177, 2130
178, 494
179, 724
180, 2884
181, 1297
182, 725
183, 1151
184, 595
185, 2793
186, 2870
187, 2298
188, 2778
189, 1341
190, 969
191, 1467
192, 989
193, 1660
194, 1001
195, 1422
196, 2988
197, 444
198, 2399
199, 1946
200, 2909
201, 1342
202, 2923
203, 2804
204, 267
205, 1429
206, 274
207, 2595
208, 848
209, 854
210, 1534
211, 1744
213, 617
214, 270
215, 477
216, 1013
217, 260
218, 2702
219, 421
8, 220
221, 1762
222, 1567
223, 945
224, 962
225, 377
226, 976
227, 740
228, 2138
229, 2178
230, 519
231, 484
43, 232
233, 1839
234, 820
235, 2707
236, 2770
237, 1423
238, 731
239, 1938
241, 1716
242, 914
243, 1692
244, 2456
245, 2122
246, 2321
247, 727
248, 2576
249, 657
250, 2410
251, 2986
252, 1252
253, 1105
254, 2970
255, 409
256, 1139
257, 310
258, 2532
259, 1477
261, 2708
262, 2406
263, 1438
264, 1730
265, 571
266, 2672
267, 1497
269, 2739
38, 271
272, 1336
273, 2994
275, 961
276, 2250
277, 1829
278, 585
279, 934
280, 2279
282, 1840
283, 1041
284, 1691
285, 583
286, 2846
287, 2482
288, 311
289, 375
290, 405
291, 1582
292, 1207
40, 293
294, 2612
295, 1746
296, 881
297, 305
298, 2276
299, 2977
300, 1143
301, 1492
302, 985
303, 1944
304, 1863
306, 2942
307, 2030
308, 1340
309, 764
310, 382
311, 2597
312, 1826
313, 909
314, 1335
315, 1963
316, 1675
317, 2247
318, 1792
319, 983
320, 2202
321, 2779
322, 629
324, 2646
326, 2123
327, 1810
328, 1571
329, 970
330, 777
331, 1239
332, 2406
164, 333
334, 2588
335, 1083
63, 336
337, 2665
338, 887
339, 2747
340, 1989
341, 678
342, 2649
343, 2659
344, 2277
345, 2739
346, 871
347, 1288
167, 348
349, 2020
350, 2278
351, 2297
352, 2443
353, 912
354, 2119
355, 1561
356, 2083
357, 1135
358, 910
359, 448
360, 1974
361, 1198
362, 2678
363, 842
364, 1984
365, 2714
366, 2321
367, 623
368, 1747
369, 925
370, 2328
180, 371
372, 2509
373, 815
374, 2500
375, 693
376, 2119
378, 384
379, 2269
380, 2844
181, 381
383, 868
385, 2280
386, 1786
387, 1314
388, 1885
389, 729
390, 1830
391, 1580
392, 2561
393, 2731
394, 1600
395, 734
256, 396
397, 603
398, 2187
399, 2057
400, 2502
401, 1464
402, 2265
403, 1268
404, 2298
406, 1867
407, 1524
408, 2646
410, 587
411, 1313
412, 2441
413, 747
414, 2097
415, 2744
417, 1056
418, 551
419, 2889
420, 2646
422, 1824
423, 577
424, 2412
425, 1091
426, 2452
427, 880
428, 2805
429, 1663
430, 949
431, 1012
269, 432
433, 2792
434, 1910
435, 1939
436, 2736
437, 2747
438, 2770
439, 2560
440, 1398
441, 2635
442, 2251
443, 2240
445, 2311
446, 1194
447, 1727
449, 1622
450, 1848
451, 2509
452, 786
453, 1929
454, 700
455, 1267
456, 792
457, 2423
458, 1909
459, 2822
462, 1358
463, 2912
464, 776
352, 465
466, 567
467, 605
468, 2204
469, 896
445, 470
471, 2798
472, 580
473, 1875
474, 2047
475, 2689
476, 1773
478, 903
394, 479
480, 2142
481, 2339
482, 1747
483, 1749
473, 484
485, 2049
486, 2436
487, 570
488, 1949
489, 2313
490, 2026
491, 2801
492, 2748
493, 2552
495, 767
496, 2486
497, 1345
498, 1139
499, 1451
500, 1612
501, 1092
502, 1722
503, 608
504, 2831
505, 1543
346, 506
507, 554
85, 508
509, 1715
510, 868
512, 794
513, 1654
514, 2553
515, 2968
516, 975
517, 1644
518, 2778
519, 2272
15, 520
521, 2580
494, 522
523, 1265
524, 2939
198, 525
526, 1614
527, 2045
528, 2796
529, 2788
530, 2862
531, 1284
532, 769
533, 2830
534, 662
535, 1398
536, 2096
538, 2356
539, 2942
540, 1578
541, 769
542, 2347
543, 2242
544, 2265
431, 545
546, 1663
547, 2743
548, 2483
238, 549
550, 1948
159, 552
553, 645
554, 1081
555, 888
556, 1399
557, 2364
558, 1727
559, 2055
560, 2939
3, 561
562, 1652
563, 1076
564, 1818
16, 565
566, 2729
568, 2394
569, 2704
570, 1093
571, 2337
572, 2970
573, 2186
574, 1651
575, 2096
576, 2178
577, 2852
579, 1072
580, 977
581, 1199
582, 1504
583, 1179
584, 2033
585, 1362
586, 1202
588, 1067
589, 1870
590, 792
591, 2479
592, 2323
593, 2790
558, 594
596, 2896
597, 2037
598, 1187
599, 1922
600, 1916
601, 2619
602, 853
604, 2720
605, 2226
606, 1861
607, 2275
344, 608
609, 990
610, 1906
611, 2839
578, 612
613, 741
212, 614
615, 1219
616, 1823
617, 881
478, 618
619, 2838
620, 1840
621, 1107
622, 2315
624, 1617
625, 983
63, 626
561, 627
415, 628
629, 743
630, 2489
631, 777
632, 1822
633, 1692
634, 857
635, 1877
637, 2535
638, 2384
639, 1961
640, 2729
641, 2292
642, 2777
643, 2684
644, 2121
601, 645
646, 1612
647, 2121
648, 2438
649, 2237
650, 757
618, 651
652, 1583
653, 1199
654, 963
655, 1952
656, 1560
657, 2314
658, 2473
659, 2707
660, 1614
661, 2297
663, 1505
373, 664
665, 1539
666, 1572
667, 703
668, 1704
669, 2118
670, 2448
359, 671
672, 2803
498, 673
674, 1610
675, 1458
676, 2055
116, 677
4, 679
680, 1889
163, 681
682, 2984
684, 2334
685, 2844
686, 1391
535, 687
688, 2860
689, 1032
636, 690
691, 1526
692, 2527
596, 694
695, 1411
696, 1794
697, 2908
698, 2337
699, 1219
700, 1626
701, 2020
704, 2223
705, 2178
706, 1047
707, 2089
708, 2777
709, 1778
215, 710
711, 1192
327, 712
713, 1870
714, 2633
715, 1725
716, 1325
717, 2967
718, 1445
721, 1163
722, 1038
723, 2183
726, 982
727, 2120
728, 1501
732, 1036
733, 1538
735, 1081
737, 2649
738, 2425
739, 1715
741, 1386
742, 2612
744, 1180
745, 2958
746, 1528
748, 1487
749, 1151
750, 1450
751, 1492
752, 1333
753, 1683
754, 2176
341, 755
756, 2195
758, 1922
759, 1209
760, 1851
761, 2989
762, 2680
763, 1720
764, 1413
765, 1977
766, 1540
426, 768
770, 874
771, 1555
772, 2527
773, 2309
274, 774
775, 2279
777, 1531
778, 1475
779, 1175
780, 2110
116, 781
782, 2696
783, 1691
784, 2912
785, 1274
786, 2740
787, 2215
176, 788
201, 789
790, 2151
791, 2346
793, 882
795, 1338
796, 2324
657, 797
537, 798
799, 2621
800, 2112
801, 2165
183, 802
803, 2800
804, 1296
805, 2468
468, 806
807, 1725
808, 980
809, 2688
810, 1777
811, 2388
812, 1557
813, 2443
814, 1845
816, 2256
817, 834
818, 1229
819, 1980
821, 2832
822, 2714
611, 823
824, 1283
825, 2806
826, 1982
827, 1600
306, 828
607, 829
830, 2919
1, 831
832, 1959
482, 833
49, 835
836, 1419
837, 1433
838, 2339
571, 839
840, 1302
841, 1079
842, 2253
578, 843
844, 1280
845, 1114
846, 1333
847, 1317
848, 1159
849, 1212
850, 883
851, 2800
852, 1538
853, 1742
854, 1574
855, 2810
856, 2838
798, 858
859, 2976
860, 1278
861, 2243
486, 862
863, 2514
864, 1298
865, 1559
866, 1176
762, 867
869, 2106
870, 2961
872, 1918
873, 2808
875, 2825
876, 1340
877, 1130
878, 2111
879, 2863
881, 2811
600, 882
883, 2671
884, 1387
885, 1067
804, 886
889, 2602
890, 2908
556, 891
892, 2378
893, 1413
894, 1881
346, 895
896, 2508
897, 1698
898, 2779
452, 899
900, 2986
901, 1794
902, 1017
481, 904
905, 2778
906, 1104
907, 1922
908, 2989
586, 909
415, 911
912, 1029
913, 2436
914, 2273
915, 1417
916, 2653
917, 2029
918, 2613
460, 919
920, 2175
311, 921
922, 2227
923, 2428
924, 1085
926, 2797
216, 928
577, 929
930, 1400
931, 2457
933, 943
935, 1381
936, 1477
937, 2672
938, 954
939, 1218
824, 940
941, 2538
942, 2727
943, 2530
944, 1736
946, 1395
947, 1677
37, 948
950, 2937
951, 1306
952, 1603
158, 953
954, 2946
955, 1420
956, 1533
957, 2896
959, 2175
672, 960
964, 1331
965, 1918
966, 2214
967, 1721
291, 968
969, 1447
304, 971
972, 1942
973, 1374
794, 974
975, 2583
976, 2806
977, 2272
978, 2023
758, 979
516, 981
982, 2055
983, 2801
984, 2978
986, 2635
987, 1665
988, 2313
989, 2257
990, 2033
991, 1043
357, 992
993, 2367
994, 2959
995, 2488
996, 2665
997, 2855
998, 2997
999, 1475
1000, 1700
1002, 1005
1003, 2365
450, 1004
559, 1006
1007, 1837
528, 1008
1009, 1595
1010, 2855
1011, 2497
297, 1012
171, 1014
1015, 2582
1016, 2464
1018, 2531
954, 1019
1020, 2326
1021, 2383
1022, 2345
1022, 1023
1024, 1759
506, 1025
1026, 2754
1027, 2385
1029, 2793
800, 1030
54, 1031
1032, 2182
1033, 2159
1034, 2205
1035, 1210
1036, 1337
1037, 1132
1038, 2966
1039, 1976
1040, 2213
510, 1042
1043, 2842
1044, 1505
1045, 1894
1046, 1798
1047, 2627
707, 1048
725, 1049
1050, 2871
1051, 2608
1052, 1548
1053, 1850
825, 1054
1056, 1141
1058, 1294
880, 1059
1060, 2743
528, 1061
1062, 2147
1063, 2495
314, 1064
1065, 2759
1066, 1440
1067, 2368
976, 1068
1069, 2031
1070, 1493
437, 1071
1073, 2444
930, 1074
1075, 2003
1077, 1360
1078, 1613
1080, 2419
1081, 1610
1082, 2577
1084, 2122
1085, 1583
1086, 2165
1087, 1820
1088, 1797
703, 1089
1090, 2384
1091, 2288
1092, 2031
1094, 1278
1095, 2345
1096, 2166
1097, 1332
1098, 2877
200, 1099
1100, 1439
785, 1101
184, 1102
1103, 2144
547, 1104
1106, 1688
1108, 2528
367, 1109
750, 1110
1111, 2303
1112, 1488
1113, 1209
1114, 1253
1115, 2487
201, 1116
1117, 2758
1118, 2043
674, 1119
1120, 2538
1121, 1880
1122, 1469
62, 1123
1124, 2751
1125, 2698
1126, 1833
699, 1127
1128, 1343
1129, 2868
1130, 2542
1051, 1131
971, 1133
1134, 1785
1135, 1289
1137, 2213
1138, 2500
1140, 2265
1141, 2197
1142, 2561
1144, 1808
1145, 2740
1147, 2533
1047, 1149
1150, 2271
1151, 1650
1153, 1932
1154, 1782
11, 1155
272, 1156
1157, 2083
1073, 1158
1160, 2254
670, 1161
1162, 2937
922, 1163
1164, 1904
1165, 1510
1166, 2153
1167, 2203
1168, 1186
1169, 1765
1170, 2861
559, 1171
1172, 2177
870, 1173
1174, 2783
600, 1175
1176, 1554
1177, 2354
352, 1178
1045, 1180
1181, 2931
1182, 2729
634, 1183
187, 1184
1185, 1604
1188, 2441
1190, 1744
1191, 2309
1192, 1905
1193, 2874
1194, 1527
1195, 2685
1196, 1226
510, 1197
1198, 2591
1199, 1601
401, 1200
1201, 1243
1089, 1203
1027, 1204
120, 1205
967, 1206
104, 1208
1209, 2069
1210, 1608
1211, 2625
1212, 1372
1213, 2982
189, 1214
1073, 1215
1216, 2256
427, 1217
1218, 2937
1146, 1220
1221, 2420
1222, 2930
1223, 2260
1224, 2553
1225, 2060
1228, 1561
1229, 1238
1230, 2106
988, 1231
1232, 1475
1233, 1766
1234, 2842
1235, 2605
1236, 1899
618, 1237
874, 1240
1241, 1711
1242, 1778
1243, 2166
1244, 2270
1174, 1245
1246, 1448
1248, 1941
1249, 2530
1250, 1269
1251, 2896
936, 1254
1255, 2178
1256, 1843
1257, 2712
1258, 2387
1259, 1677
1260, 2791
1261, 2343
1262, 2215
1263, 2409
1264, 1505
1265, 2164
1266, 2319
1268, 1981
1270, 2260
1271, 1641
1272, 2493
1273, 2591
1275, 1939
1276, 1700
1277, 1904
1046, 1279
1280, 2426
1281, 1681
79, 1282
1285, 1334
1286, 1946
1287, 2027
1290, 2478
1291, 2450
1292, 1332
1293, 2369
300, 1295
1297, 2501
1299, 2320
1300, 2112
323, 1301
1302, 1899
1303, 1385
1304, 2161
1305, 2717
1306, 2293
1307, 2542
541, 1308
1309, 2221
1310, 2362
1311, 2130
1312, 2808
1315, 2461
1316, 2718
1317, 1930
985, 1318
1319, 2298
1320, 2885
1322, 2629
234, 1323
1213, 1324
777, 1326
1327, 2163
431, 1328
154, 1329
1290, 1330
1331, 1540
8, 1334
1105, 1335
1337, 1792
1339, 2686
1344, 1746
1346, 2505
1347, 2178
1348, 2653
1349, 2438
542, 1350
1351, 2098
1352, 1407
1353, 2145
1354, 2823
1355, 2716
1356, 1856
1357, 2787
1358, 1590
1359, 1893
1361, 1384
1363, 1676
1364, 2288
639, 1365
1366, 1832
1367, 2356
1368, 1569
1369, 2296
1202, 1370
1371, 1691
1372, 2244
1373, 2370
1374, 2664
1375, 1571
1376, 2222
818, 1377
1378, 2655
1379, 2768
1380, 2629
746, 1382
810, 1383
1384, 2877
1387, 1834
284, 1388
1389, 2014
1390, 1521
1392, 1509
1393, 2876
1394, 2539
727, 1396
453, 1397
1400, 2146
1401, 2047
1402, 1519
255, 1403
1380, 1404
1053, 1405
955, 1408
698, 1409
352, 1410
1411, 1417
154, 1412
1395, 1413
337, 1414
1415, 1820
1416, 2038
1418, 2466
1421, 1720
1424, 1976
1252, 1425
1426, 1608
337, 1427
1428, 1938
1430, 1904
1431, 1740
1432, 1867
1434, 2264
1435, 1783
1436, 2528
1437, 1709
1439, 1823
1441, 2645
49, 1442
745, 1443
1444, 1973
1445, 2670
1446, 1472
1449, 2097
1054, 1452
1453, 2223
1454, 1718
1455, 1962
1456, 2149
211, 1457
1459, 2662
1460, 2720
1461, 2566
1462, 1980
1463, 2488
1465, 2748
350, 1466
1467, 2526
1468, 2547
573, 1470
1471, 1850
1473, 1797
1476, 1703
1479, 2751
356, 1480
382, 1481
1482, 2674
1483, 2757
719, 1484
1485, 2513
754, 1486
260, 1488
1489, 2313
1490, 1840
1491, 1779
1494, 2751
1495, 1693
1496, 2671
1497, 2471
1498, 1584
569, 1499
1374, 1500
1502, 2298
1503, 2225
1505, 2074
1506, 2877
1507, 1756
1242, 1508
1510, 1677
1511, 2702
1512, 1780
90, 1513
1514, 2363
1515, 2365
1516, 1916
1517, 2786
1518, 1805
1519, 2977
1520, 1584
1522, 2001
1523, 2859
1524, 2559
852, 1525
870, 1528
1529, 1728
1530, 2824
946, 1532
1533, 2601
1242, 1534
1050, 1535
737, 1536
478, 1537
1538, 1557
1541, 1564
1542, 2776
1543, 2166
1544, 2693
925, 1545
898, 1546
1547, 2184
1548, 2031
1549, 1997
1550, 2337
274, 1551
1552, 2620
918, 1553
1555, 2474
1556, 2883
473, 1558
1559, 2602
1246, 1562
1563, 2230
1565, 2112
1566, 1824
1568, 2492
1570, 1851
1573, 2059
1574, 2341
1575, 2764
1576, 2016
1577, 2113
1579, 1845
151, 1581
696, 1585
1586, 1663
1587, 2525
26, 1588
1589, 2611
734, 1591
1592, 1604
1593, 2071
341, 1594
1596, 2015
1597, 1857
1598, 2393
1599, 2288
250, 1602
1134, 1603
1604, 1800
1605, 2602
578, 1606
1607, 2540
1609, 2016
1610, 2474
1614, 1794
1615, 1804
1380, 1616
854, 1618
634, 1619
1620, 2760
1621, 2266
364, 1622
1623, 1791
1624, 1713
214, 1625
640, 1627
1582, 1628
1629, 2988
1630, 1716
1631, 2220
44, 1632
1633, 2154
1634, 2410
1635, 1775
1636, 2712
1487, 1637
367, 1638
1639, 2676
371, 1640
1253, 1641
1642, 1887
1643, 2681
1645, 2875
1646, 2522
1647, 1813
934, 1648
672, 1649
1341, 1653
1489, 1655
1656, 2914
1657, 1967
1658, 2006
731, 1659
1661, 1850
1662, 2902
1664, 2686
1665, 1932
1666, 2621
1667, 2735
1272, 1668
1669, 2363
1670, 2803
1671, 2202
785, 1672
1673, 2424
1674, 2374
1675, 2105
1272, 1678
1679, 2660
1680, 1888
1682, 2873
848, 1683
1413, 1684
1685, 2864
1686, 1920
1687, 2889
1689, 1903
1477, 1690
612, 1692
1694, 2302
1695, 2486
1696, 1866
1697, 2690
1699, 2776
1700, 2852
1701, 2065
1702, 2181
1703, 2475
1705, 2806
1706, 2282
90, 1707
255, 1708
1039, 1710
1044, 1712
627, 1714
1716, 1824
1717, 2286
1719, 1928
1720, 2465
1723, 2548
1724, 2650
229, 1726
1727, 2833
569, 1728
439, 1729
391, 1731
1732, 1949
188, 1733
1734, 2228
1277, 1735
1193, 1737
1738, 2041
228, 1739
1741, 1825
888, 1743
1745, 1847
672, 1748
1750, 2312
1576, 1751
358, 1752
627, 1753
1754, 2345
141, 1755
1756, 2080
1757, 2618
653, 1758
1211, 1760
1504, 1761
124, 1762
1763, 1927
218, 1764
1747, 1766
1533, 1767
1768, 2723
1708, 1769
1770, 2897
1771, 2301
1057, 1772
458, 1773
1774, 2880
1775, 2137
1781, 1787
1782, 2942
1783, 1975
1784, 2432
1786, 2457
1788, 1909
1789, 2525
1790, 1851
1791, 1954
1793, 1935
1452, 1795
1600, 1796
1797, 2293
1300, 1799
1801, 2353
1802, 2608
1063, 1803
1806, 1857
1809, 2537
1807, 1811
1812, 2753
1681, 1813
662, 1814
1815, 2359
1051, 1816
1817, 2876
1139, 1821
1823, 2655
1827, 2425
1462, 1828
1830, 1931
1755, 1831
1833, 2589
1834, 2703
57, 1835
1836, 2423
1781, 1838
1841, 2978
1842, 1887
913, 1844
1845, 1857
428, 1846
529, 1847
1802, 1849
1850, 2553
1852, 2591
1043, 1853
1384, 1854
268, 1855
1053, 1857
1134, 1858
1337, 1859
1860, 2386
1861, 2242
1862, 2966
1864, 2730
1865, 2178
1867, 1910
1868, 2562
606, 1869
97, 1870
227, 1871
1677, 1872
81, 1873
1875, 2024
1876, 2350
1877, 2830
1878, 2737
1879, 2312
1882, 2230
1883, 2929
1884, 2584
1886, 2957
1890, 2567
459, 1891
405, 1892
703, 1894
1895, 2054
1896, 2640
1898, 1969
1900, 2729
1901, 2202
1902, 2013
1907, 2604
1390, 1908
1909, 2351
1639, 1911
1912, 2802
1396, 1913
164, 1914
1915, 2482
1165, 1917
1919, 2206
1031, 1920
625, 1921
1923, 2711
1924, 2982
1925, 2363
1047, 1926
1927, 2168
1346, 1930
560, 1931
1037, 1933
1934, 2140
1935, 2864
147, 1936
1479, 1937
1588, 1940
1411, 1941
1126, 1943
1945, 2990
1950, 2976
151, 1951
1601, 1953
1306, 1955
1175, 1956
1957, 2446
1958, 2094
1959, 2491
1960, 2561
1961, 2493
1175, 1962
1402, 1964
947, 1965
1893, 1966
1786, 1967
1968, 2465
1970, 2637
1600, 1971
1752, 1972
1331, 1973
1974, 2764
368, 1978
1979, 2207
650, 1980
1063, 1983
104, 1985
1986, 2366
1559, 1987
1632, 1989
1957, 1990
1991, 2235
142, 1992
359, 1993
1994, 2599
1995, 2314
1368, 1996
1997, 2302
992, 1998
1999, 2355
1969, 2000
1059, 2001
2002, 2759
2003, 2203
1052, 2004
2005, 2017
878, 2007
995, 2008
240, 2009
2010, 2256
1805, 2011
2012, 2994
2013, 2921
1914, 2015
2017, 2262
124, 2018
2019, 2362
2021, 2363
1225, 2022
2023, 2318
2025, 2243
1543, 2026
741, 2027
2028, 2516
2029, 2772
2030, 2619
2032, 2921
303, 2033
1245, 2034
1724, 2035
2038, 2630
536, 2039
822, 2040
279, 2042
2044, 2574
2046, 2224
1202, 2047
1813, 2048
2049, 2649
2050, 2529
2029, 2051
2053, 2244
842, 2056
385, 2058
2059, 2447
2060, 2087
2061, 2187
2062, 2653
2063, 2091
156, 2064
1663, 2065
1803, 2066
1512, 2067
568, 2068
1909, 2070
167, 2073
2075, 2485
1756, 2076
2077, 2121
1346, 2078
2079, 2606
2081, 2889
1350, 2082
185, 2084
1872, 2085
914, 2086
2088, 2666
2090, 2850
1543, 2092
1501, 2094
1007, 2095
2097, 2178
2099, 2152
1974, 2100
1027, 2101
2102, 2468
2103, 2922
1777, 2104
217, 2107
1566, 2108
2109, 2434
460, 2113
2114, 2201
2115, 2356
302, 2116
477, 2117
2118, 2939
2120, 2265
2122, 2653
1615, 2124
2125, 2633
1405, 2126
155, 2127
548, 2128
2129, 2254
2130, 2442
2131, 2405
394, 2132
960, 2133
1369, 2134
2012, 2135
2139, 2715
2140, 2322
2141, 2260
1316, 2142
436, 2143
2144, 2640
2147, 2772
1597, 2148
1129, 2150
2152, 2443
1848, 2153
1791, 2156
2157, 2960
381, 2158
1241, 2160
811, 2162
2163, 2587
2164, 2927
142, 2165
1255, 2167
2141, 2169
411, 2170
2161, 2171
1694, 2173
2174, 2537
1561, 2175
515, 2179
2180, 2645
2182, 2895
1614, 2183
2184, 2607
2185, 2616
650, 2186
2188, 2741
41, 2189
2190, 2975
1219, 2191
2192, 2193
1343, 2194
620, 2195
2196, 2385
294, 2198
2199, 2212
2200, 2559
2203, 2887
2204, 2921
732, 2205
256, 2207
2208, 2478
223, 2209
494, 2210
1718, 2211
1352, 2213
2214, 2631
2216, 2264
1089, 2217
1497, 2218
1565, 2219
264, 2223
1511, 2229
2103, 2231
902, 2232
1829, 2233
2170, 2234
1942, 2236
769, 2237
928, 2238
2239, 2481
2241, 2457
977, 2243
1677, 2245
1055, 2246
904, 2247
1880, 2248
1431, 2249
2252, 2335
178, 2255
1668, 2256
2257, 2649
2060, 2258
2259, 2352
2262, 2365
581, 2263
1219, 2264
2096, 2267
2030, 2268
2270, 2880
2271, 2466
304, 2273
2274, 2520
2281, 2902
1433, 2283
90, 2284
742, 2285
838, 2286
1417, 2287
548, 2289
2278, 2290
2291, 2916
2292, 2901
2098, 2294
28, 2295
383, 2296
1827, 2297
2265, 2299
1269, 2300
1114, 2304
1910, 2305
2306, 2755
1581, 2307
2308, 2973
2310, 2783
1277, 2313
874, 2316
1346, 2317
1009, 2319
1770, 2320
2321, 2488
747, 2323
2327, 2980
170, 2329
1555, 2330
1472, 2331
1376, 2332
1042, 2333
1942, 2335
947, 2336
2338, 2438
2339, 2968
1938, 2340
1874, 2342
1816, 2344
991, 2348
2349, 2555
1616, 2353
2130, 2355
2357, 2634
2069, 2358
825, 2360
1569, 2361
954, 2364
1986, 2370
344, 2371
1897, 2372
414, 2373
2375, 2550
497, 2376
2377, 2419
915, 2378
1792, 2379
2380, 2867
2381, 2740
1590, 2382
820, 2384
2386, 2776
1782, 2389
1249, 2390
1595, 2391
2392, 2850
2394, 2874
1896, 2395
2396, 2691
1599, 2397
362, 2398
1781, 2400
2401, 2586
2402, 2456
2404, 2901
2405, 2735
2407, 2720
1869, 2408
1696, 2411
316, 2412
2413, 2465
2030, 2414
2415, 2590
431, 2416
690, 2417
596, 2418
2421, 2521
1138, 2422
242, 2424
1851, 2427
2429, 2455
1300, 2430
31, 2431
354, 2433
2407, 2435
193, 2437
296, 2439
2440, 2860
1153, 2445
2448, 2553
2346, 2449
305, 2451
2137, 2453
97, 2454
2458, 2836
2459, 2802
655, 2460
2461, 2724
1889, 2462
1430, 2463
565, 2464
2465, 2472
2456, 2467
898, 2469
767, 2470
2473, 2571
1703, 2476
1807, 2477
133, 2479
2480, 2804
868, 2482
2177, 2485
975, 2486
421, 2490
129, 2492
2494, 2804
842, 2496
402, 2497
2378, 2498
1858, 2499
2277, 2503
1744, 2504
2104, 2506
1861, 2507
435, 2510
2435, 2511
154, 2512
1988, 2513
1037, 2515
229, 2517
35, 2518
1919, 2519
2523, 2913
1081, 2524
700, 2531
465, 2534
2458, 2536
741, 2538
2539, 2550
440, 2540
2541, 2594
265, 2543
871, 2544
2545, 2805
1250, 2546
1402, 2549
1811, 2551
2254, 2554
2033, 2556
1981, 2557
2505, 2562
277, 2563
2255, 2564
853, 2565
874, 2566
1118, 2567
2014, 2568
2365, 2569
2570, 2607
602, 2571
933, 2573
1420, 2575
284, 2578
1932, 2579
1217, 2581
510, 2584
612, 2585
2239, 2590
2592, 2711
2593, 2932
282, 2595
2443, 2596
57, 2598
745, 2599
1323, 2600
2442, 2603
2604, 2944
337, 2606
1588, 2607
914, 2609
2227, 2610
1963, 2614
2455, 2615
531, 2616
1261, 2617
985, 2618
2297, 2622
1309, 2623
1652, 2624
1561, 2626
2628, 2721
2444, 2632
2410, 2635
988, 2636
352, 2638
2639, 2682
1377, 2641
852, 2643
1483, 2644
1265, 2647
2648, 2825
329, 2651
1015, 2654
1827, 2656
1281, 2657
2658, 2751
429, 2659
2232, 2661
206, 2662
1954, 2663
2069, 2664
2112, 2665
2666, 2758
116, 2667
846, 2668
2010, 2669
1172, 2673
1766, 2675
2118, 2676
2677, 2873
2679, 2763
2515, 2683
2577, 2687
28, 2691
310, 2692
401, 2694
2006, 2695
628, 2699
796, 2700
679, 2701
2704, 2715
2580, 2705
2706, 2984
2707, 2965
951, 2709
785, 2710
2045, 2712
1179, 2713
1521, 2716
2558, 2719
785, 2722
780, 2723
696, 2725
1586, 2726
648, 2727
2728, 2967
1456, 2730
2521, 2732
1036, 2733
179, 2734
792, 2738
1742, 2742
913, 2745
2723, 2746
1246, 2749
516, 2752
2453, 2755
2100, 2756
1400, 2761
1746, 2762
1411, 2763
2744, 2764
1929, 2765
706, 2766
2368, 2767
1496, 2769
1675, 2771
2773, 2986
1736, 2774
2775, 2996
2777, 2864
2780, 2884
2781, 2888
1880, 2782
173, 2784
1278, 2785
1421, 2786
297, 2789
1876, 2790
2119, 2792
2106, 2794
1475, 2795
2797, 2829
1496, 2798
2799, 2851
1802, 2807
2292, 2809
2811, 2957
2812, 2979
171, 2813
2469, 2814
2815, 2922
1585, 2816
197, 2817
933, 2818
629, 2819
414, 2820
2053, 2821
2658, 2826
2779, 2827
2828, 2845
141, 2830
94, 2832
1540, 2834
2579, 2835
1724, 2837
2824, 2840
2187, 2841
1219, 2843
403, 2847
1778, 2848
632, 2849
1159, 2850
1568, 2851
1075, 2853
923, 2854
1541, 2856
1914, 2857
2626, 2859
1658, 2860
2411, 2863
318, 2865
1651, 2866
2744, 2867
335, 2869
938, 2872
2261, 2875
813, 2877
2472, 2878
130, 2879
1190, 2881
1692, 2882
503, 2886
1623, 2888
399, 2890
1685, 2891
779, 2892
2341, 2893
940, 2894
2707, 2897
2073, 2898
2098, 2899
2697, 2900
1391, 2902
683, 2904
571, 2905
1542, 2906
534, 2907
1051, 2909
528, 2910
382, 2911
2628, 2913
220, 2915
156, 2917
1968, 2918
2255, 2919
2450, 2920
2489, 2923
634, 2924
2827, 2925
2293, 2926
187, 2928
1474, 2930
1046, 2932
1447, 2933
619, 2934
1477, 2935
2936, 2940
1248, 2938
2458, 2940
925, 2941
1874, 2943
2945, 2979
26, 2947
1015, 2948
2434, 2949
2729, 2950
1727, 2951
1799, 2952
2745, 2953
807, 2954
2841, 2955
1461, 2956
889, 2957
2494, 2962
145, 2963
1882, 2969
2829, 2971
397, 2972
1996, 2974
118, 2975
478, 2980
696, 2981
1058, 2983
2690, 2985
2420, 2987
1094, 2988
348, 2990
2637, 2992
1489, 2993
2011, 2995
2483, 2998
1975, 2999
0, 1241
1, 1386
2, 129
561, 1603
988, 1055
5, 2770
6, 1497
536, 1916
581, 1685
1136, 1788
529, 775
1951, 2009
1534, 2066
21, 908
90, 2401
1501, 1617
1235, 1345
2399, 2633
367, 563
31, 2087
1028, 1117
33, 1974
1146, 1391
35, 2178
402, 998
2566, 2572
1484, 2108
1888, 2093
171, 216
292, 1807
48, 251
2480, 2808
51, 365
52, 2473
56, 2997
1919, 2346
239, 1217
907, 2403
1129, 2302
62, 1818
63, 641
127, 1262
65, 212
683, 868
2461, 2741
736, 919
217, 461
72, 1226
1020, 2254
2038, 2798
1406, 2341
268, 2868
885, 958
78, 2480
79, 2899
1589, 2052
1664, 1781
113, 2363
85, 2319
135, 719
2081, 2180
88, 1225
20, 1819
44, 1898
444, 1758
162, 1957
548, 2072
96, 1220
298, 2630
99, 791
1033, 1130
101, 2680
102, 422
106, 2190
1530, 1836
109, 460
2617, 2652
115, 1191
118, 1556
2316, 2803
502, 1539
122, 1749
486, 2577
125, 259
2155, 2244
2102, 2192
1243, 1905
2629, 2858
132, 2314
2103, 2838
926, 2576
299, 815
798, 2127
662, 2254
73, 2325
150, 416
1754, 2846
1995, 2428
318, 859
817, 1057
157, 1768
1860, 2249
161, 483
1586, 1683
177, 2833
116, 169
234, 2896
173, 1149
1953, 2734
180, 1317
560, 2501
182, 1496
1151, 2029
177, 595
186, 2377
1521, 2298
188, 2013
1653, 1918
499, 969
1246, 1467
193, 2151
194, 680
195, 1885
1278, 2885
1946, 2176
478, 2608
528, 1116
2770, 2923
205, 1861
1642, 2341
1446, 1508
1190, 1926
1576, 2957
270, 699
2117, 2421
218, 1538
219, 2651
2159, 2919
1567, 1887
945, 2731
224, 483
357, 976
740, 2705
228, 519
292, 1558
233, 400
1423, 2580
731, 1035
2273, 2552
8, 578
1538, 2467
786, 2122
2321, 2586
2314, 2461
2021, 2986
252, 327
254, 975
1708, 2798
257, 1592
1080, 2532
261, 2582
332, 2203
1438, 2498
571, 1915
937, 1134
269, 2448
1129, 1336
1047, 2994
275, 1746
276, 1038
277, 2967
278, 1615
44, 279
283, 725
224, 1371
583, 2937
921, 2933
375, 2769
290, 2566
1582, 1912
292, 1585
898, 2612
800, 1746
256, 1143
1492, 2430
876, 1856
255, 1395
625, 1826
1496, 2047
530, 1335
315, 1641
2170, 2339
370, 2202
1168, 2779
743, 1679
2535, 2646
326, 489
1571, 2121
330, 1305
1239, 2214
2015, 2588
1083, 1906
302, 338
339, 1270
678, 1078
346, 2690
907, 1288
2020, 2673
2190, 2278
1007, 2425
1217, 2793
872, 2083
358, 598
359, 1230
415, 1569
1198, 2617
362, 2675
346, 2253
89, 2714
369, 2631
370, 2865
1371, 2422
378, 2450
791, 2269
141, 685
453, 2280
1832, 2241
918, 1314
1070, 1885
389, 592
391, 1555
1142, 1792
734, 2140
397, 610
458, 2187
102, 2890
1464, 1648
403, 1694
1867, 2535
587, 2242
2170, 2877
412, 644
417, 519
249, 551
1675, 2943
199, 1599
1680, 2452
1298, 2805
430, 1532
305, 1781
376, 1368
435, 2399
436, 2351
439, 2016
623, 2410
305, 2251
443, 2864
445, 458
1527, 2950
364, 2806
1267, 1737
792, 1316
1882, 2423
2696, 2822
1590, 1646
2117, 2912
776, 1844
466, 1493
605, 2795
1699, 2013
1766, 2508
475, 940
845, 1316
1400, 2745
570, 2477
1949, 2289
1326, 1465
495, 878
1612, 2246
1451, 2031
503, 778
504, 1449
1715, 1809
974, 2671
513, 1366
975, 2644
653, 1644
2009, 2580
146, 1086
1367, 2207
540, 2563
49, 1350
90, 1948
880, 2619
555, 885
556, 1727
562, 1552
1651, 2599
579, 1479
1761, 1937
2199, 2454
413, 1899
143, 2350
2655, 2896
1991, 2037
962, 2407
1075, 1861
607, 2865
242, 1944
611, 2552
1107, 1152
2315, 2760
816, 1183
458, 2535
643, 1111
456, 541
963, 1104
2364, 2460
267, 1560
853, 1134
640, 2074
1539, 2481
269, 1704
35, 1670
1458, 2140
1601, 2984
2334, 2513
1719, 2006
2345, 2895
947, 1526
812, 2527
1941, 2025
890, 1977
264, 2569
707, 1452
260, 2954
1325, 1546
1941, 2670
721, 2720
676, 758
1792, 2002
163, 2161
1173, 1688
847, 1487
498, 1450
1798, 2668
1159, 2314
754, 2326
620, 845
1790, 2973
761, 1527
762, 2509
1043, 2309
778, 1310
832, 2696
1101, 1543
104, 2346
1338, 1648
878, 2324
1666, 2220
1019, 2743
2740, 2800
804, 2557
980, 1201
2688, 2877
1501, 2104
811, 2317
300, 1238
650, 1932
1283, 2486
826, 2735
617, 836
1433, 2703
34, 1079
1874, 2426
547, 2244
855, 2898
20, 863
866, 2271
50, 2648
1441, 1696
43, 1387
1881, 2100
1054, 1698
1017, 1114
2147, 2613
2175, 2239
129, 1583
785, 926
249, 1249
305, 935
1133, 2937
785, 2338
1109, 1736
1420, 2097
2601, 2804
1039, 2834
967, 2779
1209, 1985
682, 2318
741, 1841
413, 993
994, 2676
546, 2855
242, 577
1005, 2760
753, 1007
2442, 2582
16, 473
700, 1447
2383, 2868
1759, 2984
681, 2754
622, 2196
1781, 2683
2213, 2648
1050, 2923
1058, 2704
1066, 2241
1073, 2805
1077, 2390
1078, 1716
1415, 1617
1473, 2735
123, 1097
1092, 2640
1928, 2528
1313, 2303
1488, 2458
992, 1115
2248, 2808
33, 1469
368, 1479
78, 1125
133, 1126
697, 1343
1144, 2737
748, 2533
539, 2130
1677, 2314
1848, 2916
1169, 1678
1170, 2405
1741, 2354
1181, 2160
1800, 2432
1195, 2190
1226, 1362
1096, 1799
1211, 2644
1924, 2914
1394, 1474
856, 1270
652, 2880
1269, 2291
1256, 1964
527, 2212
1258, 2685
2119, 2791
576, 2409
1118, 2208
897, 1293
659, 2599
1385, 2481
206, 2221
1942, 2362
585, 1320
2163, 2432
2098, 2553
1353, 1451
1354, 1446
1357, 1784
846, 1359
1363, 2193
975, 1915
910, 2366
1264, 1376
1011, 2768
1900, 2568
1392, 2970
2362, 2876
1219, 1863
1274, 2999
1709, 1846
585, 1454
1345, 1468
1387, 1703
1482, 2620
30, 989
1169, 1491
628, 1495
1133, 1520
1503, 2110
1756, 2030
1512, 2275
1223, 2363
2465, 2939
433, 880
1694, 2715
1188, 1564
1544, 2470
2059, 2522
1587, 2674
2071, 2311
1230, 2393
1398, 2109
2587, 2760
2266, 2474
45, 1713
30, 1631
640, 2154
63, 2681
129, 2261
1681, 2961
1674, 2147
1763, 2873
1031, 1462
1903, 2043
343, 1702
1194, 1706
1723, 2074
355, 1734
903, 1879
1310, 2168
1771, 2212
2537, 2665
1812, 2814
1815, 2129
35, 1456
2658, 2929
355, 2054
1003, 2604
240, 2592
1148, 2423
1957, 2770
2637, 2901
989, 1991
813, 2599
268, 2516
2044, 2175
2046, 2829
2529, 2871
1540, 2091
1372, 2177
1114, 2758
2201, 2912
151, 2735
191, 2157
447, 531
1479, 2259
1614, 2274
2137, 2207
2575, 2973
1114, 2327
2349, 2886
1471, 2634
259, 2002
919, 2429
1390, 2628
118, 2541
595, 2639
1297, 2996
1585, 1954
129, 2945
2203, 2845
35, 2160
1373, 1497
2347, 2495
1685, 1900
1315, 2547
2015, 2399
279, 2431
1588, 1888
171, 1310
619, 2267
144, 2147
564, 1876
63, 2492
1153, 2102
2124, 2378
1567, 2299
1067, 2350
80, 753
1685, 1882
396, 2483
1107, 1184
1135, 1882
955, 1198
1191, 1794
414, 1168
719, 2590
254, 486
2566, 2665
1843, 1997
416, 2105
1022, 2534
1057, 2900
126, 2013
429, 1421
234, 2243
1190, 1572
2642, 2870
1918, 2351
1708, 2526
680, 1763
466, 1390
1092, 1271
528, 636
5, 2736
536, 1559
32, 2521
329, 1847
428, 1762
1151, 2731
484, 2665
400, 2151
1035, 1498
2302, 2653
2284, 2394
391, 1724
1425, 1600
637, 1727
2250, 2446
2088, 2728
1234, 1912
876, 2624
2486, 2798
1335, 1550
2493, 2801
482, 743
1025, 2856
269, 777
834, 1545
1632, 2869
1590, 1632
422, 2897
1838, 2100
869, 2900
248, 1291
756, 1397
675, 1669
1773, 2323
1447, 2976
1555, 1787
2410, 2470
1840, 2491
2256, 2584
1059, 1489
495, 825
1792, 2155
2624, 2901
1072, 2805
1417, 2326
1117, 1167
304, 498
1153, 2432
2151, 2864
952, 2053
2006, 2513
2002, 2908
1003, 1205
2386, 2642
480, 1922
1173, 1511
1009, 1045
1135, 1405
2718, 2884
419, 1878
600, 1039
2518, 2648
217, 1081
1418, 1733
1269, 2772
823, 2354
1541, 1924
1916, 2539
2454, 2788
923, 1287
774, 1639
1592, 2049
455, 2434
34, 1804
1671, 1757
2110, 2303
1088, 1801
1306, 1903
974, 1415
1874, 2685
846, 1701
873, 2244
1935, 2430
1646, 2877
447, 2021
775, 1697
1235, 2272
621, 2867
458, 1111
1860, 2428
1572, 2566
1405, 2697
391, 1884
1569, 2803
411, 1588
171, 878
819, 2018
396, 2760
681, 702
1235, 2645
358, 1826
1809, 2653
772, 2522
1302, 2969
300, 1797
