1.322332
0, 252
1, 256
2, 135
3, 194
4, 247
5, 87
6, 216
7, 54
8, 230
9, 259
10, 71
11, 178
12, 30
13, 182
14, 127
15, 210
16, 20
17, 51
1, 18
19, 82
20, 85
21, 169
22, 73
23, 236
24, 234
25, 42
26, 271
27, 32
28, 230
29, 207
31, 79
33, 140
34, 273
35, 156
25, 36
37, 51
38, 241
39, 85
40, 60
23, 41
43, 61
44, 180
45, 129
46, 170
27, 47
48, 282
49, 51
50, 173
52, 98
53, 71
55, 97
56, 256
57, 59
10, 58
1, 60
44, 62
63, 123
64, 159
65, 160
66, 118
67, 252
68, 203
69, 158
70, 228
72, 237
74, 230
38, 75
27, 76
77, 222
78, 142
79, 289
80, 288
81, 273
82, 133
83, 224
84, 156
45, 86
88, 231
89, 227
90, 286
91, 142
50, 92
31, 93
94, 100
95, 236
44, 96
98, 197
99, 243
101, 282
102, 245
103, 238
104, 238
38, 105
31, 106
107, 297
108, 189
109, 177
109, 110
111, 219
112, 252
96, 113
114, 169
115, 230
116, 222
117, 172
119, 297
120, 135
121, 172
122, 162
25, 124
125, 294
126, 253
128, 273
130, 139
120, 131
132, 175
88, 134
136, 138
137, 172
138, 260
139, 174
90, 141
143, 285
144, 238
145, 215
84, 146
122, 147
148, 164
149, 237
150, 194
37, 151
152, 165
153, 246
154, 170
108, 155
157, 174
159, 244
160, 227
106, 161
163, 267
39, 164
65, 166
104, 167
168, 202
170, 171
173, 296
176, 263
178, 201
179, 257
92, 181
183, 189
166, 184
185, 241
111, 186
187, 267
188, 256
159, 190
68, 191
153, 192
124, 193
195, 240
196, 267
197, 296
198, 278
199, 236
112, 200
202, 280
204, 267
87, 205
21, 206
208, 270
38, 209
211, 251
139, 212
157, 213
214, 224
215, 219
216, 290
217, 244
141, 218
120, 220
221, 249
223, 268
9, 225
226, 260
228, 283
229, 237
71, 232
58, 233
235, 266
239, 288
63, 242
197, 243
248, 273
247, 250
254, 293
121, 255
68, 258
171, 261
262, 279
264, 278
49, 265
269, 298
21, 270
133, 271
84, 272
8, 274
111, 275
50, 276
203, 277
111, 279
159, 281
283, 284
287, 295
21, 290
251, 291
202, 292
153, 293
83, 299
112, 288
3, 120
4, 121
5, 8
54, 145
230, 236
259, 280
219, 232
121, 201
30, 69
135, 182
111, 127
137, 210
37, 60
22, 250
24, 261
25, 239
2, 82
32, 255
29, 260
79, 139
33, 294
149, 273
139, 156
241, 256
43, 248
113, 244
86, 163
171, 188
33, 101
197, 202
97, 144
59, 151
242, 286
160, 280
66, 135
173, 258
69, 90
133, 283
116, 250
15, 142
80, 293
102, 214
88, 127
94, 141
102, 176
33, 144
119, 144
189, 263
11, 109
147, 290
125, 267
126, 271
60, 157
132, 134
92, 260
3, 285
39, 115
152, 202
204, 257
51, 195
198, 277
211, 237
249, 265
128, 223
166, 266
5, 269
236, 287
204, 246
2, 142
12, 120
212, 229
217, 229
259, 261
102, 213
118, 215
87, 294
140, 290
30, 239
18, 90
