24.616999
0, 41
1, 292
2, 266
3, 251
4, 38
5, 170
6, 210
7, 262
8, 104
9, 97
10, 90
11, 47
12, 164
13, 266
14, 77
15, 187
16, 171
17, 239
18, 259
19, 51
20, 49
21, 47
22, 144
23, 171
24, 198
25, 63
26, 55
27, 39
28, 49
29, 269
30, 90
31, 222
32, 138
33, 147
34, 93
35, 162
36, 118
37, 80
38, 181
40, 158
41, 215
42, 248
43, 113
44, 189
45, 208
46, 232
47, 93
48, 100
49, 223
50, 246
52, 240
53, 147
54, 268
38, 55
56, 88
38, 57
58, 87
59, 241
56, 60
61, 282
62, 115
46, 63
64, 226
65, 168
66, 289
67, 84
68, 160
69, 145
5, 70
71, 172
72, 254
73, 97
74, 179
54, 75
76, 201
77, 189
78, 262
79, 132
81, 189
32, 82
83, 135
31, 84
85, 255
86, 279
67, 89
91, 130
7, 92
94, 254
95, 220
39, 96
98, 184
99, 220
101, 132
102, 194
103, 222
105, 223
106, 180
107, 143
108, 243
109, 279
110, 123
111, 237
112, 290
114, 235
116, 135
117, 225
118, 251
119, 187
36, 120
121, 244
122, 132
124, 289
125, 231
126, 242
127, 247
104, 128
18, 129
130, 157
131, 232
133, 254
134, 145
80, 136
137, 235
98, 139
140, 299
141, 237
19, 142
112, 144
145, 190
146, 272
84, 147
30, 148
110, 149
150, 219
29, 151
152, 158
126, 153
9, 154
155, 265
140, 156
159, 237
5, 161
162, 253
163, 176
165, 231
156, 166
167, 228
169, 213
171, 271
142, 172
51, 173
174, 183
175, 285
18, 177
106, 178
182, 194
183, 268
185, 294
57, 186
188, 265
41, 189
46, 190
191, 235
192, 294
193, 205
119, 195
196, 235
60, 197
189, 199
200, 237
57, 202
203, 212
27, 204
115, 206
149, 207
86, 209
129, 211
171, 214
216, 244
217, 289
218, 256
221, 229
224, 251
82, 225
227, 292
119, 230
31, 233
234, 244
236, 249
6, 238
239, 244
164, 240
243, 283
8, 245
197, 247
190, 249
68, 250
222, 251
252, 288
253, 297
90, 257
258, 289
183, 260
60, 261
68, 263
187, 264
230, 266
133, 267
154, 270
29, 273
60, 274
6, 275
258, 276
228, 277
237, 278
259, 280
94, 281
132, 282
59, 284
243, 285
149, 286
51, 287
46, 291
293, 294
32, 294
260, 295
266, 296
103, 298
15, 292
39, 170
56, 210
92, 239
128, 273
9, 77
30, 227
55, 93
215, 271
18, 180
49, 147
65, 112
24, 78
63, 261
39, 183
29, 180
253, 276
39, 118
80, 203
158, 201
42, 74
43, 58
38, 208
48, 239
125, 246
164, 197
59, 168
282, 296
152, 206
226, 280
187, 289
190, 263
85, 287
133, 196
125, 135
138, 209
157, 244
95, 183
174, 184
102, 263
143, 156
118, 123
200, 269
235, 256
225, 255
231, 256
15, 126
130, 146
219, 269
264, 265
163, 294
167, 168
124, 169
212, 283
187, 205
194, 221
137, 288
98, 211
21, 287
189, 260
216, 230
43, 167
44, 160
158, 171
137, 179
235, 292
84, 156
48, 285
225, 285
84, 228
262, 268
