1.349489
0, 89
1, 45
2, 74
3, 18
2, 4
5, 88
6, 59
7, 86
8, 61
9, 69
10, 45
11, 40
12, 68
10, 13
14, 88
12, 15
16, 68
9, 17
5, 19
20, 91
21, 56
22, 58
23, 45
24, 64
25, 38
26, 73
27, 80
18, 28
29, 30
31, 59
25, 32
33, 55
34, 55
35, 49
9, 36
37, 53
0, 39
40, 58
41, 97
32, 42
43, 99
44, 89
46, 58
25, 47
5, 48
50, 61
51, 94
43, 52
54, 74
7, 56
57, 95
18, 59
17, 60
62, 63
63, 72
64, 65
66, 75
67, 75
70, 79
23, 71
9, 73
55, 75
55, 76
31, 77
78, 88
81, 99
31, 82
83, 88
43, 84
0, 85
47, 87
16, 90
60, 91
54, 92
59, 93
83, 95
52, 96
32, 97
17, 98
89, 98
2, 23
18, 74
3, 32
8, 38
32, 40
49, 68
56, 88
60, 64
36, 43
27, 32
30, 99
37, 60
38, 43
35, 94
5, 35
63, 70
12, 55
25, 35
64, 79
