151.000000
0, 49
1, 49
2, 44
3, 49
4, 18
5, 49
6, 17
7, 43
8, 12
9, 12
10, 18
11, 14
13, 40
8, 14
15, 18
12, 16
19, 43
17, 20
21, 42
8, 22
23, 40
15, 24
12, 25
26, 49
4, 27
28, 45
22, 29
17, 30
14, 31
11, 32
18, 33
34, 47
35, 52
36, 48
37, 81
38, 49
12, 39
4, 40
41, 49
13, 42
2, 45
2, 46
14, 47
4, 48
2, 50
7, 51
15, 52
16, 53
7, 54
18, 55
12, 56
8, 57
11, 58
10, 59
10, 60
12, 61
6, 62
4, 63
7, 64
44, 65
4, 66
45, 67
13, 68
8, 69
6, 70
50, 71
6, 72
22, 73
10, 74
10, 75
40, 76
18, 77
13, 78
6, 79
17, 80
8, 81
13, 82
7, 83
44, 84
14, 85
13, 86
17, 87
13, 88
14, 89
7, 90
45, 91
7, 92
13, 93
4, 94
4, 95
14, 96
7, 97
6, 98
17, 99
4, 100
13, 101
40, 102
4, 103
7, 104
4, 105
24, 106
6, 107
17, 108
4, 109
18, 110
43, 111
49, 112
44, 113
44, 114
54, 115
6, 116
18, 117
49, 118
59, 119
18, 120
64, 121
6, 122
6, 123
34, 49
8, 62
13, 43
16, 18
8, 44
