1.366384
0, 2388
1, 2809
2, 590
3, 2465
4, 2437
5, 2070
6, 421
7, 2294
8, 1259
9, 1808
10, 185
11, 2248
12, 1059
13, 1380
14, 220
15, 1380
16, 2798
17, 2032
18, 639
19, 1503
20, 211
21, 197
22, 1816
23, 1196
24, 1561
25, 2239
26, 326
27, 2778
28, 737
29, 1854
30, 2642
31, 856
32, 130
33, 906
34, 1601
35, 2863
36, 1356
37, 1041
38, 2352
39, 384
40, 2540
41, 631
42, 2364
43, 1293
44, 671
45, 1126
46, 969
47, 2678
48, 2636
49, 1415
50, 2983
51, 818
52, 562
53, 513
54, 2992
55, 406
56, 2236
57, 2390
58, 345
59, 2753
60, 2997
61, 274
62, 339
63, 874
64, 1162
65, 2700
66, 1323
67, 1257
68, 2911
69, 2025
70, 2649
71, 1418
72, 622
73, 1500
74, 1707
75, 2526
76, 2307
77, 2093
78, 2921
79, 263
80, 1830
81, 725
82, 383
83, 1174
84, 1717
85, 2228
86, 2675
87, 1481
88, 2277
89, 1826
90, 2350
91, 2390
92, 838
93, 890
94, 2950
95, 2588
96, 1973
97, 866
98, 1347
99, 251
100, 2983
101, 180
102, 256
103, 1679
104, 2605
105, 1704
106, 2856
107, 1612
108, 970
109, 1072
110, 2446
111, 2765
112, 1236
113, 2547
114, 265
115, 541
116, 916
117, 2471
118, 1145
119, 1543
120, 2496
121, 2693
122, 2229
123, 1749
124, 381
125, 2206
126, 1572
127, 1599
128, 2212
129, 227
130, 2116
131, 2251
132, 2642
133, 1738
134, 2703
135, 1131
136, 981
137, 1385
138, 2491
139, 539
140, 1361
141, 417
142, 2407
143, 471
144, 2328
145, 268
146, 802
147, 2223
148, 1281
149, 1327
150, 1346
151, 343
152, 276
153, 2727
154, 643
155, 1647
156, 801
157, 1802
158, 2958
159, 1681
160, 1519
161, 2258
162, 1425
163, 1099
164, 2677
165, 1460
166, 556
167, 1344
168, 1262
169, 2139
170, 1214
171, 989
172, 2599
173, 1786
174, 493
175, 1002
176, 1729
177, 2504
178, 411
179, 2081
181, 804
182, 1882
183, 2173
184, 721
185, 1581
186, 2768
187, 2945
188, 2309
189, 1120
190, 947
191, 2795
192, 2894
193, 1250
194, 897
195, 995
196, 2775
197, 204
198, 2568
199, 1515
170, 200
201, 2560
202, 1337
203, 1940
205, 573
206, 991
207, 2892
208, 1079
209, 685
210, 1922
212, 1127
213, 1823
214, 981
215, 2145
216, 1337
217, 1087
218, 2351
219, 2586
221, 1556
222, 688
223, 2459
224, 1425
225, 2848
226, 2141
227, 2449
228, 696
229, 2634
230, 925
231, 1584
232, 1474
233, 708
234, 2222
235, 1130
236, 1783
237, 1436
238, 1630
239, 2514
240, 2061
241, 2484
242, 2381
243, 2011
173, 244
245, 1901
246, 855
247, 1836
248, 1358
249, 1363
250, 549
251, 488
252, 709
253, 2618
254, 1376
255, 2542
256, 1221
257, 697
258, 1722
259, 1391
260, 2789
261, 2329
262, 942
264, 493
265, 2135
266, 311
267, 1147
269, 2797
270, 2675
271, 2962
272, 1064
273, 1776
275, 1796
276, 2274
112, 277
278, 282
279, 2994
280, 954
281, 624
282, 2033
283, 1843
284, 2445
285, 2019
286, 880
287, 574
288, 318
289, 1681
53, 290
291, 2265
292, 2629
293, 2318
294, 1085
295, 1340
296, 1590
297, 2260
298, 1809
299, 803
300, 839
273, 301
302, 856
303, 592
304, 1008
305, 587
306, 1483
307, 936
308, 1135
309, 1039
310, 2332
312, 2921
313, 1205
314, 2939
315, 1418
316, 2833
317, 2214
318, 935
319, 1363
320, 2289
321, 2962
322, 1667
323, 1295
324, 2106
325, 1251
327, 1928
328, 914
329, 586
330, 1412
331, 2205
332, 761
333, 2673
334, 1008
335, 1080
336, 1930
337, 1941
338, 2631
340, 1652
341, 440
342, 1129
344, 461
346, 2798
347, 2823
348, 574
349, 960
350, 2524
351, 1661
352, 1135
353, 1721
354, 1173
355, 921
356, 1401
357, 2480
358, 2441
359, 1679
360, 522
361, 463
362, 1475
363, 1707
364, 2333
365, 2195
366, 1578
367, 2771
368, 1067
369, 1511
370, 1180
371, 1789
372, 2016
373, 2042
374, 1049
375, 2443
376, 2029
377, 961
378, 1308
379, 2164
380, 920
381, 1132
382, 1108
384, 1070
385, 2910
386, 2436
387, 2233
388, 2685
389, 508
390, 945
391, 1028
392, 2789
393, 1382
394, 2410
395, 2101
396, 2011
397, 684
398, 2420
399, 1940
400, 2907
401, 1553
402, 1208
403, 2028
404, 2866
405, 450
310, 406
407, 2192
408, 2655
409, 2576
410, 1574
412, 879
258, 413
414, 2426
415, 1013
416, 1617
417, 2224
418, 459
419, 1079
420, 2351
421, 2776
422, 1459
423, 1171
233, 424
425, 1134
426, 2989
427, 463
428, 1124
429, 1128
430, 2219
431, 693
432, 1872
433, 490
434, 1896
435, 1587
436, 2748
437, 1381
438, 833
347, 439
441, 2666
442, 2729
422, 443
444, 2432
445, 1875
446, 865
447, 540
73, 448
449, 1833
451, 959
452, 1977
453, 2834
454, 2803
455, 2362
456, 2927
457, 2419
458, 965
459, 2147
460, 1652
461, 2322
183, 462
464, 1787
465, 797
466, 777
467, 2752
468, 1100
469, 2625
151, 470
471, 1041
472, 1964
473, 1017
474, 2665
475, 854
476, 2286
477, 2573
478, 2045
479, 2170
480, 516
481, 1108
482, 1855
483, 1052
484, 734
485, 2079
486, 1067
487, 2262
488, 1593
489, 1859
491, 2354
492, 1568
494, 2676
495, 1250
496, 1781
497, 1457
498, 1178
499, 2997
500, 1958
501, 2727
502, 1369
503, 2415
504, 1591
505, 1638
506, 2726
507, 947
508, 2326
497, 509
510, 1831
511, 1868
512, 1023
514, 2206
379, 515
517, 1020
518, 2256
519, 1397
520, 2469
521, 2062
522, 2289
523, 1391
524, 712
525, 1107
50, 526
344, 527
528, 1192
529, 1001
530, 2593
531, 1860
532, 1632
533, 1128
534, 1536
8, 535
536, 2366
537, 1726
538, 2482
540, 2138
541, 1567
542, 968
543, 2066
544, 979
545, 800
323, 546
547, 1806
548, 1003
509, 549
550, 2013
551, 1538
552, 1020
553, 2000
554, 2488
555, 2153
556, 807
557, 692
558, 1069
559, 2647
560, 2686
561, 2005
563, 1398
564, 2146
565, 2810
566, 635
567, 1307
568, 1770
569, 1659
570, 2706
571, 2428
572, 926
575, 1579
576, 613
577, 2898
578, 1765
579, 1422
580, 2546
581, 1398
568, 582
583, 2224
584, 2883
585, 2958
586, 2493
588, 2025
589, 1254
591, 2175
593, 787
594, 2276
595, 1142
596, 1720
597, 895
598, 1928
599, 1689
600, 1918
601, 2281
602, 846
603, 2899
604, 1463
605, 1728
606, 699
607, 1125
608, 833
609, 850
610, 1573
611, 1256
612, 1041
34, 613
357, 614
615, 2961
119, 616
204, 617
618, 2394
619, 2196
620, 912
621, 2519
623, 1878
624, 1849
625, 1296
626, 2987
627, 1611
628, 1236
629, 2895
630, 1189
631, 1214
144, 632
633, 2369
634, 2924
636, 1348
637, 2410
638, 1974
639, 1442
535, 640
641, 2963
642, 864
643, 1742
644, 648
231, 645
646, 2433
647, 2408
649, 2142
650, 721
511, 651
652, 1090
653, 2945
654, 1530
655, 1979
656, 1789
657, 2429
658, 2576
659, 790
660, 1656
661, 1181
662, 1176
663, 1158
202, 664
665, 2007
666, 2868
667, 2859
668, 1896
669, 1327
670, 2195
672, 774
673, 1836
587, 674
675, 1787
676, 2233
677, 2968
678, 890
679, 2583
680, 2810
681, 1921
682, 1001
683, 1961
66, 686
687, 748
688, 2692
689, 1704
690, 2093
691, 1322
694, 2357
695, 738
696, 1116
698, 2062
700, 1943
701, 1249
702, 2402
703, 739
704, 897
705, 1674
706, 2542
707, 2774
709, 2603
710, 1945
711, 1435
713, 851
714, 2083
715, 1597
716, 2667
717, 786
718, 2517
719, 2640
720, 1484
722, 1590
723, 2285
724, 2589
725, 1259
185, 726
727, 2649
728, 2193
729, 1990
730, 2700
731, 1193
732, 2424
345, 733
734, 1708
702, 735
736, 1145
284, 737
739, 2724
740, 1155
741, 2772
742, 1049
743, 2059
565, 744
745, 2749
266, 746
747, 2316
748, 2577
638, 749
750, 1367
751, 1575
364, 752
753, 1565
754, 2673
755, 1498
756, 1872
184, 757
758, 2077
759, 1868
760, 2319
762, 1992
763, 1348
764, 1512
765, 2133
4, 766
767, 1100
768, 2221
624, 769
770, 2493
771, 797
772, 868
773, 2847
775, 1822
776, 1657
777, 1186
113, 778
514, 779
780, 1684
781, 2458
782, 1816
783, 1726
784, 2138
785, 1449
788, 1645
789, 1252
174, 791
240, 792
793, 2723
738, 794
170, 795
796, 2252
651, 798
799, 1118
805, 2860
548, 806
808, 2907
809, 2873
810, 1293
811, 1425
812, 2533
813, 888
814, 2389
293, 815
816, 1620
817, 2242
708, 818
819, 2177
820, 1919
821, 2656
714, 822
4, 823
824, 1221
825, 1531
449, 826
827, 2414
828, 1538
829, 2417
830, 2830
831, 1851
832, 2001
834, 1038
835, 1430
836, 1626
837, 2622
838, 2582
839, 1563
840, 2958
841, 892
842, 1438
763, 843
368, 844
845, 2439
846, 2118
188, 847
848, 907
849, 2730
765, 851
305, 852
479, 853
701, 854
855, 2725
857, 1066
858, 1071
859, 1552
860, 2325
861, 2751
862, 2947
863, 1679
725, 864
865, 1667
866, 1239
867, 2356
868, 1351
869, 1264
870, 1970
871, 2726
872, 1470
873, 1255
875, 1393
876, 1028
877, 2379
226, 878
879, 2850
881, 2751
882, 2004
883, 1805
884, 1799
885, 1664
886, 2224
887, 1657
521, 889
230, 891
893, 1509
894, 1246
896, 2553
318, 898
899, 1023
900, 1209
384, 901
902, 2919
903, 1628
288, 904
905, 1721
908, 1496
909, 2539
910, 2633
724, 911
912, 1883
913, 2639
915, 2951
917, 2026
918, 1851
919, 1963
920, 1642
921, 2131
922, 2706
923, 1655
924, 1026
925, 2871
927, 1799
928, 2566
929, 941
930, 2013
931, 1946
932, 2987
933, 1041
934, 1441
936, 1963
505, 937
938, 2906
939, 1610
101, 940
943, 2709
944, 1412
946, 1193
948, 2195
949, 2429
950, 2510
951, 2359
681, 952
953, 2389
954, 1738
955, 2364
956, 2706
957, 1730
958, 1227
959, 2738
962, 2819
963, 1333
964, 2104
966, 2806
488, 967
969, 1188
765, 970
971, 1837
972, 1976
973, 2989
974, 2992
345, 975
851, 976
977, 1313
978, 1097
980, 1210
982, 1258
983, 2164
984, 2075
985, 1491
197, 986
987, 2064
981, 988
990, 2689
991, 1856
992, 2255
993, 2496
994, 2122
995, 1748
996, 1719
997, 1066
272, 998
999, 2150
1000, 2546
1003, 1296
1004, 1839
1005, 1711
1006, 2954
1007, 1050
1008, 2951
1009, 1371
1010, 2131
1011, 2188
1012, 2098
1013, 1573
1014, 1869
1015, 1230
1016, 2179
1018, 1557
1019, 2968
1020, 1718
1021, 2906
606, 1022
1024, 2128
1025, 1752
744, 1026
1027, 1295
956, 1029
440, 1030
1031, 2254
1032, 2526
372, 1033
1034, 1288
1035, 2125
1036, 1130
1037, 1731
423, 1038
1040, 2266
956, 1042
1043, 2577
1044, 2081
1045, 1702
1046, 2771
1047, 2490
1048, 2362
1051, 1982
1052, 2897
1053, 1912
1054, 1974
1010, 1055
867, 1056
1057, 1164
1058, 2071
1060, 1591
1061, 2586
1062, 2989
1063, 2977
1065, 1066
1068, 1954
1069, 1738
1073, 2940
1074, 2536
745, 1075
1076, 2754
1077, 1626
1078, 1547
1079, 1978
1081, 2716
1082, 1974
1083, 2677
1084, 1895
1085, 2297
431, 1086
1087, 1947
1088, 2274
1089, 2589
1008, 1090
1091, 1291
1092, 2484
1093, 1144
1094, 1793
1095, 2632
1096, 2259
1097, 2414
1098, 1557
1099, 2156
1101, 1801
1102, 1177
1103, 2429
187, 1104
507, 1105
1106, 2394
741, 1107
133, 1109
1110, 2411
1111, 1884
853, 1112
1113, 1233
1114, 1241
1115, 1665
1117, 1782
1118, 2094
452, 1119
1120, 2599
1121, 2527
1122, 2404
1123, 1228
1125, 1286
1126, 2839
1128, 1771
1130, 2970
1133, 2107
679, 1134
1136, 1626
1137, 2312
476, 1138
1139, 2497
1140, 1264
1141, 1244
1142, 2332
441, 1143
144, 1146
1148, 1178
1149, 1585
1150, 2781
1151, 2663
1152, 2989
1153, 1700
1154, 2362
1077, 1156
1157, 1440
1159, 1961
1160, 1437
1067, 1161
1163, 2393
1164, 2289
828, 1165
383, 1166
1167, 1602
1168, 1855
1169, 2725
185, 1170
1172, 1329
1173, 2897
427, 1175
1179, 2065
1181, 1476
755, 1182
782, 1183
1184, 2003
1185, 1252
1187, 2058
770, 1188
1190, 1429
1191, 1567
1194, 1687
139, 1195
1197, 2977
1198, 2256
1199, 1928
1200, 1658
1201, 2606
962, 1202
1203, 1593
70, 1204
1206, 1965
1207, 2198
720, 1209
629, 1210
1211, 1926
1212, 2490
1213, 1396
1214, 1982
1215, 2796
1216, 1851
312, 1217
1218, 1497
1219, 2669
1220, 1248
1222, 2218
759, 1223
1224, 2315
1225, 2110
1226, 1287
1067, 1227
1229, 2573
1230, 2113
8, 1231
1232, 2648
1233, 1677
1234, 1552
1235, 2625
481, 1237
1238, 1750
1240, 2627
1242, 1326
1140, 1243
1245, 2632
1246, 1632
1247, 1892
1248, 2197
522, 1249
1250, 1858
1251, 2676
1253, 1684
1135, 1254
1257, 1540
1258, 1638
1260, 2489
1261, 2276
1263, 2065
733, 1265
1266, 1295
1267, 2201
1268, 1796
1269, 2818
120, 1270
1271, 1955
1272, 2584
1273, 2876
1274, 2007
1275, 2638
1276, 1620
1277, 1817
1278, 1521
1279, 1454
1280, 2766
1091, 1282
1283, 1480
1284, 2086
1285, 1825
1088, 1286
1288, 1574
223, 1289
1290, 1743
1251, 1292
371, 1294
1296, 1670
1297, 2291
1298, 2634
1299, 2725
1300, 1833
1301, 2572
1302, 2658
599, 1303
1304, 1724
1305, 1497
1306, 1431
1309, 2930
131, 1310
1311, 2566
1006, 1312
1313, 2412
257, 1314
1315, 1583
1316, 2353
1317, 2228
429, 1318
470, 1319
1320, 1402
1321, 1932
1322, 2779
493, 1324
585, 1325
1326, 2597
1328, 1554
1330, 2018
992, 1331
1332, 2779
1334, 2490
1335, 2726
1336, 1740
689, 1338
689, 1339
1341, 2877
1102, 1342
1343, 2497
1344, 2651
1345, 2119
1346, 2840
1347, 1835
1348, 1608
1349, 2632
1350, 2036
1351, 2142
1352, 2155
360, 1353
1354, 2445
1355, 1383
1357, 1675
1358, 1431
1359, 2928
1360, 2980
1362, 2961
606, 1364
243, 1365
1366, 2158
1367, 1974
1368, 2319
1369, 2836
1370, 1932
1372, 1437
1373, 1468
1374, 2382
636, 1375
1377, 1626
1378, 2902
1379, 1706
1381, 1986
1384, 2689
273, 1385
1386, 1557
1387, 1978
1317, 1388
513, 1389
1390, 1947
593, 1392
1393, 1509
1394, 1532
1395, 1894
1011, 1396
1399, 2328
1400, 2613
1401, 2456
407, 1403
1404, 2163
1405, 2701
1046, 1406
767, 1407
1408, 2888
1409, 1560
932, 1410
1411, 1961
1413, 2087
837, 1414
1015, 1415
227, 1416
1417, 2801
1140, 1418
338, 1419
1420, 2021
1421, 2596
515, 1423
142, 1424
1426, 2155
1427, 2151
1428, 1519
1430, 2382
1432, 1893
1433, 2608
1434, 2146
1439, 2029
1440, 2164
145, 1443
247, 1444
1445, 2737
712, 1446
248, 1447
131, 1448
1289, 1450
1451, 2365
1452, 1500
969, 1453
613, 1454
1455, 1652
1306, 1456
1458, 2769
1460, 1685
468, 1461
1462, 2547
1463, 2227
1464, 2635
1465, 2150
1466, 1962
1467, 2666
1468, 1849
161, 1469
1346, 1471
1472, 2886
1071, 1473
1474, 1613
1477, 2080
1478, 2572
1479, 2961
1480, 1679
1482, 1689
1483, 1657
1485, 2530
1486, 2958
53, 1487
1054, 1488
16, 1489
1490, 2611
1491, 2846
404, 1492
1493, 1943
1494, 2611
649, 1495
453, 1497
1499, 2031
1155, 1501
1502, 2079
1385, 1504
1299, 1505
1506, 2153
1507, 2797
606, 1508
1510, 1633
962, 1511
1512, 2771
1513, 2876
776, 1514
1516, 1938
1379, 1517
1518, 2754
1520, 2280
1522, 2978
1364, 1523
1524, 1812
1525, 1847
1526, 1877
1527, 2561
1528, 2843
1529, 2872
1308, 1531
1532, 1867
1533, 1989
1534, 2783
446, 1535
1351, 1536
1537, 2624
1409, 1539
1540, 1622
1541, 1940
929, 1542
1543, 2897
484, 1544
1545, 1630
1546, 2628
1547, 1900
1548, 2856
1549, 1980
1550, 2081
1551, 2192
1552, 2586
1553, 2287
797, 1555
1556, 1961
1558, 1607
1559, 2220
1560, 2075
1561, 2954
1562, 1841
1564, 2176
1565, 2288
1356, 1566
1569, 1956
1570, 2868
1571, 2584
1573, 1595
1575, 2194
1576, 2667
1577, 2554
1579, 2384
1580, 2903
1582, 2891
1585, 1794
1087, 1586
1587, 1849
185, 1588
1589, 2077
1590, 1992
1592, 2242
1347, 1594
923, 1596
1529, 1597
1598, 2960
20, 1600
1603, 2719
1604, 2799
314, 1605
1606, 1612
1609, 1774
1611, 2541
440, 1613
1189, 1614
929, 1615
1616, 1953
1617, 1825
1122, 1618
1619, 2327
1183, 1621
1623, 2587
1624, 2076
1625, 2365
1627, 2137
522, 1629
1631, 2378
1634, 2667
1635, 2715
1636, 1791
1637, 2234
1639, 2790
1640, 1921
1276, 1641
1643, 2936
1644, 2916
1645, 2201
1646, 2520
629, 1647
1181, 1648
1649, 2105
1650, 2068
1294, 1651
1653, 2355
1654, 1854
1660, 1797
1661, 1664
1662, 2377
1663, 2184
1665, 2467
473, 1666
1667, 2833
1668, 1847
612, 1669
1670, 2515
1671, 1875
810, 1672
793, 1673
161, 1674
1675, 2635
1676, 2378
1678, 2651
350, 1680
1681, 1704
920, 1682
348, 1683
1686, 2485
1687, 2729
550, 1688
1690, 2028
1691, 2203
1464, 1692
922, 1693
1433, 1694
706, 1695
1696, 1879
1697, 2856
1698, 2142
1699, 2519
1700, 2826
1701, 2175
1703, 2874
1705, 2869
1709, 2977
161, 1710
133, 1712
1417, 1713
1714, 2045
1715, 2323
1139, 1716
1414, 1723
1724, 2929
131, 1725
797, 1727
1732, 2997
1733, 2197
1686, 1734
1735, 2451
1736, 2078
1737, 2414
1739, 2845
1524, 1741
1744, 2048
644, 1745
1746, 2245
753, 1747
1750, 2147
606, 1751
1753, 2592
1754, 2581
1755, 2553
1756, 1808
151, 1757
1758, 2809
902, 1759
1760, 2203
1761, 2225
1762, 2958
901, 1763
1391, 1764
1412, 1765
1167, 1766
1767, 2374
1768, 2967
1769, 2336
1770, 2376
1317, 1772
157, 1773
1006, 1775
1776, 2336
1777, 1960
1778, 2540
395, 1779
1780, 2423
50, 1781
1782, 2267
1240, 1783
1598, 1784
907, 1785
1584, 1788
1790, 1978
1792, 2272
1795, 2091
441, 1798
1800, 2744
444, 1801
1803, 2777
1787, 1804
1805, 2994
1807, 1976
767, 1809
1247, 1810
288, 1811
1813, 2240
1682, 1814
1815, 1871
1818, 2638
1819, 2163
1820, 2302
1821, 2521
1824, 2935
1826, 2493
1827, 2709
1828, 1931
998, 1829
1831, 2790
1832, 2522
1834, 2149
744, 1837
1838, 2207
1839, 2074
1456, 1840
1841, 2609
1842, 2381
157, 1844
1845, 2139
1733, 1846
1847, 2538
1551, 1848
1850, 2409
1012, 1852
1348, 1853
1854, 2286
1856, 2021
1857, 2729
1861, 2087
592, 1862
1863, 2126
1864, 2830
1865, 2385
1866, 2755
1860, 1870
1872, 2612
594, 1873
222, 1874
1875, 2049
1876, 2437
1877, 2648
593, 1880
681, 1881
1657, 1885
1886, 2125
1002, 1887
1888, 2384
504, 1889
1349, 1890
1891, 2100
1897, 2446
1898, 2331
1070, 1899
1901, 2608
1521, 1902
1818, 1903
1904, 2914
1905, 2693
1906, 2994
24, 1907
477, 1908
1909, 2170
1910, 2108
1911, 2900
912, 1913
1914, 1981
1915, 2846
1916, 2721
1917, 2862
452, 1918
1919, 2659
1809, 1920
485, 1923
1924, 2878
18, 1925
1926, 2511
200, 1927
1928, 2467
1929, 2026
1933, 1986
180, 1934
1935, 2544
1936, 2820
481, 1937
499, 1938
0, 1939
1942, 2148
1461, 1944
1946, 2623
1948, 2119
1573, 1949
1235, 1950
45, 1951
1952, 2268
450, 1953
829, 1954
1884, 1957
1958, 2522
1959, 2300
1962, 2899
1964, 2559
422, 1966
1967, 2110
1020, 1968
246, 1969
1313, 1971
1972, 2814
1973, 2173
1975, 2237
1122, 1980
1983, 2769
1984, 2858
1985, 2214
1402, 1986
1987, 2289
804, 1988
1991, 2667
1993, 2090
360, 1994
952, 1995
22, 1996
1997, 2219
181, 1998
1999, 2305
2001, 2649
2002, 2951
2006, 2710
1077, 2008
1452, 2009
2010, 2676
1289, 2012
2013, 2557
1563, 2014
1052, 2015
497, 2017
125, 2019
215, 2020
2022, 2363
1709, 2023
2024, 2168
2025, 2033
2027, 2616
1231, 2028
2029, 2975
1098, 2030
2031, 2182
2032, 2772
2034, 2725
211, 2035
917, 2037
1022, 2038
2039, 2446
1353, 2040
2041, 2832
2042, 2727
2043, 2078
2044, 2239
1878, 2046
302, 2047
1999, 2048
711, 2050
1480, 2051
349, 2052
1732, 2053
1145, 2054
2055, 2905
797, 2056
181, 2057
1904, 2058
1720, 2060
1709, 2063
1977, 2065
2066, 2721
702, 2067
1854, 2068
2069, 2492
269, 2072
1387, 2073
2074, 2754
694, 2076
2081, 2478
2082, 2574
2030, 2084
2085, 2276
2088, 2098
2089, 2844
2092, 2122
2095, 2420
2096, 2698
2097, 2473
2099, 2659
963, 2100
2101, 2112
2102, 2260
712, 2103
1191, 2105
2107, 2531
488, 2108
89, 2109
2111, 2662
450, 2114
475, 2115
1572, 2117
1402, 2120
2121, 2704
2122, 2570
355, 2123
246, 2124
2125, 2138
2126, 2231
1521, 2127
2129, 2539
2130, 2173
2132, 2883
2134, 2221
531, 2135
1321, 2136
2137, 2911
2139, 2725
2140, 2345
2141, 2449
2142, 2739
1339, 2143
623, 2144
2146, 2288
1155, 2148
1591, 2150
2151, 2216
53, 2152
2153, 2729
2154, 2573
1911, 2156
1361, 2157
1473, 2159
2160, 2590
2161, 2928
810, 2162
2165, 2888
2166, 2791
2167, 2945
2055, 2169
2171, 2939
2172, 2389
2174, 2342
455, 2178
148, 2180
961, 2181
886, 2183
2185, 2782
1717, 2186
241, 2187
2188, 2355
1272, 2189
1909, 2190
148, 2191
522, 2199
182, 2200
1999, 2202
971, 2204
1111, 2207
248, 2208
677, 2209
2210, 2742
2211, 2373
1771, 2212
2213, 2967
2215, 2266
1404, 2217
622, 2218
2220, 2322
2221, 2262
1540, 2223
265, 2226
1656, 2227
1693, 2230
2231, 2520
343, 2232
2233, 2379
1991, 2235
1974, 2237
777, 2238
2240, 2567
2241, 2481
2243, 2762
2244, 2417
2246, 2249
721, 2247
1831, 2249
1185, 2250
1403, 2253
257, 2256
2027, 2257
2259, 2756
256, 2260
910, 2261
501, 2263
1929, 2264
2265, 2492
2266, 2877
2269, 2286
404, 2270
333, 2271
760, 2273
581, 2275
2278, 2633
944, 2279
876, 2280
2281, 2459
1846, 2282
2283, 2999
16, 2284
2285, 2917
992, 2290
1041, 2292
2293, 2624
1894, 2295
1948, 2296
2298, 2703
2299, 2679
1005, 2300
203, 2301
1637, 2303
1250, 2304
218, 2306
488, 2307
1097, 2308
1770, 2309
26, 2310
2311, 2986
912, 2313
97, 2314
247, 2317
28, 2320
112, 2321
1082, 2323
779, 2324
522, 2326
994, 2327
1851, 2330
2333, 2896
2334, 2558
210, 2335
1430, 2337
2338, 2963
2339, 2971
448, 2340
2194, 2341
2342, 2519
2343, 2980
2344, 2702
2345, 2694
77, 2346
1855, 2347
2287, 2348
1155, 2349
1983, 2350
2352, 2715
364, 2358
2360, 2723
1365, 2361
2362, 2797
2363, 2502
2367, 2837
1288, 2368
1611, 2370
2371, 2465
1376, 2372
2374, 2614
1513, 2375
2377, 2579
1554, 2380
1502, 2381
486, 2383
2386, 2550
416, 2387
2391, 2641
2392, 2636
1243, 2395
1068, 2396
1147, 2397
1384, 2398
2399, 2513
531, 2400
790, 2401
923, 2402
1822, 2403
2156, 2405
1105, 2406
1674, 2408
2413, 2775
2416, 2438
2418, 2712
1651, 2421
2003, 2422
234, 2425
118, 2427
2430, 2637
1900, 2431
2434, 2890
1956, 2435
2440, 2874
2442, 2837
145, 2444
663, 2447
1983, 2448
210, 2450
1214, 2451
983, 2452
261, 2453
2454, 2876
383, 2455
2457, 2910
1043, 2460
2461, 2494
50, 2462
1264, 2463
2464, 2970
2465, 2811
492, 2466
941, 2468
2470, 2768
70, 2471
1591, 2472
15, 2474
1105, 2475
86, 2476
954, 2477
648, 2478
1320, 2479
2482, 2749
2483, 2947
1096, 2485
269, 2486
2487, 2673
2185, 2488
1700, 2495
2423, 2496
1422, 2498
1176, 2499
291, 2500
2501, 2804
1900, 2503
2424, 2505
2127, 2506
2507, 2893
2508, 2893
260, 2509
2510, 2887
2511, 2967
1696, 2512
2233, 2516
641, 2518
959, 2523
2525, 2842
290, 2527
2528, 2942
2529, 2729
1762, 2530
1429, 2532
998, 2534
2535, 2861
0, 2536
1761, 2537
1974, 2543
1328, 2545
308, 2548
2549, 2905
2551, 2862
1225, 2552
2555, 2774
2469, 2556
1291, 2558
1808, 2561
776, 2562
2563, 2878
1531, 2564
1615, 2565
2233, 2566
1892, 2568
1609, 2569
658, 2571
2494, 2574
2120, 2575
2576, 2721
2578, 2930
2579, 2917
2580, 2742
2502, 2581
1208, 2585
760, 2588
802, 2591
179, 2594
1030, 2595
2399, 2598
2599, 2988
864, 2600
1396, 2601
2393, 2602
2604, 2786
1973, 2605
2291, 2606
2607, 2777
1885, 2610
119, 2615
835, 2617
1183, 2619
2416, 2620
2098, 2621
1638, 2624
377, 2626
2492, 2627
961, 2630
1854, 2636
742, 2641
2643, 2757
2635, 2644
1052, 2645
1461, 2646
914, 2650
1359, 2652
1147, 2653
340, 2654
2656, 2876
477, 2657
1833, 2658
2295, 2660
1356, 2661
1025, 2664
2315, 2668
1109, 2670
2056, 2671
2394, 2672
1166, 2674
2291, 2679
1317, 2680
1604, 2681
1645, 2682
1604, 2683
1041, 2684
2686, 2972
204, 2687
1928, 2688
248, 2690
2691, 2974
2137, 2695
1288, 2696
926, 2697
2013, 2698
2024, 2699
162, 2705
2071, 2707
1836, 2708
606, 2711
1991, 2713
2714, 2895
2717, 2826
743, 2718
1724, 2719
1875, 2720
2307, 2722
276, 2727
181, 2728
1235, 2731
2732, 2902
1631, 2733
2537, 2734
2735, 2814
331, 2736
2004, 2737
497, 2740
2628, 2741
2289, 2743
1449, 2745
2746, 2862
1996, 2747
2749, 2874
1171, 2750
2286, 2752
2755, 2881
2225, 2758
2735, 2759
2760, 2776
2761, 2797
2643, 2763
1223, 2764
1854, 2767
1569, 2770
1179, 2773
2778, 2864
636, 2780
2338, 2784
2360, 2785
2787, 2825
2788, 2833
787, 2792
2587, 2793
2794, 2838
2026, 2795
40, 2796
2800, 2823
824, 2802
2203, 2804
961, 2805
418, 2806
902, 2807
2020, 2808
1534, 2812
479, 2813
1975, 2815
2574, 2816
148, 2817
630, 2818
2344, 2821
741, 2822
2195, 2823
500, 2824
2203, 2827
2691, 2828
209, 2829
1601, 2830
835, 2831
1943, 2832
307, 2835
1021, 2836
544, 2837
287, 2841
2842, 2872
251, 2849
122, 2851
426, 2852
1832, 2853
2490, 2854
963, 2855
1236, 2857
2865, 2866
2403, 2867
2870, 2907
1326, 2873
1448, 2875
2876, 2878
2879, 2978
2305, 2880
1174, 2882
907, 2884
1240, 2885
2095, 2888
1128, 2889
159, 2890
2029, 2892
1430, 2900
767, 2901
2705, 2904
621, 2908
2128, 2909
2540, 2912
2753, 2913
1141, 2915
1831, 2916
423, 2918
2920, 2976
2716, 2922
992, 2923
730, 2924
1632, 2925
2146, 2926
2914, 2927
2833, 2931
2271, 2932
2635, 2933
2934, 2937
2935, 2941
2171, 2937
2051, 2938
848, 2942
1575, 2943
1116, 2944
987, 2946
986, 2948
1272, 2949
654, 2950
37, 2952
199, 2953
1534, 2955
2956, 2972
2060, 2957
1297, 2959
2964, 2967
2965, 2971
2404, 2966
917, 2968
796, 2969
2973, 2977
2021, 2977
2302, 2979
2127, 2981
821, 2982
1297, 2984
1617, 2985
2986, 2999
2394, 2990
1970, 2991
473, 2992
197, 2993
5, 2995
2163, 2996
149, 2998
1899, 2809
139, 590
819, 2465
4, 224
5, 973
449, 2776
7, 2542
185, 386
11, 2267
12, 641
1380, 2441
14, 2077
416, 2284
639, 1096
1503, 2544
1600, 2412
1495, 2993
1996, 2998
23, 2733
238, 1561
25, 1433
326, 2503
1601, 2864
737, 2467
2068, 2130
745, 2642
31, 1018
32, 1244
906, 2620
35, 2696
1504, 1566
1851, 2715
1378, 1982
955, 2103
298, 1672
44, 628
45, 819
1188, 1508
47, 2173
627, 2113
233, 1284
52, 2748
1017, 2542
1342, 2332
1615, 2236
1243, 2390
345, 1657
2753, 2774
61, 171
339, 2219
874, 2262
64, 930
52, 1323
282, 2809
1418, 2458
37, 73
74, 801
1032, 2027
1066, 2093
312, 933
79, 866
80, 1373
749, 1259
82, 2632
83, 2337
2186, 2645
474, 2228
270, 876
87, 1092
1672, 2277
90, 2089
618, 2582
890, 1478
1530, 2623
2319, 2914
1347, 2643
180, 2068
1697, 1726
107, 1084
1072, 2096
2025, 2446
2097, 2765
1236, 2751
1462, 2809
531, 1497
116, 610
2309, 2427
730, 2423
1882, 2693
2450, 2851
1749, 2255
1132, 1478
1572, 1892
1599, 2192
156, 1128
213, 2875
2298, 2590
597, 1131
988, 1349
711, 1504
138, 1825
139, 2105
92, 140
886, 1806
142, 1867
37, 2026
144, 1111
268, 964
146, 2481
1540, 1651
2180, 2865
1327, 2328
150, 2826
151, 660
154, 371
157, 2755
72, 1704
160, 2629
1045, 1425
1374, 1673
1083, 1598
1460, 2211
807, 2021
1678, 2631
1262, 2108
1299, 1464
477, 1786
174, 609
1002, 1395
1634, 1729
1448, 2504
178, 1879
179, 2300
181, 2561
184, 1212
186, 977
1340, 2167
582, 2799
2130, 2988
947, 2542
192, 881
1250, 1390
897, 1828
366, 995
2550, 2775
1247, 2342
199, 2984
201, 1849
202, 2449
399, 1024
573, 1317
379, 1856
207, 1293
1978, 2393
2034, 2829
212, 2580
215, 2164
420, 790
1159, 1209
273, 2692
1509, 2848
696, 2613
1298, 2315
445, 2871
878, 1788
341, 1378
1530, 2222
1889, 2464
290, 2627
459, 1436
762, 2514
240, 2313
1502, 2420
720, 2011
1867, 1901
247, 500
286, 1447
1363, 1962
1569, 2740
709, 1546
253, 2487
254, 2183
258, 290
331, 1391
2185, 2509
261, 2546
262, 1569
20, 266
267, 1860
321, 1167
53, 272
1268, 1782
1738, 2355
283, 2244
125, 708
316, 880
196, 348
288, 774
815, 2298
500, 2297
890, 2260
468, 2834
45, 803
849, 1563
610, 1862
2818, 2951
587, 1943
887, 1313
370, 936
309, 2643
1205, 2579
866, 2214
546, 1873
357, 2106
494, 814
1928, 2762
328, 2695
1246, 2205
332, 2877
2357, 2673
1080, 1701
336, 1259
1941, 2083
338, 1379
1652, 2917
1129, 2814
1573, 2195
2052, 2154
2524, 2954
269, 351
1721, 2535
1173, 1204
921, 1682
356, 730
2480, 2579
544, 2441
1175, 1562
362, 1960
196, 364
1291, 1578
1411, 1511
409, 2016
276, 2749
754, 2443
377, 2197
1034, 1682
183, 382
385, 2666
2379, 2786
2333, 2685
390, 695
1382, 2062
331, 2410
579, 2101
397, 2441
774, 2870
957, 2348
656, 2585
199, 2270
408, 2151
879, 1307
521, 2426
1459, 1829
679, 1855
291, 1124
430, 767
97, 431
1039, 1872
433, 2720
1896, 2165
2748, 2754
1320, 2092
833, 1598
144, 959
162, 454
1883, 2486
457, 1370
458, 1743
662, 675
797, 2237
629, 1186
1235, 2277
1964, 2256
1353, 2746
477, 2540
2045, 2668
2190, 2471
480, 2558
734, 2667
489, 2567
963, 2354
1568, 1893
1103, 2983
173, 1148
2042, 2906
2415, 2511
2155, 2726
1111, 1831
606, 651
1023, 2095
1144, 1718
697, 907
340, 1397
817, 2556
521, 1839
237, 1107
1097, 1192
1001, 1096
1150, 2593
536, 2467
542, 1931
545, 744
625, 2833
1165, 2775
2000, 2095
557, 2846
2083, 2647
988, 2686
561, 2395
563, 2622
1565, 2872
566, 1602
581, 1307
569, 2004
922, 2398
571, 1371
572, 846
2384, 2614
794, 2898
1765, 2959
514, 579
584, 2753
1991, 2548
2086, 2175
344, 787
594, 1258
1720, 2459
895, 1060
1689, 2376
1119, 1260
1177, 1450
1656, 2649
101, 605
611, 2933
1362, 1967
618, 2855
1902, 2196
912, 2201
623, 1595
1122, 1410
1483, 2541
1941, 2369
851, 1348
2433, 2754
1979, 2694
949, 2636
790, 1449
1166, 1181
662, 1824
663, 789
272, 2007
2363, 2868
1246, 2859
1538, 1640
312, 2460
2721, 2779
695, 2597
1523, 2402
739, 1686
2013, 2258
1626, 2774
96, 1945
946, 1435
714, 1841
2667, 2842
531, 717
718, 2876
1711, 2640
615, 1089
603, 2193
239, 1990
732, 1093
1524, 2059
1591, 2316
1523, 1575
309, 1182
830, 2077
1607, 2771
487, 1604
876, 1495
1828, 2847
2285, 2403
759, 780
2201, 2649
796, 1029
65, 1118
1703, 2860
812, 1694
79, 888
1836, 2389
1620, 1899
1919, 2242
1919, 2004
927, 1513
378, 2807
918, 1869
2325, 2649
1171, 1536
892, 2393
1438, 2148
845, 1073
2093, 2730
866, 1473
1278, 2586
2328, 2947
7, 2356
399, 870
1470, 2215
1255, 2351
875, 2667
731, 1906
1755, 2961
243, 903
1496, 1816
2384, 2539
910, 2449
775, 913
613, 1837
1615, 2939
637, 1441
939, 2149
158, 943
2510, 2537
1894, 2359
368, 2756
1067, 2104
1442, 1807
937, 1609
1491, 2401
1157, 2946
305, 2689
2847, 2923
1719, 2483
357, 1007
1009, 1744
744, 2088
1016, 1224
1557, 1924
1025, 2615
1031, 2176
398, 1886
1731, 2888
1040, 2704
493, 1912
519, 2071
1954, 2990
447, 2940
679, 1939
742, 2716
1600, 1793
2248, 2432
538, 2411
538, 1233
644, 1241
1228, 2490
1133, 2927
471, 2312
1343, 2970
1585, 2667
1150, 2825
630, 1151
1160, 2202
1172, 2578
2422, 2483
1429, 2537
446, 1687
509, 1200
1206, 1841
1104, 1207
953, 2511
2097, 2669
282, 1733
803, 2218
2315, 2560
1061, 1226
1750, 1960
1189, 2713
1271, 2034
1272, 2133
1155, 1818
1277, 2614
812, 1280
1679, 2307
1315, 1961
792, 2353
173, 1932
860, 1554
188, 2018
541, 1336
803, 1948
1350, 2855
1355, 1883
1464, 2105
1425, 2652
1196, 2343
802, 1366
1190, 1400
1404, 1575
2091, 2701
398, 642
806, 2075
963, 1413
1417, 2188
2412, 2596
485, 1451
1472, 2429
410, 1477
1486, 2923
1517, 2611
41, 2031
1510, 1728
714, 2053
876, 1626
2854, 2978
1525, 2528
419, 1877
1528, 1608
838, 1989
1534, 2228
215, 1546
2322, 2344
2554, 2858
2782, 2903
2535, 2891
1598, 2459
1383, 1724
1504, 2114
1782, 2122
1908, 2587
694, 1777
493, 1631
1636, 1811
1849, 2234
2670, 2936
1547, 1660
904, 2184
131, 2512
2146, 2869
1390, 2078
1739, 2466
956, 1999
184, 1746
2409, 2592
1792, 2696
2513, 2744
2654, 2777
2328, 2567
566, 1871
465, 2302
657, 2521
1508, 1834
847, 2126
1128, 2385
185, 2881
844, 1898
1532, 1914
918, 2820
1952, 2298
1972, 2329
576, 2858
1993, 2013
1613, 2710
2024, 2154
2572, 2616
907, 2549
386, 2461
305, 2097
2111, 2759
2171, 2590
2791, 2892
2399, 2519
1379, 2373
2554, 2986
2499, 2965
2247, 2416
8, 2712
290, 2637
1550, 1691
2318, 2507
1362, 2691
79, 2838
81, 2920
1876, 2278
5, 759
699, 2963
979, 2081
1176, 2830
358, 1503
2172, 2328
174, 835
2357, 2954
1109, 2431
706, 1928
588, 1854
2563, 2739
32, 2892
2854, 2868
1533, 2715
955, 1250
192, 866
521, 1666
515, 2939
274, 1142
2033, 2493
1264, 2237
290, 2314
2237, 2455
1772, 2586
386, 2484
90, 2001
963, 1183
234, 424
1420, 2914
1015, 2612
1697, 2567
1606, 2110
93, 730
121, 2881
1574, 1922
58, 1931
1551, 1567
1885, 2212
2316, 2534
886, 2150
1500, 1613
991, 2591
1587, 1651
1727, 2679
1700, 2315
386, 2107
45, 2911
160, 1348
404, 2631
477, 1192
1186, 1887
499, 1879
1339, 1340
1578, 2487
348, 2977
1351, 2513
399, 1186
77, 531
2210, 2518
2684, 2819
1337, 1789
1193, 2225
1753, 2871
1378, 1420
1532, 2049
1932, 2208
2017, 2633
459, 2001
110, 1632
590, 2962
368, 1011
629, 2086
774, 1868
1992, 2034
370, 1991
982, 1908
673, 1652
822, 2295
1820, 2329
415, 2935
887, 2861
501, 863
37, 385
981, 2786
985, 2873
2256, 2348
2520, 2655
1398, 2919
1617, 1751
276, 2267
965, 2519
1733, 2289
1246, 1568
890, 2155
1718, 2540
1005, 1785
520, 830
1314, 2781
1731, 2066
2185, 2706
1383, 2846
700, 925
572, 1761
2539, 2557
564, 2164
1665, 1918
587, 2459
2110, 2160
486, 655
847, 1158
1524, 1893
1512, 2576
2751, 2799
1054, 1193
1440, 2254
2266, 2458
1682, 2583
908, 2578
1064, 1300
1795, 2166
18, 2899
1978, 2389
1356, 2561
1410, 1968
2702, 2942
93, 1155
1982, 2641
1651, 1931
2298, 2478
538, 2947
791, 2317
1597, 2294
93, 586
1645, 2774
1484, 2502
1842, 1858
188, 379
1605, 1931
803, 1189
1348, 1390
1096, 2105
170, 1647
857, 1974
979, 1321
76, 1960
745, 964
1960, 2195
383, 825
1289, 2029
550, 2998
2001, 2680
185, 920
992, 2638
1910, 2025
77, 2471
