2.261671
0, 306
1, 99
2, 376
3, 348
2, 4
5, 486
6, 50
7, 157
8, 441
9, 135
10, 411
11, 269
12, 373
13, 328
14, 289
2, 15
16, 134
17, 217
18, 177
19, 357
20, 427
21, 91
22, 57
23, 129
24, 472
25, 174
26, 129
27, 102
28, 64
29, 410
30, 311
31, 393
32, 142
33, 189
34, 334
35, 36
37, 149
38, 212
39, 188
40, 396
41, 490
42, 444
43, 145
44, 105
45, 496
46, 272
47, 387
48, 380
49, 146
50, 291
51, 410
52, 141
53, 407
54, 182
55, 211
36, 56
58, 251
1, 59
60, 408
61, 313
25, 62
63, 276
64, 132
65, 371
66, 158
67, 498
33, 68
44, 69
70, 389
12, 71
72, 286
73, 418
74, 482
75, 443
76, 282
77, 238
78, 396
79, 201
80, 286
81, 172
82, 214
83, 194
84, 451
85, 337
86, 104
87, 171
88, 336
89, 253
74, 90
92, 413
93, 344
94, 101
95, 372
96, 407
97, 202
98, 188
100, 155
99, 102
101, 103
104, 445
105, 192
106, 294
107, 129
66, 108
109, 404
74, 110
111, 426
112, 397
113, 198
114, 188
115, 172
116, 288
117, 251
118, 401
119, 422
49, 120
84, 121
122, 123
83, 123
124, 249
125, 269
126, 191
127, 222
128, 433
129, 228
130, 411
24, 131
133, 365
135, 255
136, 294
137, 238
80, 138
139, 334
140, 348
49, 143
144, 164
145, 447
147, 250
148, 418
133, 149
143, 150
151, 457
152, 498
153, 173
154, 324
156, 420
158, 425
159, 167
160, 459
161, 355
162, 291
163, 202
163, 164
165, 170
166, 415
168, 183
169, 446
170, 469
171, 315
172, 229
173, 493
175, 486
176, 326
178, 437
148, 179
180, 352
181, 497
182, 225
103, 184
185, 269
186, 304
187, 239
190, 388
191, 332
193, 381
195, 315
72, 196
197, 433
198, 387
149, 199
200, 238
68, 201
203, 301
204, 224
205, 373
140, 206
207, 368
12, 208
209, 406
8, 210
211, 424
213, 357
215, 473
216, 243
217, 457
218, 246
5, 219
220, 384
189, 221
222, 306
219, 223
226, 352
23, 227
229, 360
230, 426
7, 231
19, 232
116, 233
234, 290
235, 325
236, 383
177, 237
240, 424
241, 454
149, 242
111, 244
166, 245
246, 380
238, 247
13, 248
203, 250
252, 357
253, 413
254, 264
48, 256
157, 257
64, 258
259, 312
260, 403
261, 443
262, 276
263, 346
26, 265
266, 353
267, 313
268, 487
269, 472
52, 270
271, 494
273, 282
274, 382
188, 275
232, 276
277, 479
278, 379
279, 409
280, 293
281, 332
282, 468
283, 358
155, 284
285, 474
287, 324
291, 316
292, 321
295, 297
296, 339
46, 298
9, 299
186, 300
302, 403
303, 494
304, 398
99, 305
12, 307
64, 308
213, 309
18, 310
47, 314
317, 396
290, 318
46, 319
320, 473
198, 322
323, 332
326, 399
65, 327
329, 483
117, 330
331, 340
333, 477
335, 448
338, 363
99, 339
29, 341
342, 405
343, 384
127, 345
347, 432
287, 349
350, 358
31, 351
279, 354
355, 357
82, 356
359, 401
289, 361
77, 362
363, 381
364, 476
32, 366
45, 367
368, 484
325, 369
313, 370
2, 371
4, 374
298, 375
313, 377
290, 378
109, 381
149, 383
321, 384
376, 385
386, 492
281, 388
389, 423
390, 485
317, 391
392, 465
133, 394
395, 485
400, 467
100, 402
249, 405
123, 406
408, 426
411, 433
24, 412
364, 413
170, 414
416, 481
134, 417
346, 418
343, 419
70, 420
421, 466
422, 453
428, 440
387, 429
430, 495
336, 431
208, 432
386, 434
8, 435
2, 436
77, 438
428, 439
84, 442
446, 485
20, 448
122, 449
32, 450
94, 452
454, 480
121, 455
456, 483
109, 458
402, 460
461, 496
344, 462
457, 463
361, 464
94, 467
353, 468
309, 470
231, 471
202, 475
272, 477
466, 478
29, 488
2, 489
353, 490
348, 491
423, 493
355, 494
427, 497
492, 499
3, 220
203, 219
50, 197
83, 157
398, 441
135, 486
458, 472
248, 454
143, 289
81, 134
332, 457
310, 452
21, 48
22, 65
129, 301
15, 174
102, 408
64, 396
51, 301
30, 485
31, 210
32, 56
34, 191
36, 401
194, 365
208, 212
95, 98
42, 396
43, 77
105, 390
16, 45
146, 487
52, 303
53, 311
225, 294
211, 301
58, 112
77, 370
353, 494
66, 267
152, 466
139, 286
346, 358
74, 487
75, 316
68, 445
82, 288
38, 84
85, 350
195, 411
118, 336
146, 364
344, 389
155, 380
294, 365
340, 387
9, 453
2, 222
22, 475
246, 349
48, 159
210, 459
170, 372
76, 166
19, 183
326, 350
50, 437
352, 454
180, 187
204, 445
40, 207
320, 441
12, 243
137, 290
38, 235
91, 254
312, 479
68, 302
382, 471
278, 467
282, 409
211, 280
50, 285
207, 297
222, 329
99, 272
57, 427
49, 249
248, 492
353, 465
103, 290
319, 416
222, 428
165, 495
186, 365
263, 291
125, 313
352, 485
45, 77
139, 303
1, 225
102, 317
105, 118
16, 95
117, 431
200, 470
67, 423
33, 339
214, 423
44, 268
0, 198
103, 175
153, 468
34, 100
11, 348
277, 328
373, 400
27, 263
108, 133
217, 289
7, 489
