22.798001
0, 44
1, 909
2, 933
3, 381
4, 291
5, 391
6, 639
7, 870
8, 147
9, 194
10, 160
11, 696
12, 739
13, 403
14, 541
15, 304
16, 748
17, 704
18, 586
19, 254
20, 549
1, 21
22, 863
23, 687
24, 449
25, 435
26, 299
27, 594
28, 921
29, 78
30, 416
31, 881
32, 762
33, 109
34, 167
35, 683
36, 179
37, 757
38, 980
39, 508
40, 999
41, 243
42, 440
43, 172
44, 966
45, 661
46, 330
47, 774
48, 836
49, 225
50, 856
51, 770
52, 74
53, 225
54, 844
55, 343
56, 979
57, 862
58, 417
59, 800
60, 682
61, 361
62, 490
63, 261
64, 539
65, 903
66, 891
67, 319
68, 536
69, 903
70, 346
71, 498
72, 973
73, 501
74, 630
75, 795
76, 919
77, 398
79, 622
80, 535
81, 440
82, 214
83, 266
84, 705
85, 433
86, 898
87, 578
88, 789
89, 470
11, 90
91, 707
92, 901
93, 170
94, 513
95, 656
96, 712
97, 558
98, 954
99, 714
100, 987
45, 101
102, 400
103, 398
104, 175
105, 301
106, 249
107, 997
108, 577
110, 186
111, 869
112, 144
113, 728
114, 903
115, 736
116, 520
39, 117
53, 118
119, 472
120, 523
121, 584
122, 911
123, 359
124, 468
125, 662
126, 293
127, 490
128, 429
129, 914
130, 962
131, 929
132, 146
133, 197
134, 365
135, 231
136, 616
48, 137
138, 550
139, 290
140, 572
141, 424
142, 509
143, 490
144, 403
145, 887
146, 671
147, 231
148, 410
149, 870
150, 374
151, 476
152, 453
153, 995
154, 222
155, 916
143, 156
157, 417
158, 354
159, 979
160, 499
161, 997
162, 771
163, 454
164, 264
165, 277
166, 717
168, 719
169, 592
79, 171
172, 671
173, 764
174, 263
175, 998
176, 284
177, 449
178, 233
180, 663
180, 181
158, 182
183, 311
184, 480
185, 310
187, 611
188, 819
189, 306
190, 362
191, 988
192, 399
193, 696
17, 195
196, 337
197, 612
198, 930
199, 578
200, 352
201, 391
202, 596
203, 848
204, 551
205, 302
206, 802
207, 755
208, 516
209, 539
210, 316
211, 958
212, 456
213, 710
215, 992
216, 766
217, 339
65, 218
219, 237
220, 317
221, 303
223, 742
224, 846
39, 225
226, 331
227, 915
228, 665
229, 398
230, 930
232, 629
150, 233
234, 953
235, 596
236, 929
237, 812
238, 713
153, 239
240, 563
169, 241
242, 759
105, 244
245, 619
246, 334
247, 417
248, 634
250, 313
251, 406
252, 550
70, 253
255, 798
256, 993
257, 514
19, 258
259, 357
260, 471
262, 451
263, 677
265, 718
267, 500
268, 426
213, 269
270, 828
271, 565
272, 896
273, 786
274, 306
275, 391
276, 651
277, 895
221, 278
279, 613
20, 280
281, 904
282, 291
283, 762
190, 284
285, 568
286, 813
287, 802
288, 439
289, 579
290, 369
292, 929
293, 468
294, 947
80, 295
296, 416
204, 297
115, 298
300, 484
301, 798
302, 795
305, 596
306, 950
307, 504
308, 535
309, 947
310, 628
312, 518
313, 423
314, 899
315, 687
316, 349
318, 495
319, 559
320, 626
321, 834
322, 828
323, 752
324, 373
285, 325
286, 326
327, 835
328, 802
329, 763
331, 567
332, 834
333, 695
335, 339
336, 791
338, 936
340, 805
341, 423
73, 342
343, 511
344, 921
345, 509
346, 851
347, 846
204, 348
350, 733
351, 586
353, 628
281, 354
355, 866
356, 803
358, 732
359, 419
79, 360
362, 887
363, 939
53, 364
321, 365
366, 760
367, 479
368, 461
369, 400
79, 370
371, 884
372, 671
201, 375
376, 680
377, 972
378, 591
379, 845
380, 664
381, 462
109, 382
383, 423
337, 384
385, 741
386, 452
387, 555
164, 388
118, 389
390, 815
392, 746
393, 777
394, 507
395, 950
396, 542
397, 832
401, 815
402, 991
202, 403
404, 701
405, 934
226, 406
407, 431
24, 408
409, 714
410, 793
411, 722
412, 729
413, 875
414, 522
415, 997
418, 913
212, 420
421, 610
422, 874
425, 909
232, 427
428, 497
430, 543
431, 954
85, 432
434, 832
436, 862
196, 437
31, 438
441, 698
442, 989
443, 495
444, 449
445, 628
446, 838
447, 659
387, 448
450, 682
453, 818
455, 912
456, 570
457, 832
56, 458
459, 971
94, 460
462, 935
362, 463
464, 686
155, 465
466, 552
467, 886
469, 825
393, 472
473, 658
169, 474
161, 475
476, 685
162, 477
478, 832
322, 481
445, 482
192, 483
485, 751
486, 976
169, 487
488, 566
83, 489
491, 582
72, 492
493, 854
494, 919
257, 495
496, 782
499, 987
215, 500
501, 548
502, 532
194, 503
505, 813
18, 506
510, 651
42, 511
512, 980
515, 829
69, 516
291, 517
469, 519
520, 908
41, 521
152, 523
524, 899
525, 997
501, 526
527, 551
528, 903
529, 638
530, 742
254, 531
533, 870
264, 534
537, 792
500, 538
540, 867
544, 829
160, 545
546, 561
547, 907
553, 624
554, 570
556, 648
0, 557
559, 651
498, 560
562, 656
563, 700
315, 564
29, 566
80, 567
569, 933
571, 881
449, 572
243, 573
261, 574
575, 802
576, 664
579, 975
580, 826
581, 789
583, 963
584, 671
237, 585
587, 735
567, 588
589, 601
113, 590
593, 641
595, 753
458, 597
598, 793
599, 936
600, 661
601, 656
602, 642
603, 611
604, 841
541, 605
247, 606
31, 607
378, 608
609, 639
138, 611
606, 614
615, 680
206, 617
618, 633
423, 620
451, 621
133, 623
154, 624
625, 657
627, 999
493, 631
632, 698
634, 669
635, 851
39, 636
637, 711
638, 789
173, 640
641, 904
411, 642
198, 643
358, 644
487, 645
398, 646
647, 985
206, 648
649, 810
524, 650
400, 652
653, 763
654, 886
655, 729
271, 658
660, 726
663, 846
664, 844
445, 665
666, 701
667, 953
212, 668
117, 670
177, 672
673, 734
674, 754
21, 675
361, 676
678, 858
679, 805
51, 680
681, 849
683, 820
232, 684
686, 693
409, 688
590, 689
690, 998
505, 691
292, 692
245, 693
481, 694
401, 695
697, 731
435, 699
374, 702
450, 703
509, 706
708, 750
81, 709
495, 712
649, 715
716, 920
718, 979
362, 720
423, 721
722, 735
723, 924
17, 724
725, 991
330, 727
460, 730
733, 907
540, 734
737, 893
738, 881
440, 740
596, 741
225, 743
662, 744
745, 957
212, 747
749, 863
491, 753
755, 931
140, 756
303, 758
521, 761
728, 762
508, 763
9, 765
353, 766
767, 911
618, 768
539, 769
772, 846
773, 774
775, 974
582, 776
210, 778
323, 779
780, 843
266, 781
782, 829
783, 866
249, 784
4, 785
777, 786
715, 787
788, 809
516, 790
452, 794
687, 796
91, 797
798, 858
196, 799
800, 810
801, 934
802, 809
804, 994
806, 964
807, 853
739, 808
85, 811
196, 812
814, 827
816, 832
671, 817
366, 821
822, 874
823, 996
737, 824
827, 963
830, 952
831, 890
71, 833
835, 903
128, 837
494, 839
452, 840
110, 842
445, 845
847, 984
558, 850
301, 852
39, 855
856, 936
857, 925
859, 968
860, 891
429, 861
381, 864
74, 865
867, 974
423, 868
471, 869
871, 975
872, 901
660, 873
875, 886
172, 876
74, 877
697, 878
879, 955
880, 915
575, 882
146, 883
808, 885
539, 888
719, 889
739, 890
733, 892
405, 894
895, 959
152, 897
513, 899
393, 900
445, 902
904, 952
247, 905
513, 906
910, 948
847, 912
893, 913
131, 917
509, 918
920, 990
595, 922
434, 923
122, 926
544, 927
152, 928
213, 932
268, 937
714, 938
786, 940
472, 941
564, 942
935, 943
633, 944
892, 945
215, 946
805, 949
468, 950
951, 957
953, 972
235, 956
434, 958
97, 960
649, 961
965, 978
276, 967
289, 968
732, 969
11, 970
726, 971
299, 972
536, 977
548, 980
769, 981
536, 982
659, 983
947, 986
619, 994
815, 995
393, 966
1, 33
734, 933
137, 943
282, 994
5, 658
6, 729
149, 783
231, 737
194, 496
154, 160
13, 193
48, 541
15, 41
736, 748
195, 564
351, 441
352, 531
223, 549
22, 273
687, 792
25, 51
27, 600
400, 921
30, 832
738, 812
590, 847
167, 966
648, 820
165, 179
757, 809
363, 501
157, 627
301, 521
671, 789
46, 843
661, 774
39, 735
515, 936
291, 630
55, 469
57, 388
247, 530
810, 947
625, 682
61, 496
62, 443
63, 965
769, 802
407, 860
559, 677
68, 707
635, 803
386, 498
72, 260
705, 919
136, 398
454, 622
82, 313
83, 122
85, 136
880, 898
578, 906
89, 302
91, 929
827, 901
93, 715
558, 805
409, 631
501, 690
429, 678
249, 282
718, 997
108, 993
186, 233
43, 111
13, 803
13, 908
453, 594
192, 911
27, 359
532, 662
395, 723
426, 429
269, 914
304, 962
133, 715
780, 834
449, 499
65, 141
157, 918
410, 664
218, 685
465, 913
176, 904
590, 771
264, 285
189, 717
472, 719
169, 932
173, 223
284, 302
150, 398
561, 663
311, 901
184, 939
426, 550
188, 453
191, 538
13, 192
271, 930
200, 863
631, 848
204, 966
207, 329
591, 903
210, 719
793, 816
570, 834
213, 739
217, 500
68, 812
220, 641
125, 221
185, 707
629, 639
51, 972
238, 659
700, 732
759, 839
269, 334
322, 634
313, 491
308, 581
256, 625
259, 931
288, 451
536, 946
257, 896
561, 613
285, 637
505, 687
439, 815
355, 986
422, 484
307, 520
252, 518
34, 94
257, 405
160, 320
752, 789
373, 876
336, 939
647, 892
366, 798
367, 689
368, 610
371, 733
19, 448
392, 938
507, 696
396, 662
44, 402
243, 701
168, 407
45, 655
79, 886
414, 520
737, 782
244, 874
384, 428
543, 868
442, 690
56, 446
440, 659
273, 971
486, 619
78, 466
271, 423
578, 751
29, 496
277, 580
589, 734
261, 604
118, 633
10, 754
564, 681
249, 731
750, 994
22, 990
745, 904
929, 964
807, 890
34, 996
868, 890
288, 857
289, 965
195, 955
1, 910
1, 433
605, 946
315, 829
222, 742
426, 575
16, 458
87, 632
777, 907
689, 793
254, 277
172, 548
106, 530
152, 638
202, 411
213, 285
491, 866
677, 913
288, 452
84, 985
136, 227
340, 543
631, 835
185, 657
429, 532
395, 813
292, 843
360, 400
302, 639
347, 538
45, 516
148, 225
445, 664
25, 405
358, 440
345, 669
882, 997
405, 539
610, 739
163, 537
526, 933
440, 814
59, 579
496, 710
106, 491
514, 986
513, 611
215, 648
328, 584
100, 150
825, 966
386, 396
