24.367278
0, 659
1, 4195
2, 3442
3, 2619
4, 3256
5, 3870
6, 4854
7, 2260
8, 2127
9, 4675
10, 862
11, 203
12, 4309
13, 132
14, 4293
15, 665
16, 2359
17, 2066
18, 927
19, 933
20, 2250
21, 2750
22, 4254
23, 1322
24, 4129
25, 602
26, 3343
27, 176
28, 4627
29, 4109
30, 3766
31, 4467
32, 914
33, 2321
34, 2162
35, 358
36, 4786
37, 4309
38, 996
39, 1981
40, 2046
41, 2614
42, 2877
43, 3875
44, 3551
45, 3683
46, 3547
47, 2873
48, 379
49, 1186
50, 3777
51, 3488
52, 70
53, 3492
54, 3313
55, 3465
56, 4070
57, 3280
58, 3298
59, 667
60, 4205
61, 4426
62, 1316
63, 1694
64, 4541
65, 2913
66, 2670
67, 3092
68, 700
69, 476
70, 345
71, 4232
72, 2995
73, 4479
74, 2999
75, 3872
76, 2647
77, 2100
78, 1814
79, 4272
80, 3918
81, 2220
82, 3407
83, 1991
84, 2707
85, 2720
86, 840
87, 2799
88, 4945
89, 1998
90, 2115
91, 3886
92, 4948
93, 4102
94, 1484
95, 1302
96, 1535
97, 488
98, 4415
99, 3078
100, 2307
101, 274
102, 4485
103, 231
104, 3830
105, 2453
106, 2751
107, 3013
108, 1188
109, 347
110, 4727
111, 1615
112, 2480
113, 1274
114, 3340
115, 898
116, 2125
117, 528
118, 2927
119, 3485
120, 1249
121, 379
122, 253
123, 2973
124, 430
125, 1687
126, 2639
127, 3920
128, 3865
129, 4960
130, 1801
131, 4381
132, 1371
133, 1033
134, 1246
135, 212
136, 1086
137, 1699
138, 4583
139, 3306
140, 1805
141, 4641
142, 2882
143, 3393
144, 3721
145, 2584
146, 2445
147, 4315
148, 2613
149, 1358
150, 2131
151, 594
152, 2799
153, 1460
154, 2281
155, 1292
156, 3177
157, 4573
158, 4862
159, 3560
160, 4341
161, 4781
162, 2456
163, 4168
164, 2795
165, 4736
166, 1595
167, 2086
168, 1168
169, 2936
170, 2801
171, 2959
172, 4025
173, 3165
174, 883
175, 2196
177, 3804
178, 2490
179, 748
180, 431
181, 3153
182, 2207
183, 1123
184, 3141
185, 3876
186, 3087
187, 3233
188, 3139
189, 252
190, 2410
191, 2342
192, 1261
193, 587
194, 4259
195, 2671
196, 3673
197, 220
198, 2949
199, 2202
200, 2223
201, 1657
202, 1682
204, 1242
205, 4237
206, 1224
207, 1350
208, 4344
209, 3875
210, 4829
211, 986
212, 1369
213, 3528
214, 1239
215, 1381
216, 4344
217, 804
218, 2891
219, 4151
221, 718
222, 3978
223, 527
224, 2207
225, 2089
226, 2369
227, 2973
228, 3677
229, 2401
230, 3903
232, 1569
233, 1153
234, 1447
235, 2622
236, 2684
237, 3836
238, 264
239, 3997
240, 4100
241, 3656
242, 1838
243, 2393
244, 1526
245, 4437
246, 3243
247, 837
248, 2041
249, 3011
250, 3806
251, 3176
252, 4810
254, 2357
255, 2632
256, 3281
257, 719
258, 571
259, 3946
260, 4874
261, 4769
262, 3393
263, 4437
264, 1914
265, 3764
266, 4870
129, 267
268, 3541
269, 2687
270, 1386
271, 3928
272, 2488
273, 3983
274, 1715
275, 361
276, 2249
277, 3721
278, 2358
279, 3483
280, 3712
281, 4472
282, 368
283, 3245
284, 1921
285, 4807
286, 2336
287, 2766
288, 4071
289, 3728
290, 4440
291, 805
292, 2107
293, 4191
294, 2872
295, 2403
296, 2708
297, 1504
298, 3798
299, 2811
300, 2115
301, 895
302, 3983
303, 742
304, 1311
305, 2483
306, 756
307, 2180
308, 3161
309, 2090
310, 3641
311, 4006
312, 1199
265, 313
218, 314
315, 2498
316, 3881
317, 659
318, 4316
319, 3734
320, 4158
321, 1713
322, 4332
323, 4550
324, 2172
325, 528
326, 1677
327, 2084
171, 328
135, 329
330, 1773
331, 3615
332, 613
333, 3174
334, 1647
335, 1100
336, 1514
337, 4876
338, 1401
339, 3785
340, 4732
341, 1071
342, 4514
343, 397
344, 1335
346, 1579
347, 2073
348, 3949
349, 3744
350, 3867
351, 498
352, 3717
353, 3029
270, 354
355, 3390
356, 3016
357, 4636
358, 3985
359, 468
360, 4293
362, 4309
363, 2146
364, 562
365, 682
366, 2511
367, 546
368, 4628
369, 4189
370, 3916
371, 2849
372, 4730
373, 4824
374, 4189
375, 586
376, 1479
377, 2906
378, 2613
379, 836
380, 1551
381, 3663
382, 1768
383, 4451
384, 4747
385, 3740
386, 3146
387, 2817
388, 4939
389, 4397
390, 4667
391, 2315
392, 552
393, 3835
394, 3712
395, 2765
396, 2397
103, 398
399, 1166
400, 2920
401, 752
402, 3308
403, 4820
404, 3200
405, 4854
406, 3486
407, 2973
408, 2491
409, 1407
410, 4207
411, 1854
412, 4664
413, 1158
414, 4966
415, 3295
416, 1778
417, 1120
418, 3997
419, 4184
420, 1126
421, 2047
422, 2836
423, 3709
424, 4053
425, 4717
426, 4656
427, 1602
135, 428
429, 2421
432, 3291
433, 3717
434, 519
435, 4907
436, 2436
437, 3715
438, 2353
439, 1929
440, 4173
441, 4461
442, 4334
443, 4858
444, 3633
445, 2945
446, 1566
447, 1977
448, 4258
449, 1311
450, 4114
451, 1028
452, 3394
453, 4473
454, 2611
455, 3278
456, 469
457, 2751
458, 1271
459, 4721
460, 724
174, 461
462, 3655
463, 948
464, 2378
465, 4063
466, 1748
454, 467
468, 1777
469, 1045
470, 1447
471, 2981
472, 1991
473, 4843
474, 656
475, 3147
477, 1381
478, 829
479, 3507
480, 1490
481, 3852
482, 1932
483, 2913
484, 1744
485, 1427
486, 843
487, 4820
488, 998
489, 3331
490, 1293
491, 1119
492, 1073
493, 4214
364, 494
495, 1827
496, 4106
497, 2029
498, 2020
499, 612
500, 1535
501, 4110
502, 1827
503, 2846
504, 4063
505, 3131
506, 3193
507, 2557
508, 1934
509, 942
510, 3229
511, 2081
512, 4789
513, 1146
514, 2319
515, 3784
516, 2934
517, 4055
518, 2271
520, 4855
521, 1122
522, 3697
523, 2066
524, 4643
525, 4766
526, 1189
527, 4496
529, 4637
530, 1524
531, 571
532, 1424
203, 533
534, 3014
535, 2928
536, 2304
537, 2909
538, 2124
539, 1812
540, 4666
541, 4403
542, 2176
543, 3677
544, 2704
545, 2430
547, 2875
548, 2398
549, 2213
550, 2612
551, 1988
552, 1729
553, 2342
554, 3243
555, 1112
556, 1176
557, 1070
208, 558
559, 2847
560, 1588
561, 3595
563, 3057
564, 4493
565, 2730
566, 1772
567, 3420
568, 865
569, 2878
570, 2726
572, 1157
573, 2014
574, 639
575, 1737
576, 737
577, 4210
578, 726
579, 4914
580, 4931
581, 3052
146, 582
583, 3467
584, 3461
585, 2113
586, 3499
588, 2175
589, 4260
590, 4443
591, 1119
592, 2650
593, 4913
594, 4260
595, 3965
596, 2265
597, 4296
598, 2956
599, 2886
600, 4015
601, 2679
602, 3812
603, 1302
604, 1792
605, 1368
606, 3255
607, 1420
608, 2990
609, 3718
610, 1795
611, 4113
612, 1444
613, 4807
614, 4824
615, 1410
616, 3588
617, 1081
618, 3791
619, 2677
620, 4003
621, 3973
622, 3756
623, 3002
118, 624
594, 625
626, 4852
627, 4894
628, 1229
629, 2601
630, 3781
631, 3705
632, 945
633, 4191
634, 1086
635, 3456
636, 4156
637, 1252
638, 3015
639, 774
640, 1528
641, 3200
642, 3498
643, 2454
644, 965
645, 675
646, 2320
647, 3298
648, 3041
649, 2618
650, 881
651, 2339
652, 1683
653, 744
654, 4495
655, 3661
656, 3954
657, 4965
658, 3486
659, 844
523, 660
661, 860
662, 4548
663, 1210
664, 1276
666, 872
668, 3242
669, 1268
670, 823
671, 4037
672, 4354
262, 673
674, 3332
675, 3231
676, 1645
677, 1436
678, 3515
679, 2879
680, 4487
681, 3510
683, 1599
684, 2076
685, 2320
686, 2415
687, 2592
688, 773
689, 3802
690, 1704
691, 1864
692, 1661
693, 3861
694, 3141
695, 4115
696, 1867
697, 3863
698, 4230
699, 2639
700, 3260
395, 701
702, 966
703, 2652
704, 3378
705, 3940
706, 1659
707, 964
708, 1169
709, 2407
710, 1179
711, 2450
400, 712
713, 1730
714, 3644
715, 3318
716, 3360
717, 2924
720, 3395
711, 721
722, 4334
723, 3888
724, 2453
725, 3161
726, 2636
727, 1700
728, 4975
729, 3081
730, 4649
731, 4571
732, 4063
733, 2466
734, 970
735, 2360
736, 890
379, 738
739, 1264
740, 3643
741, 3335
743, 3958
744, 4746
745, 2453
746, 2732
747, 4964
381, 749
750, 3887
751, 2065
753, 3965
754, 1655
122, 755
757, 3964
758, 4465
759, 1293
239, 760
761, 2167
762, 2157
763, 2308
764, 2850
765, 3140
766, 976
767, 2813
768, 2393
769, 4983
770, 3835
771, 4511
772, 3803
774, 1415
775, 4463
776, 2074
777, 3435
778, 4412
779, 1491
780, 3181
781, 3918
607, 782
783, 2850
784, 3523
785, 1591
786, 2192
787, 1723
681, 788
789, 1254
790, 1740
791, 4968
792, 3577
793, 2488
794, 1526
795, 1016
796, 1774
797, 3641
798, 4796
799, 1510
800, 4605
801, 3198
802, 2859
803, 1606
804, 2245
806, 4589
807, 2553
808, 1309
809, 875
810, 2705
811, 1476
475, 812
813, 1898
814, 3429
689, 815
816, 1634
817, 3757
818, 3626
819, 4141
820, 1829
543, 821
822, 3641
823, 2267
824, 1390
825, 1276
826, 4305
827, 4244
828, 4627
829, 1542
830, 4692
831, 1345
832, 1687
833, 1260
834, 3586
78, 835
837, 2346
838, 1564
839, 3694
841, 3148
77, 842
843, 4481
160, 845
846, 4415
847, 2243
848, 2907
849, 3805
850, 4894
851, 4028
852, 1020
853, 2651
854, 2436
855, 2865
856, 4773
857, 4972
858, 4563
112, 859
860, 2879
861, 2227
862, 3028
863, 2651
864, 901
866, 2530
867, 1271
868, 959
869, 3106
870, 3362
871, 1997
873, 4741
874, 3476
875, 4038
876, 4254
877, 1705
878, 3509
879, 3802
880, 3837
71, 882
153, 884
885, 3380
886, 3583
887, 4836
888, 3035
889, 2563
890, 2344
891, 960
892, 1490
893, 4824
894, 3023
895, 4719
896, 4947
897, 3497
575, 899
900, 3249
902, 3526
903, 2317
904, 1979
905, 1848
906, 3801
907, 1267
908, 3332
909, 1174
910, 4010
911, 3516
912, 3484
154, 913
915, 2742
916, 3040
917, 4200
918, 948
919, 4727
920, 4007
134, 921
922, 1629
923, 3648
924, 4855
925, 4201
926, 1470
927, 2645
928, 1427
929, 2522
930, 1506
197, 931
932, 4179
933, 3076
652, 934
935, 3085
936, 3659
937, 3222
938, 3527
939, 4038
940, 4963
941, 3443
943, 2310
944, 1898
946, 3125
947, 2352
949, 2437
950, 2379
951, 2811
952, 4772
953, 3257
954, 986
955, 1045
956, 4459
957, 2037
958, 1426
959, 1046
961, 4119
962, 4228
963, 4878
964, 1685
967, 3804
551, 968
969, 1873
504, 970
971, 1875
972, 2833
973, 2145
974, 1395
975, 4422
977, 1425
978, 4019
979, 1066
980, 3095
981, 1586
982, 2949
983, 3733
984, 4029
985, 3605
986, 3324
987, 4332
988, 3319
989, 4315
990, 2744
991, 4643
992, 3213
993, 4381
994, 2770
995, 4291
997, 1594
999, 4830
1000, 4290
1001, 2973
1002, 2057
1003, 1711
1004, 3270
1005, 3324
1006, 2226
1007, 1082
1008, 3862
399, 1009
1010, 2331
1011, 2531
1012, 2787
1013, 2019
1014, 3171
1015, 2743
1017, 3060
1018, 3548
525, 1019
1020, 3367
1021, 2653
1022, 2530
1023, 3361
1024, 4787
1025, 3399
1026, 3099
1027, 3252
1028, 2972
1029, 4392
1030, 2597
1031, 2759
1003, 1032
658, 1034
1035, 4954
1036, 2547
844, 1037
1038, 1579
1039, 1824
1040, 1709
1041, 1891
1042, 1221
1043, 4779
1044, 2575
1046, 2846
1047, 3512
1048, 2147
1049, 3172
1050, 2499
878, 1051
1052, 3342
1053, 3038
1054, 3046
1055, 4380
1056, 1969
1057, 4478
1058, 3598
25, 1059
1060, 3777
1061, 2043
1062, 4489
1063, 1968
1064, 3274
1065, 1142
1066, 2645
1067, 4026
1068, 3168
1069, 3013
1071, 4653
1072, 2660
521, 1074
1075, 1870
1076, 1198
1077, 3697
1078, 1976
1079, 4390
304, 1080
1081, 4763
1083, 1856
1084, 3367
1085, 2879
1086, 1541
1087, 4785
1088, 4620
1089, 4714
389, 1090
1091, 3014
1092, 2558
1093, 3994
1094, 3234
1095, 2500
1096, 4754
1097, 4487
1098, 2124
1099, 3011
1101, 2315
1102, 2845
1103, 3980
1104, 2717
1041, 1105
1106, 2632
1107, 3501
1108, 3552
1109, 4919
633, 1110
1111, 1718
964, 1113
1114, 4498
1115, 2694
1116, 4356
1117, 2206
507, 1118
1119, 3766
1120, 2614
1121, 2336
1124, 2249
1125, 4697
286, 1127
1128, 4014
1129, 2664
1130, 2396
1131, 3900
1132, 1922
1133, 4267
1134, 2775
1135, 4633
1136, 2277
1137, 4501
1138, 1926
1139, 1684
1140, 4995
1141, 3575
1142, 1734
1143, 4054
1144, 1247
1145, 2174
1146, 1640
729, 1147
1148, 3726
1149, 1915
1150, 3823
1151, 2403
1152, 2270
1153, 3350
380, 1154
1155, 1858
1156, 1604
1159, 3075
1160, 3046
1161, 2971
1162, 2892
1163, 1518
1164, 1165
141, 1167
1169, 1352
1170, 4531
1171, 3581
1172, 4646
1173, 3092
1174, 1205
1175, 4336
1177, 2873
1178, 3475
1179, 2163
1180, 2219
1181, 3001
1182, 2449
1183, 1630
1184, 4037
1185, 3006
1187, 1297
231, 1188
1189, 3787
1190, 1347
1191, 3417
1192, 3980
1193, 3009
1194, 2492
786, 1195
340, 1196
1197, 3167
1200, 4702
138, 1201
1202, 1913
1203, 3184
1204, 2715
434, 1206
1207, 2505
1208, 4730
1209, 2905
1210, 2716
1211, 4262
1212, 2061
1213, 1926
1214, 4676
1215, 2985
1024, 1216
638, 1217
402, 1218
1219, 2397
1220, 4950
1222, 2218
1223, 4179
1225, 3421
876, 1226
388, 1227
1228, 3671
1230, 4008
1231, 4867
1232, 2435
855, 1233
1234, 3903
1235, 3676
1236, 2369
375, 1237
1238, 3901
1240, 2602
974, 1241
1243, 1412
1244, 2662
1245, 4069
1247, 1914
1248, 3733
1250, 2856
1251, 3977
1252, 4703
1253, 2790
1255, 1996
1256, 4699
1257, 4819
1106, 1258
1259, 3809
1260, 2125
1262, 2449
1263, 4210
1264, 1275
1265, 2164
0, 1266
1269, 4078
1270, 2646
1272, 3112
1273, 2347
1276, 1627
496, 1277
1278, 2838
1279, 3441
1280, 2732
1281, 2070
1282, 1927
119, 1283
1284, 1321
1285, 4699
185, 1286
1287, 4446
1288, 2896
1289, 4843
1290, 4574
1291, 1706
1294, 2876
1295, 3367
1296, 1892
1298, 3888
1299, 1348
1300, 3728
907, 1301
1302, 2035
1303, 4226
1304, 3387
363, 1305
1306, 1731
143, 1307
1308, 3132
1310, 2327
1312, 3500
1313, 2036
1314, 3668
1315, 4922
1316, 2043
1317, 1366
1318, 3109
241, 1319
1320, 2115
1321, 1329
1322, 1983
1323, 2706
1324, 3642
1325, 4540
1326, 3602
1327, 4800
1328, 1498
1330, 3029
1331, 3517
474, 1332
812, 1333
350, 1334
1335, 2504
1336, 2457
1337, 1596
1338, 4731
1011, 1339
1340, 2603
1341, 1556
43, 1342
940, 1343
1344, 2054
1346, 2725
1347, 1602
1349, 3566
1350, 3744
1351, 2455
1003, 1353
132, 1354
1355, 1468
1356, 4206
74, 1357
1359, 4662
463, 1360
1361, 1543
1362, 3898
1363, 1898
1364, 2738
1365, 2011
1367, 4905
1369, 4163
1370, 3477
1372, 1416
1373, 3854
1374, 4167
1187, 1375
1376, 1808
629, 1377
1378, 1502
1379, 2689
1104, 1380
1381, 3236
1382, 4190
1383, 4501
1384, 4857
1385, 3560
63, 1387
1388, 4617
1389, 2667
1390, 4556
1391, 2315
1392, 2369
252, 1393
1394, 2923
1395, 2772
1396, 3349
1397, 3518
1077, 1398
104, 1399
1400, 3732
1402, 3475
1403, 4249
1404, 1822
1405, 3843
1406, 4656
1407, 2365
1408, 3804
1409, 3809
1410, 4645
1411, 1680
1412, 2937
1413, 3125
1414, 4644
1416, 1589
1417, 4504
1418, 2354
1419, 3853
1420, 3101
66, 1421
941, 1422
1423, 2669
1425, 4041
1426, 3195
1428, 3085
1429, 4814
1430, 1563
1431, 1442
1432, 3289
1433, 3217
1434, 3817
1180, 1435
1436, 3984
1437, 2382
1438, 4040
1439, 3996
1440, 2225
1441, 3615
1442, 3754
1443, 3391
1445, 3477
1446, 2207
1448, 2323
1185, 1449
1450, 3447
623, 1451
1452, 4262
986, 1453
1454, 4375
1455, 3982
1456, 3248
1457, 4152
1458, 4531
1459, 4665
1460, 3194
1461, 2651
1462, 4268
477, 1463
1464, 3390
1465, 4608
1466, 1497
1164, 1467
1469, 3407
1470, 3265
1001, 1471
1472, 4751
1473, 3849
1474, 2530
1475, 2099
1476, 3352
1477, 4007
1478, 2122
1480, 2150
1481, 3197
1482, 1950
1483, 3168
1484, 2111
1485, 4388
1486, 1520
1487, 3202
1488, 3221
1489, 1925
1492, 4014
1493, 4840
1494, 2984
674, 1495
1496, 1771
1497, 3482
1170, 1498
1499, 1823
1500, 3680
1501, 3027
1502, 2587
1503, 3869
1504, 1637
1505, 4982
1506, 2089
1507, 2503
1508, 4444
1509, 2585
1511, 4295
442, 1512
1513, 3777
1514, 2252
1515, 1588
1516, 2237
1517, 1977
1519, 2820
1521, 2609
1522, 2813
1523, 3555
1524, 3571
168, 1525
1527, 4324
1528, 3189
1529, 4254
1530, 2933
1531, 4136
1219, 1532
1335, 1533
46, 1534
1535, 4140
1536, 1962
1537, 2061
485, 1538
1539, 3904
1540, 2427
1543, 3228
1544, 3110
1545, 4262
1284, 1546
1514, 1547
1548, 4499
1549, 3726
582, 1550
1254, 1552
1553, 3554
1554, 1897
1144, 1555
1050, 1556
1557, 3131
1558, 4133
1559, 2963
994, 1560
1561, 2167
1562, 3081
1563, 4381
1564, 3547
1565, 4020
1566, 3146
1567, 4249
1568, 4920
1570, 2346
1571, 3070
918, 1572
1573, 4662
807, 1574
1575, 4028
1576, 2294
1577, 4464
1578, 4762
1580, 3658
1581, 2958
1582, 2576
1583, 1885
1584, 3471
1585, 4487
1586, 2424
1587, 4150
1590, 2575
1592, 4820
1593, 4602
1594, 1767
370, 1595
1597, 4418
1598, 4294
1600, 3900
1601, 3582
1603, 3642
1605, 1852
1606, 4209
1054, 1607
1608, 4341
1609, 4110
1610, 2513
1611, 2395
23, 1612
1613, 3063
1614, 2837
1616, 4471
507, 1617
1618, 2390
1619, 4463
1620, 3468
1621, 1778
1622, 4892
1623, 1681
1624, 3936
1625, 3955
1626, 3859
283, 1627
1628, 2763
1630, 3250
1631, 4494
1632, 4580
1633, 4932
1634, 3900
1635, 2321
1636, 2102
1638, 2967
1639, 2793
1641, 3664
1307, 1642
0, 1643
263, 1644
1646, 4848
1648, 1726
1649, 3509
1650, 4982
1448, 1651
1652, 2737
1653, 2382
39, 1654
1028, 1656
1657, 2193
1658, 2394
1660, 4813
1661, 4429
1662, 2419
1663, 4016
1664, 3413
840, 1665
1666, 2069
1667, 3043
1580, 1668
1669, 3122
1670, 4230
1671, 2416
1672, 4319
1673, 3677
1674, 3621
757, 1675
1676, 2425
1678, 3710
1679, 4041
1680, 4031
1686, 4237
1688, 2236
1689, 2070
141, 1690
1691, 2150
1692, 3617
1693, 4746
1695, 3011
1696, 4607
1697, 2408
1698, 3080
1700, 1983
1701, 1921
1702, 2941
1029, 1703
1704, 4271
519, 1707
846, 1708
525, 1709
1710, 3899
455, 1712
1714, 3359
1716, 4487
1717, 4616
1719, 4958
1720, 3924
1721, 2140
324, 1722
1723, 1804
455, 1724
1725, 2905
1727, 2745
1389, 1728
1730, 2196
1732, 3584
790, 1733
1735, 2970
1736, 4558
1738, 1935
1265, 1739
1740, 1823
1741, 2306
1742, 2369
1438, 1743
239, 1745
1746, 4099
1747, 4151
1748, 3875
1749, 1910
1199, 1750
1751, 1768
1752, 3059
1753, 3217
1754, 3861
1755, 3463
242, 1756
1757, 2863
1758, 1864
1715, 1759
1760, 2172
1761, 2523
1762, 2257
1763, 3307
1764, 4453
413, 1765
1375, 1766
1767, 4625
1768, 2870
1769, 2322
1770, 3684
1771, 2849
1775, 3946
1776, 4823
1779, 2808
1780, 2706
1781, 3927
1782, 2051
1783, 1994
1784, 4319
1785, 2220
1786, 4715
1787, 3785
1788, 4801
1789, 2488
1790, 2150
1791, 1980
1792, 4890
1793, 3721
1794, 2957
1796, 3350
1797, 4440
1079, 1798
1799, 2632
379, 1800
1802, 2102
1803, 3639
1804, 4348
1805, 2568
1604, 1806
193, 1807
1808, 3075
1809, 2176
1741, 1810
1811, 2806
1813, 1998
1815, 1932
1816, 3233
1248, 1817
1151, 1818
1819, 2790
1820, 3481
1821, 3378
1824, 2952
1825, 3890
1826, 4000
1828, 3999
1829, 2483
1830, 4163
1831, 4971
1832, 2008
1833, 1874
1834, 2362
1835, 3273
745, 1836
875, 1837
1839, 2369
1840, 2672
414, 1841
605, 1842
1843, 2896
1844, 2760
1845, 4414
1846, 3829
1172, 1847
1848, 3233
1849, 4158
166, 1850
1851, 1888
1852, 4985
1853, 2154
1855, 4533
1857, 2545
1468, 1858
1859, 3996
1820, 1860
1861, 1998
1772, 1862
1863, 4266
374, 1865
1866, 4062
1868, 2896
1869, 3372
377, 1870
1125, 1871
1361, 1872
1873, 2913
1876, 2618
1877, 2318
1878, 4030
1797, 1879
1880, 1993
1881, 4102
1882, 4006
1883, 4289
1884, 2366
1886, 2571
1887, 2810
1889, 3612
1803, 1890
1893, 4431
337, 1894
1895, 4509
1896, 2361
1897, 4549
1898, 3102
1899, 3411
1900, 1959
1901, 3679
1902, 3030
1513, 1903
1904, 2888
1905, 4528
1906, 4261
1907, 4370
1908, 3486
1909, 2176
1910, 3746
234, 1911
1912, 4018
1916, 1984
720, 1917
355, 1918
1919, 2115
1920, 4418
1921, 4324
1923, 4356
1924, 4637
1927, 3304
731, 1928
1929, 4871
1048, 1930
1513, 1931
1933, 4116
1935, 4800
1677, 1936
1937, 2543
1938, 3430
1939, 3531
1940, 3951
1941, 3986
1942, 3890
1943, 4689
669, 1944
1945, 3353
1946, 3545
1947, 4808
1948, 3197
1949, 3818
1951, 4524
1280, 1952
1953, 3645
1652, 1954
273, 1955
1956, 3319
1957, 3087
881, 1958
1960, 3987
1961, 4138
1963, 2945
1964, 2065
1965, 2399
1966, 2476
1967, 4153
1579, 1968
1970, 3761
1971, 2552
1972, 3277
1973, 2430
498, 1974
1975, 2332
326, 1976
1977, 2115
1978, 2127
888, 1982
1984, 4533
1985, 3182
1986, 4549
1987, 2636
357, 1988
1989, 2898
1990, 2812
1992, 3564
1994, 3121
1995, 2967
1996, 3454
1997, 2924
1998, 4976
1999, 2930
2000, 3218
2001, 2838
432, 2002
2003, 3047
503, 2004
2005, 4261
2006, 2540
2007, 2931
2008, 3579
2009, 3067
2010, 3651
2012, 4844
2013, 4226
2015, 2554
407, 2016
2017, 2692
2018, 2750
2021, 3388
2022, 3422
1888, 2023
187, 2024
2025, 3016
2026, 2090
2027, 4353
2028, 2877
2029, 2784
2030, 2779
1005, 2031
2032, 4778
2033, 3112
2034, 4712
2036, 4403
2037, 2302
2038, 3575
1660, 2039
2040, 2151
2042, 3637
896, 2044
2045, 4191
2047, 4169
1312, 2048
2049, 2521
2050, 3868
2052, 2152
936, 2053
2054, 2679
2055, 2876
2056, 3076
2058, 4453
2059, 3294
2060, 4032
332, 2062
2063, 4178
2064, 2367
2067, 3915
2068, 4384
2033, 2069
1003, 2071
2072, 3557
2074, 2603
2075, 3748
2076, 3331
2077, 2216
1187, 2078
2079, 3662
2080, 2694
2082, 2613
2083, 2288
2084, 4345
644, 2085
2087, 2379
2088, 2477
2090, 2193
2091, 4212
2092, 2698
999, 2093
2094, 3819
20, 2095
2096, 4076
2097, 4561
1698, 2098
2101, 2532
1707, 2103
2104, 4516
2105, 3374
2106, 3454
2107, 4272
2108, 3360
1596, 2109
2110, 2510
2112, 4555
796, 2114
2116, 3595
2117, 4206
2118, 4662
2119, 3566
2120, 4913
2121, 4322
2122, 4974
2123, 2234
2126, 3158
527, 2128
2129, 4961
1338, 2130
2132, 4735
1490, 2133
2134, 2695
2135, 2435
1148, 2136
2137, 2873
843, 2138
949, 2139
2141, 2906
2142, 2767
1369, 2143
2128, 2144
1102, 2145
2148, 3604
2149, 4916
2151, 4092
2152, 2785
2153, 2192
2155, 4484
1773, 2156
2157, 2688
2158, 4685
2159, 2641
2160, 2828
2161, 3211
2165, 2623
2166, 3907
2168, 3488
2169, 4958
2170, 4990
2171, 3049
2173, 2486
2175, 4947
2177, 4358
1493, 2178
2179, 3595
2181, 2464
812, 2182
960, 2183
2184, 3938
1029, 2185
2186, 4540
2187, 2286
2188, 3489
2189, 3103
2190, 3568
294, 2191
2193, 2220
2194, 4813
2195, 2794
952, 2197
2198, 2741
2199, 4487
2200, 4909
2201, 4848
2202, 4996
159, 2203
2204, 4181
852, 2205
2208, 2925
2209, 4176
2210, 4991
258, 2211
2212, 4698
1088, 2213
2214, 3892
2215, 2853
2216, 4688
2217, 4059
2218, 4221
2221, 4432
2222, 2354
2223, 2379
2224, 4417
2063, 2227
2228, 4817
2229, 4522
2230, 4345
156, 2231
1415, 2232
2233, 3104
2234, 2602
2235, 3879
2237, 3661
1061, 2238
2239, 3464
1126, 2240
2241, 3593
2242, 2761
2244, 4955
2246, 2435
2247, 3112
2248, 4698
2251, 3971
340, 2253
131, 2254
1383, 2255
2256, 3289
2258, 2784
1314, 2259
2261, 2974
2262, 2902
1404, 2263
2264, 3022
2265, 2326
2266, 4717
2065, 2267
2268, 4791
2269, 4117
543, 2270
1027, 2272
2273, 3416
1088, 2274
2275, 3381
2276, 2616
335, 2277
2278, 3648
1520, 2279
2280, 2473
1077, 2281
2282, 4731
2283, 3775
2284, 2546
1437, 2285
2287, 3139
2289, 4344
2290, 3827
2291, 2756
2292, 4203
2293, 3073
2294, 2893
418, 2295
1201, 2296
2297, 3355
2298, 4069
2299, 4048
2300, 4826
2301, 2772
2303, 3967
2304, 4105
1330, 2305
2307, 2674
2309, 4853
2311, 3697
719, 2312
1504, 2313
2314, 2673
2315, 3900
300, 2316
2319, 3889
872, 2322
2323, 2969
2324, 4192
1357, 2325
2327, 3479
2328, 3364
551, 2329
1586, 2330
2331, 2469
2333, 2593
2334, 3125
1719, 2335
2106, 2337
2338, 2386
2339, 4551
732, 2340
2341, 4022
2343, 2741
2065, 2345
2346, 2891
2348, 3468
1592, 2349
2350, 4097
293, 2351
1453, 2353
2354, 4880
2355, 2418
2356, 2368
1941, 2357
2359, 4674
2363, 2760
1938, 2364
2367, 2917
2370, 3128
2371, 4482
736, 2372
2373, 2511
204, 2374
2375, 3053
1892, 2376
1425, 2377
2379, 3589
2380, 4378
2381, 2884
2383, 2600
2384, 3292
2235, 2385
203, 2387
2388, 2427
790, 2389
2390, 4718
2391, 3260
1759, 2392
2394, 3073
368, 2395
2397, 2926
2398, 4170
2399, 3659
2400, 2755
2401, 3114
748, 2402
2403, 4016
1143, 2404
2405, 4543
2406, 2588
317, 2409
2411, 3229
1252, 2412
2413, 2495
2414, 3792
2415, 3708
1898, 2416
2417, 3055
2420, 2771
2036, 2422
2423, 4904
2424, 3916
1148, 2426
2427, 4068
2428, 3556
1892, 2429
2431, 2483
584, 2432
495, 2433
1148, 2434
1350, 2438
2439, 4293
2440, 4162
2441, 3837
2442, 4337
1404, 2443
2444, 4555
2446, 3148
2447, 3384
292, 2448
1630, 2450
1486, 2451
2203, 2452
250, 2453
2455, 4322
2457, 3892
2458, 3616
2459, 2719
2460, 4908
2461, 2590
2462, 3253
2463, 3821
2465, 3144
757, 2466
2467, 4365
138, 2468
2470, 2780
2249, 2471
2472, 4329
2473, 3378
2474, 4043
2475, 4109
2478, 3214
2479, 3296
1755, 2481
2482, 3582
2483, 4150
2484, 3709
2485, 4751
1731, 2486
2487, 4783
2488, 3716
947, 2489
2006, 2493
840, 2494
2496, 4106
2497, 3048
2499, 3720
639, 2501
931, 2502
2503, 3126
2504, 3977
2506, 2902
2507, 4476
1820, 2508
2509, 3287
2510, 4155
2379, 2512
2513, 3843
1548, 2514
2236, 2515
496, 2516
2517, 4641
2518, 3467
2519, 4839
2520, 3658
2521, 4809
907, 2523
2524, 4288
58, 2525
2526, 2532
2527, 4558
2528, 3039
2529, 3909
1490, 2533
1922, 2534
2535, 3232
2536, 4489
2537, 2727
2538, 3027
2539, 4268
2541, 3105
2542, 3341
1680, 2544
723, 2545
2546, 2861
2547, 3236
2548, 4713
2549, 4434
1148, 2550
2551, 3694
2554, 4478
2555, 4288
2556, 3044
2559, 4499
2560, 4259
1487, 2561
1542, 2562
2564, 3615
2565, 3006
2566, 4843
2567, 2732
2569, 4682
2570, 3931
2571, 2749
2572, 3575
2573, 4386
445, 2574
2575, 3808
2577, 2785
2578, 3111
2579, 2687
2580, 4844
1175, 2581
1729, 2582
2583, 4067
2585, 3133
1399, 2586
2588, 3374
2589, 4848
2591, 3189
1535, 2593
2594, 3616
2595, 3769
2596, 4031
1223, 2598
2599, 3839
2604, 4922
2605, 4898
2606, 3722
2070, 2607
1278, 2608
2610, 2891
2611, 2979
2614, 2674
2615, 3414
2617, 3930
221, 2619
881, 2620
2621, 3080
2622, 2698
2587, 2623
2624, 4916
2625, 3521
2599, 2626
2627, 3357
2628, 2668
2629, 4398
1748, 2630
2631, 3611
2074, 2633
1869, 2634
2635, 3660
1253, 2637
2638, 4748
2639, 2673
2640, 3666
2641, 4642
1029, 2642
1605, 2643
2644, 3105
2648, 3876
2649, 4895
2650, 4415
1734, 2654
2655, 3102
2236, 2656
2298, 2657
888, 2658
2659, 3763
2661, 3154
2663, 2979
2665, 3422
2666, 3068
2669, 3118
2674, 3855
322, 2675
2676, 4248
2677, 3738
1492, 2678
79, 2680
2681, 4064
2682, 4860
2683, 4834
2684, 2778
2685, 2929
363, 2686
2688, 3724
2411, 2689
197, 2690
2290, 2691
2693, 2978
2695, 3491
328, 2696
2697, 3481
2698, 3298
2699, 3853
2700, 4201
2247, 2701
553, 2702
2703, 4512
2522, 2704
377, 2705
2708, 2736
2709, 3377
2075, 2710
2711, 3819
2712, 4319
2713, 3357
2714, 4797
961, 2715
2718, 4915
498, 2720
2721, 4922
2722, 3535
1962, 2723
2724, 4714
2726, 3852
2728, 4515
2188, 2729
838, 2730
2731, 4277
2732, 3444
2733, 3109
2031, 2734
1042, 2735
2736, 4833
1905, 2739
1984, 2740
2742, 4248
1790, 2744
2745, 4495
2746, 2770
2747, 3140
2748, 2815
2751, 2780
2752, 2988
2037, 2753
2754, 4929
2755, 3943
2757, 4431
2758, 3243
2507, 2760
1304, 2761
2762, 3855
2764, 3198
2460, 2767
1071, 2768
2769, 4565
2771, 3944
680, 2773
2774, 4833
700, 2776
2777, 3724
2779, 3048
2781, 3981
366, 2782
2783, 3081
2785, 4659
703, 2786
2787, 3001
2395, 2788
2789, 4092
2791, 3447
1464, 2792
2794, 2934
2796, 4143
2797, 3653
1804, 2798
2799, 2974
1170, 2800
2802, 3888
517, 2803
61, 2804
2064, 2805
1971, 2806
2807, 2969
2809, 3171
2814, 4670
1522, 2816
851, 2818
2819, 3126
1281, 2821
1594, 2822
2125, 2823
2824, 4242
2825, 4851
781, 2826
932, 2827
2829, 4295
1023, 2830
2831, 4285
153, 2832
2833, 4645
2834, 4615
2835, 4082
2837, 3899
2664, 2839
2840, 4648
2841, 4670
2842, 4512
1808, 2843
2118, 2844
700, 2848
2851, 3309
2852, 4399
911, 2854
2855, 4972
2857, 3924
392, 2858
2860, 3180
2862, 4066
2864, 3677
2866, 4226
2867, 4526
2868, 4726
1596, 2869
553, 2870
2, 2871
111, 2874
2876, 4456
2880, 3861
641, 2881
2882, 3974
2883, 4597
2524, 2884
2885, 4563
2886, 3064
2887, 3886
250, 2889
296, 2890
2894, 3973
2447, 2895
2897, 4593
312, 2899
1384, 2900
2901, 3139
2667, 2903
2195, 2904
2908, 4391
2910, 3300
2524, 2911
2912, 4812
2914, 3347
2915, 4881
2916, 4966
1652, 2918
1902, 2919
2877, 2921
2694, 2922
2923, 2954
2029, 2925
2399, 2928
2215, 2932
809, 2935
2192, 2937
2223, 2938
2939, 4570
2940, 4290
2942, 4530
2943, 4014
529, 2944
2946, 3139
2947, 4492
2948, 4684
1140, 2950
2951, 2975
2953, 4919
2955, 4418
2956, 3834
2129, 2957
2958, 4051
2651, 2960
2070, 2961
1345, 2962
1558, 2964
2965, 4338
996, 2966
2968, 4992
2971, 3471
2972, 4362
253, 2975
247, 2976
2234, 2977
2978, 4906
2980, 3132
1996, 2982
2983, 4084
2985, 3690
2986, 4113
2987, 4567
2762, 2989
1102, 2991
2992, 3409
999, 2993
1408, 2994
2995, 4948
2996, 4015
2997, 3388
1495, 2998
3000, 3234
3003, 4242
837, 3004
3005, 3954
1783, 3007
2779, 3008
3009, 3964
3010, 4327
3012, 4758
3016, 4277
1088, 3017
1206, 3018
3019, 3677
2597, 3020
808, 3021
3023, 3481
2500, 3024
3025, 4284
3026, 3187
1586, 3027
3030, 4338
3031, 3729
553, 3032
2730, 3033
3034, 3806
3036, 3115
3037, 3958
623, 3040
521, 3042
277, 3043
3045, 3820
3046, 3077
3050, 3213
1554, 3051
1246, 3052
1203, 3053
2879, 3054
3055, 4531
1768, 3056
3058, 4497
3059, 4505
3061, 4777
3062, 4167
1992, 3063
3065, 4517
1616, 3066
3067, 4312
584, 3069
2813, 3071
81, 3072
3074, 4199
2476, 3078
3079, 3990
3082, 4438
3057, 3083
330, 3084
3086, 3231
3087, 4599
1370, 3088
3089, 3244
2999, 3090
3091, 4445
3093, 4119
3094, 3865
3095, 3254
3096, 3736
2274, 3097
2058, 3098
3099, 4161
3100, 3798
1966, 3103
3106, 4945
3107, 4079
3108, 4613
3113, 3170
3116, 4793
3117, 3374
1875, 3118
3119, 3746
3120, 3589
3122, 3486
3123, 4307
2720, 3124
1247, 3127
3128, 4359
1375, 3129
3130, 3472
3131, 3195
3134, 3777
3135, 3789
3136, 4971
3137, 4647
2941, 3138
2722, 3141
650, 3142
760, 3143
3145, 4832
3147, 3770
2160, 3149
3150, 4103
3151, 3245
1785, 3152
3154, 4307
3155, 4652
3156, 3984
3157, 3402
145, 3159
2616, 3160
2366, 3162
2211, 3163
3164, 3976
3165, 4070
3166, 4708
521, 3169
1031, 3173
1978, 3175
2170, 3178
3179, 3368
3180, 4505
801, 3181
3182, 4225
2552, 3183
3185, 3880
601, 3186
1345, 3188
3190, 4704
2810, 3191
1822, 3192
3196, 3864
2506, 3199
1733, 3201
3202, 4606
3203, 3441
74, 3204
3205, 3231
1207, 3206
1466, 3207
3208, 4446
3209, 3349
3210, 3879
3020, 3212
532, 3214
3215, 4206
645, 3216
3219, 4437
1486, 3220
2519, 3223
3224, 4465
2822, 3225
2027, 3226
3227, 3760
1569, 3228
3026, 3230
2697, 3235
2924, 3237
940, 3238
1355, 3239
3240, 4824
3241, 4038
3242, 4382
465, 3245
515, 3246
3247, 3795
3251, 3285
3253, 4851
3254, 3939
3255, 4896
3258, 3767
3259, 4793
3261, 4487
3262, 4060
3230, 3263
764, 3264
1092, 3266
3080, 3267
2177, 3268
2222, 3269
3270, 3416
79, 3271
3272, 4320
3275, 4096
3276, 3401
3279, 4702
3280, 3653
3281, 3430
3282, 4631
2148, 3283
1128, 3284
3286, 3456
3287, 4966
3288, 4414
475, 3290
2762, 3293
1848, 3294
3296, 3450
682, 3297
1656, 3299
3301, 3451
1934, 3302
3303, 4252
213, 3305
3306, 4662
3307, 3438
2800, 3309
3310, 4023
3311, 4820
3312, 4670
3313, 4264
3314, 3987
2126, 3315
1017, 3316
3317, 4509
2811, 3320
2234, 3321
2361, 3322
3323, 4932
3325, 4605
3326, 4989
3050, 3327
3328, 3781
3329, 4747
27, 3330
2346, 3331
2693, 3333
2953, 3334
3257, 3336
3337, 4541
3338, 3923
3339, 4803
3341, 4565
3342, 4124
253, 3344
886, 3345
1934, 3346
523, 3348
3349, 4554
3350, 3628
1087, 3351
1187, 3353
3094, 3354
3096, 3356
3358, 4028
339, 3359
29, 3362
3126, 3363
463, 3364
470, 3365
3366, 4082
3368, 3576
2567, 3369
3370, 3391
984, 3371
3373, 3403
3248, 3375
3376, 4717
3379, 3462
1296, 3382
3312, 3383
1334, 3385
3386, 3968
3389, 3430
1748, 3392
1283, 3396
3397, 4066
1097, 3398
3400, 4441
3402, 4340
3404, 4624
2070, 3405
3137, 3406
3383, 3407
2954, 3408
3409, 3684
3410, 4670
3411, 4479
3412, 4682
3414, 4476
3353, 3415
3146, 3418
2014, 3419
3421, 4684
3422, 4275
2083, 3423
1001, 3424
3425, 3479
1772, 3426
1371, 3427
174, 3428
3429, 4172
3431, 3640
3432, 3839
502, 3433
3434, 4396
3436, 3790
2599, 3437
3439, 4112
1375, 3440
3443, 3944
3445, 4784
1041, 3446
3448, 4828
476, 3449
1680, 3450
165, 3451
1473, 3452
1306, 3453
2627, 3455
3457, 4465
2811, 3458
2726, 3459
727, 3460
3389, 3463
20, 3464
3465, 3872
3466, 4050
3468, 3720
3469, 3741
234, 3470
2295, 3472
401, 3473
3474, 4080
1534, 3478
1402, 3480
3482, 4550
3483, 4008
3485, 3786
3486, 4594
3487, 4806
2047, 3490
187, 3493
1413, 3494
3495, 4094
1041, 3496
517, 3500
2298, 3501
2304, 3502
3503, 3804
983, 3504
1689, 3505
3506, 4176
3508, 3976
3511, 4948
2941, 3513
303, 3514
2384, 3517
3519, 4081
3520, 4708
3522, 4836
3524, 4124
3525, 3884
3527, 4453
3528, 3960
1811, 3529
2160, 3530
2411, 3531
118, 3532
2249, 3533
3534, 4393
3535, 4253
1207, 3536
3537, 4415
3538, 4671
2746, 3539
3540, 4050
2603, 3542
2538, 3543
3544, 4617
3546, 4239
3549, 3676
1914, 3550
3552, 4581
2893, 3553
748, 3555
463, 3558
3559, 4842
3561, 4627
2757, 3562
1121, 3563
3564, 3894
58, 3565
835, 3566
296, 3567
3568, 3751
1351, 3569
3570, 4303
3572, 4403
2424, 3573
3574, 3660
3577, 4916
3578, 4397
906, 3580
3581, 3950
2605, 3584
3156, 3585
790, 3587
3590, 4275
3591, 3849
3592, 4331
419, 3593
3594, 3612
2978, 3596
3597, 4413
3598, 4666
1240, 3599
547, 3600
3601, 4686
3602, 4693
3488, 3603
3606, 4023
3607, 4434
3608, 3713
1997, 3609
514, 3610
2531, 3611
326, 3613
1932, 3614
3615, 4727
3368, 3618
3619, 4935
3620, 3785
2507, 3622
3623, 3666
3624, 4551
3625, 3914
1025, 3627
3628, 4872
3629, 3912
275, 3630
3631, 4654
339, 3632
1149, 3634
3635, 4328
3075, 3636
1164, 3638
3640, 4389
1066, 3643
3411, 3646
1583, 3647
3648, 4375
3649, 4400
513, 3650
2175, 3652
3653, 3848
2757, 3654
1924, 3655
3657, 4517
3665, 3807
3667, 4594
3669, 4559
1050, 3670
180, 3672
3673, 4915
1302, 3674
504, 3675
3676, 4644
931, 3678
981, 3680
3681, 4698
787, 3682
655, 3683
3685, 3973
1602, 3686
681, 3687
3688, 4310
79, 3689
823, 3691
759, 3692
3265, 3693
66, 3695
3688, 3696
3697, 4239
3141, 3698
3699, 3752
3700, 4698
3566, 3701
2814, 3702
144, 3703
3704, 4760
2669, 3705
543, 3706
3292, 3707
3708, 4488
3710, 4831
63, 3711
825, 3714
3715, 3773
3717, 4005
3719, 3862
1681, 3723
925, 3725
92, 3727
3730, 4948
3731, 3872
3734, 4601
1966, 3735
3736, 4590
3075, 3737
2587, 3738
3132, 3739
3741, 4752
3742, 4724
3743, 4756
3745, 3834
3112, 3747
2931, 3748
2347, 3749
2953, 3750
2755, 3752
3753, 4032
2990, 3754
3755, 4280
3756, 4267
3758, 4912
673, 3759
3633, 3762
1204, 3765
1929, 3768
3764, 3769
3265, 3771
3772, 4427
3774, 4707
3775, 4493
3633, 3776
2151, 3778
1011, 3779
1538, 3780
3782, 4131
3783, 4642
2078, 3784
1064, 3788
3789, 4674
2006, 3792
3793, 4625
3794, 4723
316, 3796
623, 3797
3799, 3818
3800, 4622
2809, 3801
3659, 3803
3807, 4156
3809, 4276
3810, 4645
952, 3811
369, 3813
2136, 3814
3815, 4487
2322, 3816
2460, 3817
3820, 4883
3822, 4303
2220, 3824
3825, 4149
3826, 4837
3828, 4652
3830, 4257
2530, 3831
3832, 4760
3833, 4505
1606, 3838
3489, 3839
3840, 4239
2552, 3841
1927, 3842
3844, 4332
2605, 3845
54, 3846
3847, 4326
3441, 3850
3851, 3911
3005, 3856
3857, 4626
1742, 3858
2701, 3859
3860, 3986
3289, 3866
3869, 4698
532, 3870
3871, 3935
3873, 4603
230, 3874
3877, 4124
1623, 3878
2983, 3880
1366, 3881
3853, 3882
3883, 4379
2456, 3885
3508, 3887
3889, 4289
3891, 4835
964, 3893
367, 3895
3896, 4887
914, 3897
2623, 3899
3901, 4835
255, 3902
3905, 4895
3777, 3906
3908, 4872
3910, 4029
3911, 4417
2101, 3913
170, 3917
1294, 3919
3920, 4741
3921, 4550
3459, 3922
2732, 3925
3926, 4909
3928, 4896
3929, 4801
1922, 3932
225, 3933
43, 3934
3935, 4950
1219, 3937
3939, 4296
3940, 4545
3941, 4746
996, 3942
3944, 4324
2662, 3945
3947, 4202
3948, 4799
3073, 3951
3077, 3952
3953, 4215
3204, 3956
3627, 3957
3958, 4758
29, 3959
3425, 3961
2104, 3962
3963, 4797
783, 3965
1865, 3966
3969, 4024
2354, 3970
1964, 3971
1070, 3972
2765, 3975
3291, 3978
3979, 4157
3988, 4976
3989, 4668
3991, 4687
3490, 3992
2843, 3993
274, 3995
2005, 3996
3998, 4303
238, 4000
1587, 4001
1309, 4002
792, 4004
4009, 4286
3877, 4011
4012, 4377
4013, 4849
4014, 4140
3872, 4016
3872, 4017
4018, 4085
1793, 4019
3081, 4021
2454, 4027
2288, 4029
3462, 4033
4034, 4820
132, 4035
2245, 4036
4039, 4346
3285, 4042
4044, 4957
960, 4045
3372, 4046
2664, 4047
84, 4049
1191, 4052
3899, 4056
4057, 4472
2664, 4058
3374, 4060
4061, 4199
4062, 4539
313, 4065
1453, 4072
4073, 4596
1971, 4074
4075, 4428
3709, 4076
4077, 4213
2663, 4079
4081, 4231
1661, 4083
942, 4086
1032, 4087
3985, 4088
4089, 4816
478, 4090
1470, 4091
3128, 4093
1373, 4095
2431, 4097
190, 4098
4100, 4970
4101, 4222
2018, 4102
4104, 4456
4107, 4610
756, 4108
10, 4111
3954, 4112
3110, 4115
2027, 4116
2194, 4118
4120, 4396
4121, 4354
4122, 4846
4123, 4783
1030, 4125
2757, 4126
310, 4127
4128, 4313
2050, 4130
4132, 4992
2997, 4134
1208, 4135
1519, 4136
927, 4137
4138, 4255
477, 4139
3302, 4142
4144, 4807
2073, 4145
2519, 4146
1679, 4147
1946, 4148
2887, 4153
1146, 4154
4159, 4792
4160, 4535
1201, 4164
839, 4165
862, 4166
1616, 4170
437, 4171
3943, 4173
3075, 4174
2635, 4175
4177, 4860
4180, 4489
1629, 4181
1014, 4182
2415, 4183
1393, 4185
4019, 4186
1365, 4187
4188, 4952
4190, 4765
3950, 4192
1301, 4193
3454, 4194
4196, 4223
3867, 4197
2840, 4198
4204, 4705
3819, 4205
2928, 4208
2730, 4211
4213, 4214
1851, 4216
4217, 4635
4218, 4499
4219, 4879
4220, 4606
1077, 4223
1666, 4224
384, 4227
2157, 4229
3176, 4233
2810, 4234
3157, 4235
891, 4236
2857, 4238
602, 4240
3189, 4241
1798, 4243
1602, 4245
4246, 4549
3525, 4247
4248, 4264
59, 4250
4251, 4322
687, 4252
922, 4256
1467, 4263
2616, 4265
3117, 4266
3365, 4267
294, 4268
4269, 4718
4270, 4966
3884, 4271
1311, 4273
2115, 4274
1415, 4276
1662, 4278
64, 4279
2014, 4281
1202, 4282
1081, 4283
1402, 4287
3968, 4291
4292, 4302
3592, 4297
1772, 4298
1893, 4299
2587, 4300
3941, 4301
367, 4302
4303, 4943
343, 4304
4306, 4545
3861, 4308
413, 4311
4312, 4747
4156, 4313
1777, 4314
860, 4317
955, 4318
4319, 4674
3506, 4321
160, 4323
3075, 4325
4326, 4938
2718, 4328
2176, 4330
2318, 4333
2916, 4335
3926, 4338
3707, 4339
4340, 4367
3331, 4342
2424, 4343
2013, 4346
4223, 4347
4349, 4534
3257, 4350
1959, 4351
2773, 4352
4355, 4772
1149, 4357
3860, 4360
1402, 4361
2810, 4363
273, 4364
2466, 4366
2123, 4368
1456, 4369
376, 4371
1189, 4372
170, 4373
587, 4374
994, 4376
4377, 4643
2472, 4379
1507, 4382
2088, 4383
1684, 4384
3848, 4385
3518, 4386
4387, 4702
4394, 4779
4395, 4891
4399, 4712
2306, 4400
4401, 4742
3413, 4402
4404, 4620
4405, 4784
3944, 4406
1514, 4407
2246, 4408
2035, 4409
1273, 4410
1464, 4411
4415, 4781
105, 4416
998, 4419
2560, 4420
3088, 4421
2426, 4422
2209, 4423
4424, 4910
2511, 4425
1125, 4430
3908, 4432
4433, 4637
4427, 4435
3321, 4436
2297, 4438
3940, 4439
4378, 4441
4442, 4978
4443, 4885
4029, 4445
1098, 4447
33, 4448
748, 4449
4030, 4450
3297, 4452
166, 4454
1739, 4455
1114, 4457
1405, 4458
2459, 4460
805, 4462
940, 4466
3454, 4468
2546, 4469
1162, 4470
438, 4473
1719, 4474
3634, 4475
1497, 4477
4480, 4726
2589, 4482
4483, 4723
1528, 4484
163, 4485
2795, 4486
4489, 4571
305, 4490
3493, 4491
1497, 4492
2483, 4499
555, 4500
2200, 4502
4476, 4503
4504, 4733
3043, 4506
970, 4507
4508, 4675
4347, 4510
2841, 4511
571, 4513
2357, 4515
349, 4516
121, 4518
4418, 4519
78, 4520
2667, 4521
4244, 4522
4523, 4738
1432, 4525
2403, 4527
3367, 4529
4453, 4530
2369, 4532
4533, 4748
3978, 4536
127, 4537
376, 4538
576, 4542
2216, 4543
875, 4544
1321, 4546
365, 4547
2430, 4552
4389, 4553
3508, 4557
3939, 4559
3880, 4560
364, 4562
4564, 4623
534, 4565
3759, 4566
1175, 4568
3484, 4569
2953, 4570
4556, 4572
2765, 4573
4076, 4574
1203, 4575
617, 4576
4348, 4577
155, 4578
2466, 4579
2111, 4582
3631, 4584
970, 4585
1694, 4586
362, 4587
1382, 4588
4119, 4589
4245, 4591
4592, 4832
2664, 4595
3374, 4598
4600, 4797
1157, 4601
3801, 4603
4604, 4768
4608, 4891
1944, 4609
111, 4611
2099, 4612
1082, 4614
3354, 4615
2891, 4616
4617, 4880
4067, 4618
2126, 4619
1462, 4621
2081, 4623
3154, 4629
1715, 4630
2712, 4632
808, 4634
4635, 4920
3988, 4637
3792, 4638
2771, 4639
3388, 4640
4641, 4924
509, 4650
1611, 4651
4143, 4655
78, 4657
4645, 4658
1017, 4660
1707, 4661
3417, 4662
3979, 4663
553, 4665
3872, 4667
4495, 4669
1978, 4672
4673, 4749
2438, 4677
4678, 4735
4679, 4706
4541, 4680
260, 4681
105, 4683
4687, 4819
4138, 4690
4691, 4825
4694, 4796
1247, 4695
654, 4696
445, 4700
155, 4701
3794, 4704
1670, 4706
3318, 4708
3948, 4709
2052, 4710
4080, 4711
1381, 4712
1929, 4715
1355, 4716
2972, 4719
4720, 4825
3696, 4722
368, 4724
365, 4725
2838, 4726
769, 4728
3804, 4729
2985, 4732
550, 4734
1868, 4735
4665, 4737
4149, 4738
2649, 4739
4740, 4939
3399, 4743
1320, 4744
4745, 4861
3327, 4750
2669, 4753
3249, 4755
3182, 4757
1180, 4759
1368, 4761
1731, 4763
2969, 4764
3762, 4767
921, 4769
1764, 4770
2605, 4771
2842, 4774
3059, 4775
167, 4776
4780, 4784
2853, 4782
1369, 4787
4355, 4788
2278, 4789
340, 4790
836, 4792
524, 4794
252, 4795
2896, 4796
30, 4798
2519, 4802
2227, 4803
3958, 4804
4285, 4805
3491, 4806
2043, 4811
1201, 4812
971, 4815
1878, 4816
4006, 4818
3142, 4821
308, 4822
2061, 4827
1623, 4829
1792, 4830
4080, 4836
4477, 4838
539, 4841
2514, 4845
2152, 4846
477, 4847
3142, 4849
4077, 4850
1759, 4856
3802, 4858
731, 4859
875, 4862
104, 4863
704, 4864
4784, 4865
1067, 4866
2504, 4868
927, 4869
463, 4873
3450, 4875
4843, 4877
4545, 4882
4784, 4884
4162, 4886
4504, 4888
1436, 4889
1352, 4892
641, 4893
667, 4896
1709, 4897
4841, 4899
4078, 4900
2513, 4901
914, 4902
2454, 4903
1547, 4910
1524, 4911
1100, 4917
3270, 4918
1242, 4921
1162, 4923
4925, 4956
716, 4926
4244, 4927
616, 4928
264, 4929
3095, 4930
759, 4931
2910, 4933
2173, 4934
3006, 4936
274, 4937
266, 4940
3361, 4941
3403, 4942
4561, 4944
248, 4946
3467, 4949
1261, 4951
4916, 4952
3781, 4953
2338, 4956
311, 4959
4962, 4964
1089, 4967
1441, 4968
1686, 4969
1534, 4973
120, 4974
2338, 4977
2360, 4979
2495, 4980
2636, 4981
1770, 4984
4967, 4986
300, 4987
361, 4988
4099, 4993
4053, 4994
1404, 4997
2097, 4998
608, 4999
844, 1035
1, 2796
888, 3442
221, 3640
1827, 3256
3814, 4854
1309, 2260
8, 3356
167, 4508
3028, 4351
11, 1681
37, 2083
132, 2166
360, 1494
665, 1699
523, 4398
214, 2056
741, 4254
24, 3769
602, 4465
26, 1880
176, 2761
3561, 4327
31, 43
914, 2989
1635, 2833
384, 2162
3026, 3985
36, 4477
38, 3731
29, 39
40, 711
875, 2028
1146, 3551
556, 2873
49, 4981
3906, 4758
401, 2168
345, 3162
3492, 4328
1393, 3848
1531, 4205
61, 2082
1316, 3683
378, 1694
2713, 3337
2020, 2670
67, 4673
1086, 3260
69, 2747
2387, 4232
413, 2995
74, 4399
76, 1172
77, 2027
2826, 3515
1164, 4670
277, 1991
2707, 4429
1665, 4399
2799, 3809
21, 3997
1484, 4497
1110, 4409
1141, 4419
99, 435
274, 2911
163, 846
104, 1734
2780, 3641
1069, 1368
1188, 3300
2073, 4592
111, 844
112, 2533
1274, 1970
1091, 3340
115, 1448
127, 528
1179, 2927
119, 3014
2973, 3781
124, 687
1687, 2237
699, 2806
2842, 4741
129, 1205
1801, 4496
554, 1033
1541, 2662
3787, 4662
1805, 4051
560, 4641
2882, 3551
1255, 3393
145, 680
701, 1550
147, 2838
1358, 2700
150, 3411
594, 4309
1460, 3210
1077, 4141
2548, 4578
156, 4413
395, 1311
342, 2935
159, 1249
4341, 4689
162, 900
2795, 2891
1601, 3916
171, 2086
168, 2215
2426, 2936
916, 2801
1298, 4025
1825, 4070
883, 2176
1408, 2095
178, 1125
180, 3100
181, 3246
224, 3016
183, 2988
2842, 4253
185, 4993
186, 3836
802, 2287
1393, 3323
190, 1557
1261, 4479
587, 2390
2560, 4852
342, 2671
432, 2718
220, 3128
198, 4212
4184, 4996
2379, 2567
202, 702
1242, 2256
4237, 4461
1224, 2041
1350, 2304
3565, 4344
3528, 4036
350, 804
2989, 4151
1742, 3631
2401, 3102
230, 4377
2778, 3077
1106, 3836
3815, 4100
241, 2193
1838, 3010
2393, 2471
1526, 4572
837, 3219
122, 3243
3011, 3036
251, 1830
3986, 4499
2632, 4310
1170, 3463
536, 2312
571, 2815
967, 3946
1808, 4681
1239, 4870
2188, 3541
1951, 2687
446, 1386
59, 808
2488, 3946
1955, 3171
1565, 3630
387, 3533
2358, 2806
1976, 4008
95, 394
850, 4057
896, 3563
2766, 4274
4071, 4192
534, 3728
1797, 3591
291, 4778
292, 2007
1110, 2850
872, 2736
1203, 1504
970, 3100
951, 3179
4067, 4362
104, 3514
1311, 2813
756, 4752
1403, 2180
308, 1263
785, 1785
822, 2037
965, 1882
312, 3888
315, 3117
1366, 3978
318, 3265
1157, 2502
1076, 4158
1088, 1713
322, 865
1722, 2033
657, 4345
330, 1589
919, 1527
2616, 4807
2541, 3174
334, 1977
4876, 4904
1401, 4779
2660, 3690
1071, 4851
601, 4514
397, 2176
1251, 4379
686, 3949
352, 784
1198, 3029
1742, 2792
359, 1407
363, 1535
364, 3900
1662, 3297
1266, 2511
3785, 4189
667, 1208
893, 3445
586, 1163
376, 2771
380, 2446
3663, 4689
3028, 4665
383, 1561
1311, 3740
4443, 4939
389, 2508
1477, 1729
3835, 4132
446, 1219
769, 1166
400, 3895
401, 2796
3308, 3530
3879, 4820
3637, 4893
2491, 4062
1407, 4943
2268, 4207
1854, 3736
2227, 4664
550, 1158
415, 3743
1778, 4396
1126, 4534
2047, 2346
422, 2024
424, 3481
425, 3981
3834, 4656
429, 2696
434, 1869
435, 2258
741, 2436
437, 4687
560, 954
442, 2933
689, 3793
444, 3763
445, 4179
2115, 2878
2301, 4258
1623, 4114
452, 751
455, 3236
469, 3465
1271, 4140
459, 4765
2973, 3806
2240, 4637
2378, 3732
1748, 4324
2981, 4950
473, 1079
3770, 4184
829, 2067
479, 1334
1081, 2533
253, 1815
779, 1744
1427, 2849
1650, 2138
3450, 4798
1073, 3095
1523, 4106
1444, 4906
416, 501
3131, 3274
506, 1231
507, 1143
1650, 1934
509, 3936
414, 1883
518, 4397
3719, 4855
521, 2835
530, 4015
1870, 2909
2124, 4558
1302, 1812
2006, 2176
761, 2522
2430, 4895
547, 4133
2343, 4471
777, 2274
1585, 4636
555, 3644
557, 4251
2545, 2847
560, 1602
1045, 3595
563, 4281
1520, 4298
3420, 4851
569, 2467
570, 4926
2778, 3419
575, 4442
576, 4772
4210, 4351
1987, 4115
405, 579
759, 3980
134, 2304
1001, 2518
3461, 4755
585, 1788
849, 3537
1839, 2120
1851, 2265
3102, 3834
1758, 2886
607, 852
3718, 4647
304, 1795
2986, 4149
3213, 3588
1253, 3791
4003, 4006
621, 3642
3253, 3365
1229, 3090
2601, 2644
945, 2533
635, 1156
2412, 4063
638, 3245
3498, 4014
2454, 2583
645, 1899
685, 2454
7, 648
1876, 3111
651, 1913
1683, 4531
3941, 4852
1064, 4317
736, 4548
2716, 4341
3363, 4581
669, 2063
197, 1184
92, 4354
908, 3946
1184, 1645
3984, 4310
681, 2540
1599, 4511
688, 3862
3808, 3884
562, 1864
764, 4429
5, 2880
696, 2042
3461, 3863
966, 2340
1424, 2786
3272, 4306
706, 4694
229, 964
2407, 3601
1450, 2163
1075, 3250
1730, 2517
949, 3644
3395, 3479
727, 2896
4070, 4975
2551, 3081
730, 3316
733, 2449
1334, 2360
890, 3868
1264, 2720
1914, 3925
4962, 4965
1183, 4557
1655, 2860
2157, 4006
763, 1148
976, 1777
1619, 2551
2603, 4440
778, 1335
779, 3808
3198, 3516
309, 784
48, 1723
1254, 3968
1499, 2979
792, 2625
795, 2722
1774, 3672
799, 3752
2170, 4605
802, 3840
2558, 4209
807, 940
1309, 4464
1715, 3352
4172, 4836
1247, 3757
818, 4084
1587, 4479
1390, 4460
550, 826
495, 4692
831, 2611
73, 2125
834, 4490
3033, 3482
847, 3257
848, 960
605, 1575
2036, 3367
2651, 2940
855, 3739
3312, 4773
2855, 3230
490, 4563
2227, 3100
901, 1227
145, 866
959, 2281
2425, 4945
998, 3237
2467, 3476
1705, 3710
525, 3509
3593, 3837
885, 3807
886, 4999
1982, 4843
866, 2563
897, 3291
2594, 3526
2317, 4800
904, 1615
1848, 3582
910, 4498
3983, 4569
2845, 4264
2606, 3040
917, 986
920, 2146
1321, 4375
304, 3265
225, 747
1223, 1258
3085, 4853
18, 3222
1243, 4530
943, 1012
132, 3125
149, 947
2437, 4232
2719, 4355
134, 956
1964, 4228
2601, 4878
1180, 2913
1410, 2192
2099, 2772
2136, 3534
883, 1679
927, 3639
2862, 4296
983, 2726
3915, 4029
331, 985
988, 3440
1790, 3839
994, 4817
3934, 4625
410, 4830
2841, 4290
2057, 2061
111, 2071
1857, 4918
1006, 2211
1082, 3475
2331, 2430
1045, 3001
1013, 4748
1015, 4887
3060, 3214
3548, 3721
724, 2653
436, 3361
1369, 2589
4727, 4743
867, 1026
2714, 3252
350, 2642
971, 3020
1031, 4509
1824, 4648
1041, 3535
1221, 1499
2850, 4779
2988, 3512
1048, 4148
1049, 2521
2216, 4124
3038, 3779
3952, 4723
1055, 4716
949, 1056
1447, 4666
3794, 4571
346, 1996
1734, 2659
3831, 4026
763, 1483
1072, 2484
1083, 4341
1378, 4785
1089, 2635
2758, 3994
3234, 4649
1263, 2500
2956, 4754
18, 2717
2298, 3538
228, 1111
1115, 3323
1820, 1923
1117, 2549
4595, 4648
1130, 2012
292, 1132
2775, 3928
4633, 4864
4392, 4917
1383, 1600
1138, 4304
1140, 2046
3575, 3749
2404, 4303
1145, 1681
1915, 3117
203, 1150
543, 4717
1468, 2658
295, 1604
253, 3471
1162, 1394
1163, 4512
453, 1175
1402, 2963
2449, 3454
822, 1449
2492, 2534
2816, 3167
1200, 2518
48, 1202
2715, 3039
3206, 4271
1725, 2356
1802, 4262
2315, 4827
1214, 2885
1742, 2218
4684, 4868
1895, 3671
1282, 4867
2135, 2408
4644, 4864
1238, 3042
2856, 4037
2477, 2790
1256, 1293
1410, 1415
527, 2164
1341, 4078
1270, 2533
3187, 3441
1689, 4133
229, 4446
1291, 2396
4456, 4561
1296, 2739
1348, 1584
4055, 4860
1314, 3988
1556, 4922
418, 1318
1780, 2541
3642, 4726
1325, 2781
4693, 4810
1460, 3707
3892, 4143
1337, 4296
2282, 3709
2725, 4280
835, 4871
2117, 4231
1569, 2403
3898, 4820
674, 1364
781, 1365
3763, 4905
498, 3477
1373, 4659
1374, 1577
2411, 3959
2931, 4857
3591, 4617
1397, 2667
1482, 3408
518, 4554
1567, 4461
1065, 1404
3049, 4504
3853, 4907
1875, 2463
1429, 2025
131, 1527
608, 1748
339, 1753
2382, 2431
2601, 4040
1906, 3404
1440, 2531
1600, 3370
1170, 2791
1455, 2775
3248, 4698
2644, 4152
294, 4526
2281, 4608
4751, 4916
1475, 4396
1249, 1395
3197, 4409
3499, 4388
2451, 4431
4351, 4606
77, 1488
1489, 4698
1493, 3791
2275, 4698
633, 4444
2585, 2954
4, 4295
655, 659
2574, 2609
3210, 4449
2482, 2820
107, 1536
809, 3904
2050, 2427
1553, 3346
3376, 4549
1038, 3070
2168, 3553
758, 4762
1668, 3213
1582, 4812
1583, 3076
3010, 4602
1702, 1920
1598, 1643
46, 1852
955, 3843
282, 3591
636, 3894
3738, 4883
1169, 3694
2779, 3936
2782, 3955
1408, 2763
1631, 1771
1632, 4683
1587, 2967
418, 2793
2850, 3664
1648, 2070
2737, 3639
1771, 3073
2616, 4813
1499, 1664
2247, 3157
277, 4097
2507, 3667
2470, 3621
4619, 4831
2236, 4689
1692, 3317
4600, 4607
1698, 3761
4365, 4958
4238, 4512
874, 1721
4495, 4939
3584, 4369
577, 1735
1910, 4040
1623, 1757
1301, 2519
257, 2257
3438, 4352
630, 666
4167, 4823
1779, 3104
3404, 3927
2051, 2296
1994, 3861
2606, 4871
1486, 3929
1980, 2160
2957, 3518
2552, 4530
3732, 3999
3136, 3178
1818, 1832
1833, 3328
2362, 3000
1384, 1835
2672, 3816
3288, 3366
3829, 4714
1853, 3342
2737, 4539
195, 2318
1884, 2625
2571, 4969
2810, 4073
3202, 3594
1638, 1896
3679, 4515
916, 2200
2888, 4040
1677, 1907
507, 4018
1544, 2543
75, 1375
1932, 1946
1947, 4199
3281, 3799
2152, 3645
1960, 2454
4138, 4291
866, 1965
3886, 4197
164, 1970
1568, 1972
258, 2332
2604, 4225
1989, 4885
1315, 1990
1999, 4593
1754, 3218
1844, 3047
208, 4747
232, 3651
2554, 2987
2692, 4136
1562, 2997
2665, 4104
2032, 3667
337, 4092
1089, 2049
331, 4032
2917, 4799
2068, 3453
3557, 4416
1309, 2079
946, 2526
2221, 4155
2444, 4262
3165, 3599
587, 2460
3471, 3604
536, 4484
2158, 3905
2641, 3978
2160, 3306
2161, 4699
3049, 3806
3453, 4210
2177, 4946
2181, 3049
1718, 3938
2286, 3190
855, 3751
2195, 4164
2741, 4634
2412, 4256
490, 2209
1568, 4991
1895, 4782
2217, 3240
2910, 4872
1524, 4522
4184, 4219
3114, 4955
2455, 2506
2778, 3022
2269, 2295
2616, 3402
564, 2091
259, 2284
2691, 4238
2756, 3436
1202, 2292
170, 4048
3049, 4826
1683, 2303
164, 3581
785, 918
2447, 4022
1943, 2418
1203, 3828
2524, 4014
2600, 3779
2259, 3374
2413, 3815
2428, 3081
4162, 4270
2651, 4337
1285, 3384
652, 4460
2590, 3499
961, 2465
2474, 2586
3255, 4123
2081, 2916
3683, 4839
2973, 3909
263, 3232
2537, 3823
2548, 4288
3607, 4213
109, 3044
1130, 3412
3931, 4624
3518, 3890
3243, 3769
3930, 4433
1833, 2627
1778, 2628
78, 1011
1825, 3623
2649, 3122
1899, 4629
2666, 3688
2518, 4064
1253, 2683
2685, 4188
387, 2978
358, 3377
3533, 4600
1039, 3003
617, 4285
3094, 3272
3236, 4391
3857, 4505
1595, 2883
2914, 3075
2915, 4770
3625, 4919
1770, 3747
2545, 4284
3031, 4551
2276, 4777
3821, 4517
3074, 3294
1488, 3079
1054, 4438
2547, 3089
0, 4590
1775, 3108
3113, 3129
106, 3259
527, 4674
4640, 4647
2399, 4592
3150, 4990
715, 2066
3473, 3576
4084, 4688
1122, 3196
1369, 3760
3683, 3795
1884, 3251
608, 3767
99, 4096
881, 3401
2279, 3282
165, 1792
687, 3840
3606, 4994
4540, 4989
1068, 3338
1923, 3373
2971, 3379
4119, 4378
3431, 3804
305, 4120
3790, 4073
656, 1482
2424, 3445
3448, 3632
3540, 4977
2695, 3833
909, 4094
3402, 4081
1792, 3559
2513, 4331
2502, 4413
3660, 3713
3806, 4935
1638, 3912
1899, 2306
214, 4128
2971, 3943
1502, 3832
2630, 4280
2620, 4912
2164, 3772
4100, 4707
2273, 4131
3054, 3800
3826, 4949
1822, 4326
1033, 4417
3871, 4970
272, 3947
2971, 3953
109, 3969
2726, 4157
4668, 4744
1454, 4819
3818, 4009
2268, 4643
1025, 4346
40, 4957
1583, 4075
1878, 4213
2375, 4222
3696, 4107
1984, 2785
1504, 4535
2386, 4204
367, 536
93, 4742
1514, 4818
518, 3825
2589, 4604
4230, 4440
2636, 4691
2347, 4745
3035, 3468
3131, 3946
521, 1827
328, 4550
104, 1354
2277, 2439
15, 1748
1554, 3335
1998, 3457
1880, 4003
3118, 4327
358, 1941
44, 2575
748, 1176
2587, 2636
459, 4143
2276, 3577
20, 4385
1324, 1586
1767, 3711
3805, 4954
1173, 3961
1086, 2530
765, 1351
3727, 4496
217, 1847
2863, 3918
391, 498
3538, 4645
760, 2431
1484, 1652
2045, 4066
497, 3738
2760, 3537
2720, 3763
1110, 2037
1069, 1181
56, 862
898, 2594
129, 4605
3417, 3764
1581, 2518
1154, 2700
3910, 4289
2961, 4862
160, 4269
751, 900
1712, 2759
788, 1321
608, 4697
1047, 4616
1518, 3666
1057, 1746
1077, 3254
2892, 3941
2718, 4443
527, 1247
1432, 1808
2926, 4946
3414, 4584
1099, 3157
1315, 2211
2499, 4524
667, 3878
361, 3220
326, 827
3389, 4894
2107, 4790
2726, 4331
1934, 4067
306, 2322
674, 4461
130, 2765
220, 2913
2305, 2837
865, 4972
2156, 3160
2039, 4435
365, 1780
851, 4876
1335, 4616
1767, 4488
2193, 4659
445, 2025
732, 3297
71, 1551
1535, 4540
1803, 4992
769, 2948
1189, 2864
404, 2245
1520, 1652
3295, 3438
1081, 2762
964, 2365
434, 2265
1588, 4302
377, 4334
1799, 2551
300, 4722
1437, 4703
2514, 4190
2774, 3660
2378, 3098
3766, 3776
2693, 2983
1231, 2743
2019, 3998
2779, 3028
1971, 4966
773, 4592
2387, 4558
929, 3390
60, 547
3771, 4620
1984, 3046
1084, 3733
575, 599
1673, 3055
349, 967
896, 4564
2326, 3847
1634, 4212
1580, 2172
1917, 2477
540, 1734
1876, 3055
1971, 4792
1883, 4130
2278, 4063
353, 3552
823, 2376
149, 709
2705, 2865
1868, 3806
3257, 3861
1903, 4018
3849, 4596
3181, 4547
1733, 2736
1092, 1594
1016, 2553
2506, 2730
960, 2462
1165, 1608
1308, 3634
1328, 4945
1273, 4799
2126, 4207
1486, 3474
311, 1955
1114, 4063
1102, 3565
4689, 4962
582, 935
4323, 4999
2136, 3417
2188, 4256
1502, 2228
789, 4460
1204, 4830
1490, 2847
3475, 3577
212, 1370
2762, 4648
3115, 4766
2449, 4055
493, 3497
2562, 2580
3867, 4543
1725, 3565
4262, 4441
723, 2135
566, 1135
521, 3763
2097, 2949
2373, 4055
372, 884
1549, 4871
1144, 4251
29, 3587
1781, 2198
1070, 1462
292, 4418
2873, 4940
1427, 1462
1433, 3389
2712, 3381
916, 2317
89, 2808
842, 2723
36, 2930
1782, 3914
1533, 3628
827, 2842
3151, 4879
1304, 1474
2895, 3749
3828, 4559
119, 640
2251, 4545
2547, 2859
3928, 4919
3348, 4539
115, 656
1011, 3833
1823, 3142
1210, 4920
3486, 4053
2005, 3540
2755, 2871
2039, 4627
1502, 2712
2482, 4322
4073, 4415
2477, 2727
2875, 3598
2250, 2614
909, 4815
3217, 3629
1971, 3360
394, 2974
2597, 4993
1989, 3867
2374, 3598
1785, 2041
71, 2614
2007, 4801
2896, 4719
1180, 2202
2133, 2472
1066, 2483
1408, 1591
1814, 3556
44, 2029
1927, 2562
2399, 3521
2508, 4976
1601, 4350
1660, 4718
2905, 3404
733, 3039
1822, 2917
959, 3971
2323, 4972
1014, 2535
3738, 4465
2649, 4062
2653, 4810
1405, 3916
2039, 4543
308, 1454
