2.454554
0, 241
1, 1946
2, 3946
3, 145
4, 455
5, 3407
6, 2848
7, 1619
8, 826
9, 3227
10, 2756
11, 1842
12, 241
13, 4318
14, 4760
15, 3362
16, 338
17, 1585
18, 3656
19, 1472
20, 47
21, 2144
22, 4390
23, 3333
24, 1574
25, 3475
26, 4103
27, 1816
28, 3145
29, 3682
30, 3605
31, 1284
32, 2010
33, 4013
34, 1421
35, 1244
36, 4914
37, 3941
38, 755
39, 2417
40, 871
41, 3127
42, 148
43, 3382
44, 4502
45, 3123
46, 1271
47, 3336
48, 2037
49, 2999
50, 2981
51, 2620
52, 1903
53, 4601
54, 2413
55, 1442
56, 3740
57, 1584
58, 2027
59, 4457
60, 3327
61, 1181
62, 2590
63, 3377
64, 3669
65, 1271
66, 2123
67, 2716
68, 4071
69, 4956
70, 1379
71, 365
72, 4513
73, 2036
74, 1444
75, 4776
76, 2695
77, 2287
78, 1488
79, 1625
80, 4604
81, 3693
82, 4572
83, 2062
84, 4211
85, 1114
3, 86
87, 1982
88, 3893
89, 3966
90, 2425
91, 136
92, 2253
93, 718
94, 2670
95, 402
96, 574
97, 1404
98, 3551
99, 3337
100, 2666
101, 1176
102, 3487
103, 4101
104, 3293
105, 523
106, 4100
107, 610
108, 1735
109, 502
110, 392
111, 1665
112, 2504
113, 3489
114, 4429
115, 218
116, 3702
117, 1406
118, 2525
119, 2161
120, 4840
121, 2829
122, 662
123, 1728
124, 4042
125, 3181
126, 2815
127, 1167
128, 3073
129, 850
130, 2515
131, 3279
132, 1264
133, 2700
102, 134
135, 3076
137, 786
138, 1670
139, 546
140, 3007
141, 4775
142, 1097
143, 2620
144, 1377
145, 146
147, 4720
148, 3813
149, 3680
150, 1921
151, 4130
152, 3799
153, 2255
154, 2179
155, 1032
156, 3389
157, 1798
158, 1644
159, 4290
160, 715
161, 1139
162, 3008
163, 4891
164, 3011
120, 165
93, 166
167, 925
168, 2040
169, 1630
170, 4268
171, 1169
172, 2427
173, 2171
174, 2621
175, 343
176, 864
177, 2282
84, 178
179, 936
180, 1684
181, 1518
182, 4035
183, 1041
184, 1082
185, 195
186, 3390
187, 1888
188, 4471
189, 4619
190, 1361
191, 3625
192, 3843
193, 736
194, 1394
195, 3112
196, 1522
197, 4471
198, 1158
199, 4693
200, 3940
201, 3238
202, 4058
203, 3000
204, 4977
205, 766
206, 1688
207, 389
208, 488
209, 4919
210, 3099
211, 456
212, 1181
213, 1379
214, 3482
215, 3368
216, 4589
217, 1102
219, 280
220, 2240
221, 4330
102, 222
218, 223
224, 3152
225, 2553
226, 4646
227, 3668
228, 1021
229, 3212
230, 1585
231, 412
232, 1808
233, 2354
234, 4922
235, 3026
236, 1776
237, 1401
238, 3622
239, 1711
240, 2865
242, 1798
243, 513
244, 300
245, 1711
246, 4234
247, 3613
248, 2577
249, 1948
250, 4971
251, 2605
252, 1061
253, 3062
254, 4783
255, 1245
256, 2051
257, 697
258, 4476
259, 3746
260, 4867
261, 2466
262, 1815
263, 3411
264, 2082
265, 2664
266, 948
267, 3393
268, 2606
269, 4498
270, 3270
271, 4770
272, 1462
273, 435
274, 3194
275, 3862
276, 686
277, 2647
278, 4668
279, 3628
280, 597
281, 863
215, 282
283, 594
284, 2696
285, 4644
286, 3527
287, 1860
288, 2435
289, 1883
290, 861
291, 1458
292, 4357
293, 1220
294, 1940
295, 2589
296, 4934
297, 1981
298, 3763
299, 3274
300, 3804
301, 1617
131, 302
303, 740
304, 2494
305, 4596
306, 844
307, 4862
308, 3158
309, 1023
310, 3319
311, 4652
312, 3017
313, 1246
314, 1651
315, 768
316, 1267
317, 689
100, 318
319, 466
320, 3987
321, 3069
322, 2716
323, 3797
324, 3427
175, 325
326, 2656
327, 947
328, 4210
329, 3072
330, 1069
331, 2461
332, 3504
333, 3638
334, 2081
335, 2224
336, 3279
337, 3968
339, 364
340, 1726
341, 3630
342, 580
343, 1260
344, 3377
345, 980
346, 2369
347, 402
348, 4957
349, 1841
350, 1709
351, 3155
352, 571
353, 2520
136, 354
355, 3438
356, 1962
357, 2691
161, 358
359, 3948
360, 2494
361, 3076
362, 4569
363, 3971
366, 4222
367, 3027
368, 506
367, 369
370, 3174
371, 3158
372, 812
373, 4528
374, 2219
375, 4435
376, 4086
377, 2570
378, 1805
379, 514
380, 2904
381, 1128
382, 3864
383, 4809
384, 1066
385, 681
386, 4065
387, 884
388, 3113
389, 1850
390, 985
391, 4299
392, 3713
393, 1107
394, 3615
395, 4408
396, 3040
397, 554
398, 2352
399, 777
400, 4309
401, 1335
402, 3681
403, 788
404, 1773
405, 2321
406, 704
407, 1170
408, 4441
409, 849
410, 894
411, 3767
413, 3037
414, 1915
415, 4422
416, 1260
417, 3986
418, 2345
419, 626
410, 420
421, 1667
422, 1069
423, 2250
424, 4731
425, 3734
426, 2130
427, 4479
428, 2697
429, 4767
430, 2119
431, 2320
432, 864
433, 1095
434, 4985
436, 533
437, 3839
438, 2560
439, 3352
440, 3492
441, 3186
442, 1138
443, 3692
444, 3350
445, 1828
446, 1661
447, 3428
49, 448
449, 2321
450, 2587
451, 2351
452, 4929
372, 453
454, 4138
457, 2205
50, 458
459, 4271
460, 961
461, 869
462, 2088
463, 4557
464, 3165
465, 1866
458, 467
468, 2274
469, 2993
470, 666
471, 3241
472, 2649
473, 4139
474, 3549
475, 4088
476, 3382
477, 4655
478, 1210
479, 3055
423, 480
481, 2279
482, 3957
483, 2052
484, 1839
385, 485
486, 4515
487, 1261
488, 4287
58, 489
490, 4684
491, 3298
492, 1529
493, 595
494, 2417
495, 4314
496, 2827
304, 497
498, 3143
499, 1954
500, 4526
501, 2664
502, 2929
503, 3259
504, 2753
505, 2295
507, 3725
508, 3809
509, 2461
510, 4610
89, 511
512, 3679
515, 3326
516, 3516
517, 4062
518, 2769
519, 1214
520, 4977
521, 4562
522, 3219
524, 3280
525, 1922
526, 3805
527, 641
528, 2321
529, 955
530, 2131
531, 3826
532, 3559
534, 4610
535, 4544
536, 2644
537, 4531
538, 3069
539, 1111
540, 3145
541, 3484
542, 3194
543, 1497
544, 2611
545, 2978
546, 2373
547, 2112
548, 3159
549, 2671
550, 3815
551, 4894
552, 4917
553, 2163
554, 2440
555, 4881
556, 1987
557, 3608
558, 915
559, 2701
560, 705
561, 2584
562, 3537
563, 700
564, 2116
565, 3407
566, 3509
567, 2802
568, 4021
569, 4061
570, 3017
571, 3847
572, 3154
573, 2022
574, 2151
575, 2194
576, 3067
577, 3010
578, 589
579, 2770
581, 4194
582, 4825
583, 4603
584, 2837
585, 1949
69, 586
587, 2560
588, 2605
590, 4007
591, 4582
592, 2438
593, 1811
567, 594
596, 3422
598, 1981
599, 3564
263, 600
601, 1727
602, 2767
603, 734
604, 3458
605, 4353
606, 1879
607, 3407
603, 608
609, 4130
610, 4734
611, 3610
612, 3169
613, 1416
614, 628
615, 953
616, 4593
617, 2424
618, 2147
619, 1376
620, 950
621, 1969
622, 3539
623, 985
624, 3533
385, 625
627, 2735
629, 3397
630, 1586
631, 3976
632, 3958
633, 4836
415, 634
635, 1897
636, 3689
637, 4877
638, 2546
639, 2315
640, 2136
641, 4962
642, 1363
643, 1421
644, 1884
645, 4187
646, 1401
647, 1943
648, 3531
649, 2197
650, 2592
651, 1626
652, 3045
653, 4544
654, 4858
655, 3645
656, 4962
657, 4301
658, 1952
659, 1704
660, 1118
661, 4732
662, 1034
663, 1874
664, 1192
665, 4602
667, 1789
668, 962
669, 1678
670, 1854
671, 3346
672, 3725
673, 1503
674, 1081
155, 675
676, 3261
677, 1618
678, 3591
679, 4229
680, 890
682, 3749
683, 754
684, 4697
685, 2310
687, 2390
438, 688
689, 789
690, 1829
691, 4047
692, 735
693, 1655
694, 3410
695, 971
696, 2141
697, 1299
698, 4027
699, 3018
701, 3819
702, 2358
703, 2268
706, 3899
707, 2339
708, 934
709, 2024
710, 2558
711, 3399
712, 3942
713, 890
714, 2197
715, 1464
716, 4544
651, 717
9, 719
720, 4920
721, 4587
722, 2569
723, 995
724, 1523
725, 3066
2, 726
354, 727
728, 1882
729, 3429
397, 730
731, 4937
732, 4225
733, 3350
734, 3619
736, 3149
737, 4538
738, 4494
739, 3340
740, 4703
741, 4563
351, 742
743, 1690
744, 2644
745, 3146
612, 746
747, 2631
748, 4320
749, 1847
677, 750
751, 1063
752, 3937
753, 1656
756, 1055
757, 4114
758, 3993
604, 759
760, 1528
761, 4538
762, 2800
423, 763
764, 4476
765, 3188
767, 3512
769, 4281
770, 1056
771, 4593
772, 4017
773, 1283
774, 1650
775, 3869
776, 3008
721, 777
778, 4741
779, 4737
780, 2369
569, 781
719, 782
783, 2843
784, 4144
785, 3491
787, 2421
789, 1035
790, 2321
791, 3510
792, 3348
793, 1502
794, 3002
795, 2761
796, 4224
797, 3705
798, 1174
799, 4284
800, 2225
576, 801
642, 802
803, 2628
804, 3225
805, 3260
806, 1926
807, 3886
808, 870
809, 3475
810, 3904
811, 2335
812, 4932
813, 1594
814, 2255
815, 2241
816, 1284
817, 2391
818, 3780
819, 2332
820, 983
821, 1311
822, 4232
823, 1949
824, 3610
825, 4602
826, 1981
827, 1878
828, 1428
829, 3104
830, 1913
831, 1831
553, 832
833, 1042
834, 1538
835, 3815
836, 4483
837, 3080
838, 2849
839, 4162
840, 4665
841, 1925
842, 888
843, 4768
845, 2217
846, 3967
847, 3477
848, 4909
849, 2226
851, 2501
852, 3462
853, 4291
854, 2917
855, 2527
856, 1537
857, 2420
858, 3556
859, 2942
860, 3017
861, 3907
862, 3392
863, 4540
865, 3229
866, 3331
867, 2695
868, 2562
869, 2647
872, 2046
873, 2191
874, 2145
875, 3126
876, 988
877, 3231
878, 1496
879, 2454
880, 3139
881, 2212
882, 2051
883, 2352
885, 3604
886, 1149
887, 1164
888, 4731
889, 1607
891, 1204
892, 4924
893, 3479
895, 2288
896, 1627
897, 4805
898, 4002
899, 4861
900, 4019
626, 901
679, 902
903, 3629
904, 3993
905, 4866
906, 3061
907, 4699
908, 2251
909, 4181
910, 3588
911, 4593
912, 2370
913, 1964
914, 3253
220, 915
916, 1607
917, 2977
918, 1648
919, 1083
920, 3124
921, 2137
922, 3518
923, 2521
924, 3438
925, 1208
926, 1474
927, 3281
928, 3392
929, 2236
930, 3020
931, 2589
932, 3923
933, 3486
934, 2683
935, 4565
937, 1795
938, 941
939, 4942
940, 3927
941, 2393
942, 3871
943, 3176
944, 4022
945, 2305
946, 4684
949, 1663
535, 950
71, 951
952, 1315
953, 4912
954, 2830
956, 2218
957, 4838
958, 4609
959, 2163
960, 1027
961, 3625
963, 2453
554, 964
965, 971
966, 1747
967, 1495
968, 2833
969, 1079
970, 3778
108, 972
973, 2473
974, 1717
975, 1058
976, 4548
977, 1749
978, 4785
979, 4402
981, 4843
169, 982
984, 4897
986, 1048
987, 1587
989, 3262
990, 1868
991, 2068
992, 2805
993, 4343
994, 1320
995, 1308
996, 3232
997, 4092
998, 3522
999, 3167
1000, 4248
1001, 2126
1002, 4592
1003, 4294
1004, 1680
1005, 2025
1006, 4172
289, 1007
1008, 3304
1009, 3053
1010, 4790
1011, 2925
1012, 2668
1013, 1614
1014, 2386
1015, 3084
1016, 4630
1017, 3017
1018, 2621
1019, 3458
1020, 1411
1022, 3683
1024, 3544
1025, 2891
1026, 4661
1028, 2888
1029, 4805
1030, 1169
1031, 2746
1033, 4264
1034, 3831
1036, 2492
1037, 2920
1038, 4514
1039, 1890
1040, 1575
1043, 4350
1044, 2406
1045, 2937
1046, 2224
1047, 4908
1049, 3795
717, 1050
100, 1051
1052, 4896
1053, 2725
1054, 1078
1057, 1397
648, 1059
722, 1060
765, 1062
1063, 4977
1064, 4407
1065, 4902
1067, 2869
1068, 4986
1070, 4441
1071, 4164
1072, 1423
708, 1073
891, 1074
1075, 2221
1076, 1903
1077, 2065
1078, 3360
1080, 1537
1081, 3407
1083, 2384
1084, 1670
1085, 4683
1086, 2025
1087, 2093
395, 1088
1089, 4781
1090, 3136
1091, 4092
1092, 2929
1093, 4415
1094, 3825
1095, 2442
1096, 4755
1098, 4724
1099, 4867
1100, 1948
1101, 1946
1103, 4810
1104, 4574
1105, 4298
174, 1106
1108, 1191
1109, 3948
124, 1110
1112, 2194
1113, 1263
1114, 1305
955, 1115
1116, 4775
361, 1117
1118, 3056
1119, 4943
1120, 2562
1121, 2684
1122, 4679
1123, 2221
1124, 2623
267, 1125
1126, 1385
1127, 3111
1129, 4548
1130, 2626
1131, 1763
1132, 4118
1133, 4984
1134, 1728
404, 1135
1136, 1783
1137, 3825
1138, 4298
1139, 2161
1140, 2791
1141, 2891
1142, 2990
1113, 1143
1144, 3630
1099, 1145
1146, 3010
394, 1147
1148, 4072
1149, 2899
1150, 4150
1151, 4550
1152, 1464
1153, 1966
1154, 2893
1155, 2374
1156, 1542
1157, 3629
1158, 2104
1159, 2674
1160, 1659
1161, 1593
1162, 3224
16, 1163
1164, 3058
1165, 2630
1166, 3017
1167, 3471
1168, 1468
1170, 2155
1037, 1171
1172, 2665
1173, 4314
1175, 1945
1177, 4025
1178, 3490
1179, 4064
1180, 3399
1181, 2617
1182, 3773
1183, 2963
1184, 3539
1185, 4609
1186, 4601
1187, 2021
1188, 3294
1189, 4059
1190, 3786
1193, 1803
1194, 2316
1195, 1860
1196, 1895
330, 1197
1198, 4320
390, 1199
985, 1200
1201, 1519
1202, 1276
1196, 1203
1071, 1204
1205, 4500
1206, 2007
1207, 2611
1209, 1384
1210, 4193
1211, 3242
1212, 2773
1213, 2916
1215, 3237
1216, 2640
1217, 1528
1218, 4766
634, 1219
1220, 2267
1221, 1419
1222, 2931
1223, 2513
1224, 2604
1225, 4471
1226, 3869
333, 1227
1228, 2271
1229, 1416
1230, 1559
1231, 1897
1232, 2219
1233, 3723
1234, 2862
1235, 4570
1236, 2287
1237, 3975
481, 1238
1239, 4654
1240, 4797
1241, 3905
1242, 3437
1243, 4102
1244, 3699
1245, 3329
102, 1246
1247, 3242
67, 1248
1249, 2024
1250, 2886
1251, 1699
1252, 2843
1253, 2356
1254, 3114
831, 1255
448, 1256
1257, 1278
1258, 2032
1259, 3411
1262, 3218
1263, 3259
1264, 2838
1155, 1265
1266, 3883
1267, 1816
1268, 3789
1269, 1991
1270, 4123
1272, 4366
1217, 1273
40, 1274
1275, 4272
1277, 4364
1278, 1701
1279, 4358
1280, 1315
1281, 1404
1282, 1389
1285, 2176
1286, 2889
1287, 4832
833, 1288
1289, 2449
1056, 1290
1291, 4289
1292, 3588
1293, 4614
1294, 2496
1295, 2768
888, 1296
1297, 3547
403, 1298
1300, 3346
1301, 4067
1302, 4765
1303, 4430
753, 1304
1306, 2458
1307, 3997
1308, 3576
1309, 3306
1310, 1654
1312, 2009
1313, 4798
1314, 3260
1316, 4065
1317, 3670
980, 1318
1207, 1319
1320, 4159
1321, 2766
1322, 3403
1323, 3816
1324, 2891
1325, 4925
1326, 3438
1327, 1889
1328, 2937
1329, 1934
1330, 2219
1331, 2093
1332, 1400
1333, 3039
1334, 3543
1336, 3628
1337, 4984
1338, 2260
1339, 2091
1340, 3021
1341, 2605
174, 1342
1343, 4781
1344, 3981
1345, 2995
1153, 1346
456, 1347
1348, 4125
1349, 4614
1350, 4444
1351, 2933
1352, 4090
1353, 4913
1354, 4037
1355, 2508
1356, 4881
1357, 2271
1358, 3389
101, 1359
1360, 4018
1362, 2460
88, 1364
1365, 4367
1366, 4830
86, 1367
1261, 1368
1369, 1908
1370, 2553
1371, 1773
1372, 1779
1373, 2467
1374, 1424
1375, 3672
1376, 3525
1378, 2029
1380, 3767
1381, 2223
1104, 1382
1383, 1497
1385, 4256
1386, 3240
1387, 2203
1388, 3983
1390, 4628
1391, 1434
1392, 4444
1393, 4295
1394, 3852
1395, 2529
1396, 3636
1398, 1905
1399, 1805
129, 1402
1403, 2366
1404, 3484
1405, 3498
1407, 4006
1408, 2532
1409, 4625
1410, 3000
14, 1412
1413, 4434
730, 1414
1415, 1613
1417, 1718
1209, 1418
1419, 2884
1420, 3208
1422, 3024
1424, 2528
1425, 3793
1426, 4331
1427, 2346
1429, 4231
1430, 2632
1431, 4355
1432, 2859
224, 1433
1435, 2895
1436, 4139
1437, 2880
1438, 2896
1439, 4410
1440, 2959
1441, 1574
1161, 1442
1443, 1737
1445, 2001
1446, 4532
1447, 2458
1448, 2327
1449, 3534
1450, 3801
1451, 3188
1452, 3162
1453, 1745
211, 1454
1455, 2097
1120, 1456
1189, 1457
1458, 2649
1459, 2188
1460, 3828
1461, 4100
1463, 2665
1465, 3266
1466, 2837
1467, 3212
1468, 1932
505, 1469
1470, 1634
1471, 2315
1472, 3423
1473, 4777
1475, 2760
1476, 4103
1477, 3338
1478, 3653
1479, 1560
1480, 3268
262, 1481
1482, 3663
1123, 1483
1484, 1902
1485, 2980
1245, 1486
1487, 2933
401, 1488
1489, 2616
231, 1490
1491, 3480
1492, 1993
1493, 2890
1494, 3922
1495, 3275
1496, 2122
1498, 4620
1499, 2158
1500, 4387
1501, 4274
1502, 1611
1503, 3100
1504, 1996
1505, 2310
1038, 1506
1507, 1755
1508, 1521
1509, 4382
304, 1510
1511, 2746
1512, 3167
1513, 4085
1514, 2062
1515, 1889
1516, 2620
1517, 1807
1518, 2488
1520, 3914
1522, 2081
1442, 1524
1525, 2792
1526, 4695
1527, 3706
311, 1530
1531, 3387
1532, 3466
1533, 2330
661, 1534
1535, 1749
1536, 2416
1538, 4571
1539, 2738
1540, 4895
1541, 2223
1542, 2005
1294, 1543
1544, 4163
1545, 4944
1546, 4240
1547, 2041
1548, 3611
274, 1549
1550, 4160
1551, 4075
1552, 4576
1553, 3073
1554, 2618
1555, 1954
1556, 3611
1557, 4913
1558, 3000
1559, 1990
1561, 2856
1562, 4328
1563, 3465
1564, 4244
1565, 4086
1566, 2647
1221, 1567
1568, 4554
1569, 1773
1570, 2743
1571, 3783
1572, 3139
1573, 4584
493, 1574
1576, 2983
1577, 4302
1578, 2197
1579, 3751
21, 1580
1581, 4978
1582, 2459
1583, 2290
1585, 3166
1586, 4402
1407, 1588
1589, 1814
1590, 3421
1591, 2243
1592, 2958
1594, 3444
1595, 2630
1596, 3654
1597, 4716
1598, 3774
1599, 4459
190, 1600
1340, 1601
1602, 3024
1603, 3212
1604, 4739
1605, 4442
1606, 2275
1607, 4757
684, 1608
1609, 4154
1610, 4231
1612, 2392
1613, 4673
1615, 3044
1616, 4336
1617, 3920
1618, 1646
37, 1620
1621, 2057
1622, 3996
561, 1623
1624, 3860
1625, 2901
1627, 2154
1628, 3119
1629, 4810
1359, 1631
1632, 2357
1633, 4808
1635, 2078
531, 1636
1637, 2178
1638, 4100
826, 1639
1640, 2780
1641, 2127
1642, 2208
310, 1643
1220, 1644
1645, 3396
612, 1647
1648, 3034
539, 1649
1651, 3125
1652, 2851
1653, 1741
1654, 1841
1657, 4728
1658, 2912
1443, 1659
1660, 1805
1662, 4985
1206, 1663
1664, 1739
527, 1666
1667, 4656
390, 1668
1512, 1669
1671, 1702
1672, 2935
1673, 3289
1674, 4397
1675, 3487
1676, 4383
1677, 3075
1679, 4439
104, 1681
1682, 1926
1683, 2257
1684, 4772
1685, 4249
1686, 2161
1687, 4540
1689, 2798
1690, 4275
700, 1691
1692, 2657
1693, 3450
1694, 4393
1695, 3522
1696, 3151
1028, 1697
946, 1698
1699, 1732
1700, 3720
1703, 3459
1705, 2796
1706, 4169
1707, 4387
996, 1708
1710, 4683
712, 1712
1713, 2040
1714, 2201
1715, 2803
1276, 1716
1717, 2187
1719, 3616
1720, 4699
1721, 3831
405, 1722
1723, 4486
1724, 4955
1725, 4528
1726, 4168
828, 1729
1730, 3556
946, 1731
1733, 3093
1052, 1734
1736, 4310
1738, 2454
803, 1740
495, 1741
1742, 3616
1743, 3224
469, 1744
1745, 3179
1746, 3007
1748, 2933
1750, 3511
1751, 2741
1752, 3030
1753, 4113
1754, 4552
1756, 3263
1757, 4718
1758, 3932
661, 1759
1760, 2367
1761, 2457
1762, 2461
1763, 4576
886, 1764
1765, 4556
1766, 4380
1767, 2437
1768, 2145
1769, 4324
1770, 2416
1771, 3495
1772, 3633
1774, 2699
1775, 2624
1777, 4912
1778, 1842
1779, 1905
1780, 4059
304, 1781
1782, 3892
127, 1784
1785, 4008
1583, 1786
1787, 2489
659, 1788
1789, 3594
1790, 3033
1791, 3229
1792, 4373
1793, 4840
1794, 2190
1795, 2183
869, 1796
749, 1797
1798, 4171
1799, 4204
1800, 4102
1325, 1801
1802, 2969
1803, 2008
1804, 3975
1806, 4304
1807, 4933
1809, 4318
1810, 4581
1811, 3296
1812, 4616
1813, 3994
1814, 3198
1817, 4025
1818, 4430
1819, 3454
1820, 4338
1821, 2596
1299, 1822
1679, 1823
1824, 4670
1825, 2553
1826, 4989
1827, 3133
1828, 2830
1829, 3818
318, 1830
932, 1832
1833, 4028
1834, 4108
1835, 2141
1836, 4010
851, 1837
1838, 3978
1058, 1840
1843, 2493
1844, 2688
1845, 3780
30, 1846
353, 1848
1849, 2838
885, 1851
1852, 2935
1853, 4065
1854, 2947
1855, 2765
1856, 3293
89, 1857
1858, 4065
1859, 2316
1305, 1861
1101, 1862
1863, 3776
1864, 2256
1865, 4507
1867, 2638
1868, 3298
1869, 4005
1870, 1948
1871, 2512
1872, 4690
1873, 3605
1874, 1940
1875, 4845
1876, 3495
1877, 2691
1879, 2069
1880, 4918
749, 1881
1882, 4759
1885, 4979
1886, 4827
1887, 2164
749, 1890
1891, 2073
1892, 3818
1893, 3363
1894, 3474
1896, 3271
244, 1898
1899, 3137
1900, 4892
1901, 4981
1646, 1902
1904, 2907
1906, 4793
1907, 2119
1908, 4586
1909, 3239
1910, 2170
271, 1911
1912, 2859
36, 1914
464, 1916
1917, 3888
1918, 3335
1919, 2067
1919, 1920
1921, 4015
499, 1923
910, 1924
1925, 2482
1926, 4339
1927, 4215
1928, 3553
1929, 4945
1930, 4625
1931, 3425
1602, 1933
1935, 4120
8, 1936
1937, 3474
1938, 3264
1939, 4386
1941, 2428
1942, 4752
493, 1943
26, 1944
1945, 3882
1946, 2077
1947, 3348
1948, 4471
1950, 4086
1010, 1951
1952, 3345
1953, 3091
1955, 3873
1956, 3101
1957, 3369
1308, 1958
1959, 4191
1960, 4836
1256, 1961
1963, 2711
1964, 2758
1965, 4132
1967, 4612
1968, 3600
1969, 3861
1970, 3859
1971, 4120
1436, 1972
1973, 2318
1974, 3817
1975, 2449
1976, 2801
1977, 3451
1978, 2022
1979, 4053
1980, 2767
1853, 1983
1214, 1984
1985, 2711
1986, 3921
1988, 3911
1989, 3881
794, 1992
1994, 3540
1995, 3994
1997, 4222
1998, 3236
1999, 3614
2000, 3004
2002, 4476
2003, 3264
2004, 2754
2005, 3645
2006, 2981
2007, 2777
2008, 4763
674, 2010
2011, 4392
2012, 3101
2013, 3666
2014, 4958
1421, 2015
1404, 2016
2017, 4854
2018, 3963
260, 2019
1263, 2020
2021, 4422
1102, 2023
2024, 2243
2026, 2049
2027, 4579
2028, 3862
2030, 2098
2031, 4262
2032, 4703
2033, 3445
696, 2034
2035, 3848
2038, 4315
2039, 3199
2041, 3994
2042, 2128
2043, 4721
2044, 4033
2045, 4130
507, 2047
2048, 4100
2049, 4383
2050, 3827
1926, 2051
2053, 3868
2054, 2754
2055, 3776
330, 2056
813, 2057
2058, 4869
1709, 2059
2060, 4028
2061, 4253
2063, 4007
2064, 4429
2066, 4403
957, 2070
2071, 4542
2072, 4938
561, 2073
2074, 3594
2075, 3946
340, 2076
386, 2078
2079, 4409
2080, 2782
2081, 4369
2032, 2082
1189, 2083
2084, 2718
1883, 2085
2086, 4684
2087, 2600
2088, 4425
2089, 3401
304, 2090
2092, 2750
2094, 3795
2095, 4177
1710, 2096
2099, 2688
2100, 2627
995, 2101
1630, 2102
1289, 2103
653, 2105
2106, 2231
563, 2107
2108, 4056
2109, 2295
2110, 4269
2111, 4294
1610, 2113
2114, 2289
2115, 2690
899, 2117
2118, 4769
2120, 4278
2121, 2219
2122, 3167
284, 2124
2125, 4472
2127, 4786
2129, 2948
2130, 2813
2132, 4262
2133, 3027
2134, 2324
2135, 4384
2136, 4222
2138, 4030
2139, 2658
2140, 4487
1819, 2142
2143, 4049
2146, 4595
1602, 2148
2149, 4807
2150, 3960
2152, 3912
1141, 2153
554, 2154
2155, 2720
1048, 2156
2157, 3994
2158, 4869
2159, 3647
2160, 3642
651, 2162
2164, 4386
2165, 4854
2166, 3959
2167, 2847
2168, 2667
2169, 2502
2170, 4287
2172, 4255
2173, 2776
2174, 2326
135, 2175
2176, 2922
2177, 4316
2180, 2752
2181, 2745
2182, 4414
2184, 2411
2185, 2287
2186, 4598
2189, 4958
2192, 2446
2193, 2366
2194, 3479
2195, 3932
2196, 3814
2198, 3154
1039, 2199
2200, 4885
2201, 4631
657, 2202
2204, 3692
2206, 2691
374, 2207
2209, 4835
2210, 4649
1231, 2211
2213, 4458
826, 2214
1969, 2215
2216, 2519
2217, 4494
2218, 2489
2220, 4366
1287, 2222
2224, 4265
2225, 4753
410, 2227
64, 2228
1788, 2229
2230, 4920
2232, 3339
2233, 3544
2234, 3126
2235, 4062
146, 2236
2237, 3866
363, 2238
2239, 2794
2241, 4733
2242, 4214
329, 2244
1412, 2245
2246, 4939
2247, 4926
2248, 3758
1880, 2249
2251, 2995
710, 2252
2254, 4344
2256, 4172
2258, 3299
584, 2259
430, 2260
2261, 4946
2262, 2464
2263, 2835
2264, 2536
2265, 3558
2266, 3639
2269, 3265
2270, 3298
2272, 2725
1839, 2273
2276, 3564
2277, 2344
2278, 4405
2279, 2752
2280, 4119
1996, 2281
2283, 4926
2284, 3406
187, 2285
2286, 4520
2287, 2509
1118, 2291
2292, 4404
396, 2293
184, 2294
2188, 2296
2297, 4837
2298, 2514
1518, 2299
663, 2300
2301, 2580
1940, 2302
2303, 3777
1926, 2304
2306, 4183
1783, 2307
855, 2308
2309, 3861
2311, 3090
2312, 3572
2063, 2313
2314, 4784
2, 2317
2318, 3133
221, 2319
763, 2322
2323, 2570
995, 2325
2326, 4438
2327, 3443
469, 2328
1400, 2329
2331, 4294
1922, 2333
2334, 2445
1340, 2336
450, 2337
2338, 4507
696, 2340
2341, 2993
2342, 3471
2343, 3313
2344, 3206
2345, 4371
2347, 4215
1894, 2348
2349, 3439
2350, 3445
2351, 2758
2353, 3332
2354, 4844
2355, 3835
2356, 2566
186, 2359
1857, 2360
2361, 3764
925, 2362
519, 2363
49, 2364
2365, 3648
2367, 3595
2304, 2368
1427, 2371
2372, 2659
2373, 2782
2375, 2636
2376, 4662
2377, 3633
2378, 3225
729, 2379
2380, 2613
2381, 2602
2382, 3880
2383, 3847
2162, 2385
2386, 2822
2387, 2869
236, 2388
2389, 2664
2390, 3285
2392, 4980
1825, 2394
846, 2395
2396, 2635
2397, 4372
1382, 2398
1223, 2399
2400, 3175
2401, 3604
2402, 4843
380, 2403
2404, 2963
2405, 4798
2406, 4745
2407, 2957
2408, 2880
418, 2409
1572, 2410
2411, 2479
2412, 4492
2413, 3445
1742, 2414
2415, 2542
2417, 4737
92, 2418
177, 2419
2422, 4118
2423, 3335
1391, 2424
2425, 2763
2426, 2727
2428, 3076
1759, 2429
2430, 3519
2431, 3644
2432, 3045
2433, 4115
641, 2434
2435, 3939
2436, 4058
2438, 4676
2439, 4084
2441, 3744
2443, 4921
2444, 3310
2446, 2463
1826, 2447
2448, 3474
2449, 4160
1499, 2450
2451, 3020
2452, 3886
1183, 2455
2258, 2456
2457, 2731
2462, 4761
2463, 3047
184, 2464
1873, 2465
2466, 4120
2468, 2992
2469, 4788
2470, 3765
2471, 2579
2472, 3143
2473, 3908
1892, 2474
2475, 4800
2212, 2476
2477, 4217
2478, 3854
2480, 3361
2481, 2503
2482, 4762
2483, 4046
1863, 2484
2485, 3223
2486, 4484
549, 2487
1702, 2490
294, 2491
2492, 3683
2278, 2495
2282, 2497
2498, 3173
2499, 4043
64, 2500
2502, 2644
93, 2505
2506, 3922
2507, 3033
2508, 4644
2509, 3256
2510, 4741
2511, 3563
1542, 2516
2178, 2517
2518, 4512
2519, 3797
2521, 3439
2108, 2522
186, 2523
337, 2524
2526, 4594
2529, 2768
2530, 3486
2531, 3034
2533, 4691
2534, 2697
2502, 2535
2536, 4149
1243, 2537
743, 2538
1906, 2539
2540, 4156
1176, 2541
278, 2543
1602, 2544
1227, 2545
2547, 3498
1265, 2548
1215, 2549
2550, 2727
2551, 4627
2552, 3182
2553, 4351
2554, 2838
2555, 3478
2556, 3312
2557, 2662
2558, 3062
1352, 2559
2561, 3954
2562, 3857
2563, 4378
2564, 3918
2565, 3689
2567, 3475
2568, 4315
2569, 3907
2570, 3781
6, 2571
2572, 2796
2572, 2573
2036, 2574
2254, 2575
2576, 4501
2577, 4005
2578, 4144
2579, 3548
2581, 3833
2519, 2582
2583, 3778
2433, 2585
2586, 3316
2588, 2787
2591, 3531
2592, 3501
1349, 2593
2594, 4277
1714, 2595
2597, 3007
2598, 2990
2599, 3269
480, 2601
2602, 3058
1883, 2603
2604, 3813
2199, 2607
2608, 4996
2609, 2677
2610, 4487
1417, 2612
2613, 4733
202, 2614
2615, 2952
652, 2618
2619, 4982
2622, 4583
2623, 2665
1576, 2625
2627, 4113
314, 2629
2630, 3794
2631, 4307
1986, 2632
1102, 2633
2634, 3008
2637, 2645
1731, 2639
2641, 2910
2642, 4860
2643, 3751
988, 2646
2647, 3286
2648, 3372
2649, 2730
1850, 2650
389, 2651
2652, 4114
1039, 2653
2654, 3834
1318, 2655
2656, 3128
2657, 3056
2660, 3107
2661, 3010
2662, 2768
868, 2663
2667, 3157
862, 2669
1548, 2672
1370, 2673
2674, 4527
613, 2675
2147, 2676
2678, 3050
2679, 2724
2680, 4647
2681, 4753
2682, 4669
2684, 3859
2685, 4702
2686, 3543
2687, 3975
2689, 3168
2690, 4416
2692, 3184
2693, 4259
2694, 4360
357, 2698
2699, 3887
2702, 3555
826, 2703
1626, 2704
2569, 2705
1465, 2706
514, 2707
2708, 4273
2257, 2709
2710, 3034
2711, 4069
2712, 4544
457, 2713
2714, 3708
2715, 3029
2717, 4590
2719, 4625
2721, 4462
564, 2722
2723, 4579
1839, 2726
220, 2727
245, 2728
586, 2729
169, 2731
2732, 4805
373, 2733
2734, 4172
367, 2736
2737, 3070
1205, 2739
2740, 3965
2742, 3529
2744, 3446
2529, 2745
2630, 2746
2747, 4157
1997, 2748
2749, 4772
2751, 2842
2132, 2752
430, 2753
2754, 3366
63, 2755
2038, 2756
2757, 4610
851, 2759
2760, 3951
1883, 2762
2764, 4572
2253, 2765
450, 2766
2767, 3521
243, 2769
2770, 3625
2771, 2915
2772, 4218
2774, 3723
2511, 2775
2776, 3318
2778, 4732
2779, 3631
2781, 3573
1926, 2783
2784, 2843
2003, 2785
869, 2786
2787, 3121
2788, 3344
2789, 4664
2790, 3763
2793, 2842
2794, 2986
2795, 3255
2797, 3840
2509, 2798
2799, 4239
1194, 2804
2806, 3373
2807, 3573
2808, 4549
2809, 3840
2810, 3779
1324, 2811
2812, 4099
2814, 3918
2815, 3232
2816, 3976
2817, 3801
2818, 3059
2819, 3179
2820, 4903
365, 2821
1649, 2822
2823, 3073
2824, 2925
2825, 4339
284, 2826
2827, 3526
2828, 4843
2829, 3615
2831, 4059
2367, 2832
2833, 3858
1087, 2834
2121, 2836
2839, 3146
423, 2840
2841, 3751
2843, 4982
2844, 3855
387, 2845
2846, 3317
437, 2847
56, 2850
833, 2852
584, 2853
1477, 2854
2304, 2855
2767, 2856
803, 2857
1055, 2858
2860, 3541
2861, 4935
2382, 2863
2864, 3531
2866, 4081
2867, 4992
2868, 3190
2390, 2870
2871, 3442
1940, 2872
2873, 3285
2874, 3121
2875, 2923
2876, 4405
2877, 4861
403, 2878
2879, 2888
817, 2881
343, 2882
2883, 4565
2885, 4809
2886, 4013
2213, 2887
2889, 4792
2892, 3283
2894, 4882
2895, 4931
2897, 4746
2898, 4103
2900, 3047
2818, 2901
2902, 4146
2903, 4921
2905, 4857
2906, 3552
2279, 2907
1602, 2908
2909, 3334
2911, 3396
394, 2912
2913, 3528
2914, 3814
2915, 4951
2799, 2918
486, 2919
2921, 4134
962, 2922
2923, 3303
2924, 3147
2926, 3336
2927, 3199
2928, 4156
2930, 3577
2931, 4824
2932, 4289
2934, 4019
2936, 3518
1847, 2937
1652, 2938
2939, 4134
2940, 4973
2941, 3350
2942, 3933
2790, 2943
1331, 2944
2945, 3071
2946, 4694
1690, 2948
1364, 2949
2950, 3644
2951, 4769
2953, 4208
2954, 4969
980, 2955
2956, 4602
2957, 4914
2959, 3111
2960, 3687
2961, 3908
2962, 4847
2117, 2964
553, 2965
1606, 2966
2967, 3899
2968, 4650
2969, 3871
2970, 3122
1386, 2971
2972, 3143
2413, 2973
2974, 3773
64, 2975
826, 2976
563, 2979
2980, 3464
2982, 3513
1114, 2984
892, 2985
2277, 2986
2987, 3408
343, 2988
2989, 4820
758, 2991
2992, 4190
2994, 3376
1416, 2996
2997, 4384
2998, 4923
525, 2999
3001, 4112
3003, 4247
828, 3005
3006, 3612
1371, 3009
3012, 3941
1245, 3013
3014, 4124
88, 3015
3016, 4530
668, 3019
688, 3022
3023, 4310
2599, 3025
3026, 3553
3028, 3978
3030, 3174
3031, 4481
3032, 4529
1332, 3035
3036, 4309
1327, 3038
3040, 4585
3041, 4567
1574, 3042
3034, 3043
3044, 4595
3045, 4301
517, 3046
3048, 3664
3049, 3057
3050, 3738
3051, 4184
3052, 3537
934, 3053
1808, 3054
3060, 3746
3063, 3454
3064, 4316
289, 3065
231, 3066
1278, 3068
3069, 3605
2322, 3070
3071, 4814
1868, 3074
3077, 4551
3078, 3971
673, 3079
326, 3081
3082, 3386
2345, 3083
1137, 3084
3085, 3511
2909, 3086
945, 3087
3088, 3375
1215, 3089
3092, 3966
3093, 4444
3094, 3362
1120, 3095
62, 3096
1397, 3097
3098, 4278
3100, 3156
3102, 4839
2192, 3103
3105, 3790
821, 3106
2954, 3108
3109, 4231
3110, 4909
406, 3111
631, 3115
3116, 4203
3117, 4447
3118, 4178
1311, 3120
1153, 3122
3123, 3772
2695, 3129
2705, 3130
3131, 4777
3132, 3456
3134, 4568
2851, 3135
3136, 3344
1345, 3138
3139, 3996
3140, 3456
1422, 3141
505, 3142
852, 3144
2131, 3148
2466, 3150
3026, 3153
1677, 3158
3159, 4592
2948, 3160
3161, 4313
3163, 3701
1502, 3164
3170, 3854
1242, 3171
2669, 3172
3176, 4794
1905, 3177
3178, 3829
3180, 3821
1630, 3182
3183, 3737
1767, 3185
3186, 3559
179, 3187
3189, 3662
3191, 4226
3192, 4694
3193, 4580
67, 3195
3196, 4229
1616, 3197
3200, 3673
415, 3201
1572, 3202
2566, 3203
3204, 3839
346, 3205
1593, 3207
3208, 4382
3209, 4772
3210, 4848
3211, 3596
3212, 4653
2580, 3213
1452, 3214
18, 3215
2652, 3216
2905, 3217
3219, 4078
3220, 4935
3188, 3221
2664, 3222
3223, 3793
2743, 3226
3228, 4823
3229, 4373
3230, 3727
3231, 4276
3233, 3999
3234, 3715
914, 3235
927, 3238
3239, 4634
3243, 4990
2075, 3244
3245, 3758
229, 3246
3247, 3824
1058, 3248
1776, 3249
888, 3250
3251, 3326
3252, 4960
2494, 3254
1873, 3257
1530, 3258
3259, 3535
3174, 3265
2038, 3267
3268, 3941
3271, 3366
919, 3272
2387, 3273
1494, 3276
1922, 3277
3278, 3978
3282, 4434
3284, 3486
3287, 3534
3288, 3661
3290, 4727
1498, 3291
3292, 4342
3295, 3692
1800, 3297
306, 3300
2838, 3301
3302, 4079
2660, 3303
1337, 3305
1346, 3307
302, 3308
3309, 3705
3311, 4732
3312, 4138
1609, 3314
3315, 3845
2486, 3317
1860, 3320
171, 3321
3322, 3517
3323, 4568
1311, 3324
3325, 3914
3326, 4206
1641, 3327
655, 3328
3330, 4049
3331, 3808
2577, 3332
3333, 4440
3335, 3899
722, 3339
3340, 3877
317, 3341
3280, 3342
3343, 3437
3347, 4765
3348, 4601
3349, 3652
3350, 3370
3351, 3705
1126, 3353
3354, 4458
2873, 3355
3356, 3934
1807, 3357
1639, 3358
3359, 3597
1231, 3364
3365, 4103
3367, 4925
3369, 4364
1391, 3371
3374, 3545
3378, 4204
530, 3379
3380, 3823
1827, 3381
3382, 4673
3383, 3876
3384, 3614
410, 3385
3386, 4335
2860, 3388
2558, 3391
3392, 4767
3393, 3680
642, 3394
715, 3395
1117, 3398
817, 3400
3402, 3812
1011, 3404
1451, 3405
1629, 3406
3408, 4130
3409, 4380
3412, 3719
2165, 3413
934, 3414
3415, 4917
182, 3416
3417, 4395
3418, 3801
3419, 3633
3420, 4971
3421, 4371
1512, 3424
3425, 4539
3129, 3426
2205, 3427
1583, 3428
3430, 3573
3431, 4784
2579, 3432
3254, 3433
1882, 3434
3435, 3558
3436, 4343
3055, 3440
444, 3441
920, 3442
3446, 3835
937, 3447
1927, 3448
3335, 3449
513, 3452
3453, 4051
3455, 3784
118, 3457
3459, 4831
1864, 3460
3461, 4883
1762, 3463
3373, 3467
3468, 3790
3469, 3522
2239, 3470
3346, 3472
588, 3473
2925, 3476
2924, 3480
3481, 3597
2081, 3483
333, 3485
2718, 3486
315, 3487
3488, 3664
1940, 3492
3493, 4002
3494, 4552
3279, 3496
3497, 3641
3211, 3499
3500, 4454
1018, 3502
3503, 3559
3504, 4472
1643, 3505
3506, 4225
3507, 4895
3508, 4822
3065, 3509
1404, 3512
413, 3514
2778, 3515
808, 3516
2128, 3517
1210, 3520
2132, 3521
2667, 3523
440, 3524
3525, 3827
1332, 3526
3528, 4485
3363, 3530
2647, 3532
3533, 3697
2042, 3536
3538, 4841
1767, 3540
2753, 3542
421, 3544
3546, 4139
3548, 4070
3550, 4851
1419, 3552
3554, 4267
1600, 3557
1037, 3560
3561, 4746
3562, 4310
3563, 4926
3565, 4477
3566, 4690
3210, 3567
3027, 3568
3569, 4290
63, 3570
1381, 3571
3573, 4225
1003, 3574
3575, 4385
2765, 3578
3579, 4351
1167, 3580
3581, 4529
2778, 3582
3583, 4781
3091, 3584
1885, 3585
3586, 4377
1699, 3587
2997, 3589
1841, 3590
2683, 3592
1551, 3593
3595, 4285
3598, 3712
3599, 3635
1852, 3601
1613, 3602
3603, 4649
3225, 3606
254, 3607
3609, 3980
3610, 4644
3611, 3810
3613, 4277
3617, 3941
1406, 3618
2747, 3620
1432, 3621
3623, 3870
3624, 4667
2224, 3626
3627, 4766
3629, 4814
3632, 4461
1017, 3634
3635, 4998
322, 3636
821, 3637
3640, 4544
3642, 4179
2572, 3643
3646, 3721
976, 3649
1642, 3650
3651, 4204
3652, 4748
268, 3654
1135, 3655
3657, 3767
3411, 3658
2764, 3659
3660, 4947
3145, 3662
3665, 4977
3667, 4595
2504, 3671
3672, 4536
886, 3674
2448, 3675
1181, 3676
276, 3677
1997, 3678
3682, 4006
1599, 3684
666, 3685
2992, 3686
3274, 3688
1793, 3690
2569, 3691
3221, 3693
3694, 3732
3695, 4754
772, 3696
3282, 3698
3696, 3699
3700, 4007
3702, 4918
2779, 3703
3318, 3704
2977, 3705
3706, 4240
3707, 4569
3396, 3708
2852, 3709
69, 3710
1089, 3711
3714, 3970
3716, 4667
423, 3717
1509, 3718
1910, 3720
1702, 3722
3009, 3724
3206, 3726
3727, 4886
2712, 3728
3729, 4185
3730, 4657
2696, 3731
3732, 4165
1656, 3733
3735, 4906
784, 3736
3739, 4422
3741, 4256
3742, 4283
3743, 4797
2025, 3745
2032, 3747
1575, 3748
3750, 4225
3751, 4355
2676, 3752
2839, 3753
665, 3754
3755, 4946
3756, 4816
3757, 4359
3348, 3759
826, 3760
1187, 3761
3762, 3774
2931, 3763
1885, 3764
3766, 4754
1363, 3768
3769, 4057
3770, 4023
3771, 4209
101, 3775
3777, 4593
3782, 4626
2628, 3783
3784, 4107
3785, 3892
3787, 4513
3371, 3788
3791, 3805
3792, 4593
605, 3795
972, 3796
1966, 3798
3800, 4603
3802, 4514
3803, 4143
3804, 3982
3805, 4320
3806, 4842
3807, 4427
993, 3811
3816, 4181
3817, 3874
3819, 3879
1169, 3820
3821, 4031
515, 3822
3824, 4520
3830, 4072
3094, 3831
1159, 3832
3833, 4628
3834, 3870
988, 3836
3837, 4222
2524, 3838
3841, 4820
3842, 4090
3471, 3843
2677, 3844
1176, 3846
3338, 3848
1562, 3849
3850, 4174
3186, 3851
1389, 3853
3647, 3854
853, 3855
2627, 3856
3859, 4519
266, 3860
2137, 3863
1001, 3865
3438, 3867
2802, 3868
2314, 3870
3872, 4179
3414, 3875
3350, 3876
2497, 3877
1574, 3878
294, 3884
3608, 3885
2201, 3886
3889, 4839
1746, 3890
3891, 4877
3894, 3926
3895, 4730
395, 3896
1405, 3897
112, 3898
3900, 4880
721, 3901
2635, 3902
1437, 3903
1462, 3905
1533, 3906
2463, 3909
3910, 4443
152, 3913
3915, 3981
3916, 4648
3917, 4195
3918, 4098
2197, 3919
1782, 3920
1003, 3921
2306, 3923
3024, 3924
2154, 3925
1144, 3928
3929, 3986
1882, 3930
1914, 3931
2306, 3934
1554, 3935
3936, 4264
2297, 3938
3940, 4736
430, 3943
3944, 4843
3945, 4922
1820, 3947
3949, 4569
2355, 3950
3951, 4833
3952, 4103
3953, 4888
3123, 3955
463, 3956
3957, 4828
1479, 3958
2670, 3959
3961, 4413
1709, 3962
3669, 3963
1247, 3964
1416, 3969
821, 3971
2082, 3972
1162, 3973
3974, 4482
3975, 4248
3977, 4847
1564, 3979
3982, 4604
752, 3984
3985, 4484
3987, 4281
3757, 3988
1952, 3989
2348, 3990
3991, 4676
3727, 3992
3911, 3995
3124, 3998
501, 4000
636, 4001
4003, 4742
3556, 4004
4007, 4638
678, 4009
901, 4011
4012, 4049
4014, 4716
4016, 4450
4020, 4253
1436, 4021
3260, 4023
1609, 4024
1946, 4026
114, 4029
4030, 4522
4031, 4477
4032, 4866
363, 4033
1754, 4034
4036, 4345
3445, 4037
4038, 4509
2108, 4039
2175, 4040
3749, 4041
4042, 4507
3797, 4043
191, 4044
3365, 4045
2980, 4048
2992, 4050
1895, 4051
1796, 4052
4054, 4329
4055, 4300
4060, 4626
253, 4061
4063, 4739
2122, 4066
1101, 4068
2347, 4071
542, 4073
628, 4074
1413, 4076
4077, 4908
1918, 4079
4080, 4130
2869, 4081
3538, 4082
505, 4083
3284, 4087
4089, 4966
4091, 4195
4092, 4724
4093, 4361
2859, 4094
2473, 4095
1437, 4096
3725, 4097
2922, 4104
3914, 4105
418, 4106
1853, 4107
2880, 4108
3363, 4109
3244, 4110
4111, 4727
4114, 4992
2670, 4116
4117, 4446
1868, 4121
859, 4122
2389, 4123
3625, 4126
4127, 4740
2911, 4128
1763, 4129
2106, 4130
3121, 4131
4133, 4273
4134, 4505
4135, 4257
4059, 4136
12, 4137
2935, 4140
1048, 4141
4142, 4937
4145, 4310
3802, 4147
4148, 4803
2571, 4149
826, 4151
1702, 4152
4153, 4427
460, 4155
4156, 4986
4158, 4408
4161, 4896
4162, 4429
2660, 4163
4165, 4969
1930, 4166
4167, 4820
2727, 4168
2777, 4169
322, 4170
3116, 4173
4175, 4511
4176, 4818
4177, 4556
73, 4178
1428, 4179
1385, 4180
2761, 4181
4182, 4632
277, 4186
3561, 4187
1743, 4188
1188, 4189
4191, 4500
1432, 4192
546, 4196
1660, 4197
3151, 4198
3003, 4199
1860, 4200
1983, 4201
748, 4202
207, 4205
2819, 4207
2366, 4210
3527, 4211
4005, 4212
4213, 4921
4214, 4501
1355, 4216
2027, 4217
4219, 4808
169, 4220
462, 4221
1176, 4222
47, 4223
3341, 4227
245, 4228
4230, 4499
1360, 4233
512, 4235
2477, 4236
4237, 4964
958, 4238
1958, 4239
4240, 4641
4241, 4377
3353, 4242
2606, 4243
4034, 4245
3381, 4246
361, 4249
2710, 4250
2667, 4251
1903, 4252
3436, 4254
4258, 4727
4260, 4607
3182, 4261
4263, 4389
2954, 4266
3416, 4267
3745, 4268
1032, 4270
4276, 4868
4277, 4542
3066, 4279
3805, 4280
1039, 4282
2108, 4284
1190, 4286
808, 4288
4290, 4760
1263, 4292
799, 4293
419, 4295
4296, 4391
4297, 4807
4299, 4773
588, 4303
4305, 4361
3491, 4306
2602, 4307
546, 4308
459, 4311
2477, 4312
4165, 4317
4319, 4341
4321, 4807
1861, 4322
3965, 4323
2266, 4324
443, 4325
3034, 4326
4327, 4825
123, 4329
1503, 4330
2758, 4332
2529, 4333
821, 4334
4123, 4337
3667, 4338
336, 4340
319, 4342
3081, 4346
4347, 4354
3031, 4348
3253, 4349
1482, 4350
3321, 4352
3862, 4356
4359, 4426
670, 4362
2561, 4363
3734, 4365
4368, 4868
4370, 4448
524, 4374
3942, 4375
206, 4376
1238, 4378
2179, 4379
4381, 4589
3667, 4384
4387, 4513
1839, 4388
4393, 4490
1690, 4394
4395, 4778
696, 4396
4398, 4617
4399, 4423
4073, 4400
2316, 4401
228, 4404
1897, 4406
329, 4409
1969, 4410
1280, 4411
274, 4412
592, 4417
424, 4418
2774, 4419
4420, 4605
613, 4421
1099, 4424
4428, 4945
1787, 4431
632, 4432
2908, 4433
2712, 4435
3845, 4436
3991, 4437
3060, 4441
4442, 4515
3638, 4443
3050, 4445
4448, 4651
2862, 4449
3971, 4451
3687, 4452
4453, 4544
4382, 4454
3825, 4455
2670, 4456
4457, 4484
295, 4460
1845, 4461
4462, 4857
2429, 4463
883, 4464
3310, 4465
3909, 4466
67, 4467
4468, 4757
4469, 4893
4470, 4884
4207, 4471
4085, 4473
3338, 4474
2803, 4475
4315, 4478
2891, 4479
4480, 4638
4114, 4484
4037, 4486
279, 4488
2577, 4489
1141, 4490
3844, 4491
4215, 4493
1277, 4495
4002, 4496
2692, 4497
2757, 4498
4502, 4791
1879, 4503
1314, 4504
1937, 4506
3262, 4508
266, 4510
4511, 4917
2331, 4516
1230, 4517
3807, 4518
22, 4521
1628, 4523
4524, 4701
1451, 4525
4528, 4896
828, 4532
3001, 4533
535, 4534
2917, 4535
1778, 4537
4005, 4541
3133, 4543
4544, 4642
4383, 4545
4546, 4629
4547, 4563
2941, 4548
937, 4553
1061, 4554
2948, 4555
648, 4558
636, 4559
4560, 4856
1643, 4561
1474, 4564
1692, 4566
2805, 4569
4570, 4587
3878, 4573
3020, 4575
3367, 4577
98, 4578
1946, 4582
3575, 4584
4588, 4764
3889, 4589
1225, 4591
1463, 4597
115, 4598
2121, 4599
4600, 4711
4510, 4606
2479, 4608
13, 4611
1925, 4613
120, 4615
1349, 4618
1265, 4621
484, 4622
2673, 4623
1949, 4624
4625, 4719
3484, 4626
318, 4633
3496, 4634
3720, 4635
279, 4636
4637, 4724
2177, 4639
4640, 4664
1644, 4643
3339, 4645
1737, 4646
159, 4647
2014, 4648
4655, 4992
436, 4658
4659, 4740
2500, 4660
1815, 4663
4664, 4734
1717, 4665
1096, 4666
810, 4667
75, 4671
3072, 4672
4673, 4686
1330, 4674
4540, 4675
2155, 4677
992, 4678
2382, 4680
3185, 4681
2533, 4682
4683, 4814
4339, 4685
1340, 4687
1971, 4688
2351, 4689
4229, 4691
4154, 4692
1196, 4693
2000, 4695
3151, 4696
2124, 4698
3488, 4700
4704, 4852
3320, 4705
876, 4706
280, 4707
1934, 4708
3705, 4709
542, 4710
3561, 4711
2765, 4712
4713, 4981
3250, 4714
980, 4715
3030, 4717
2234, 4721
3169, 4722
2448, 4723
1389, 4725
4726, 4819
3294, 4728
445, 4729
4649, 4730
2765, 4735
3871, 4738
598, 4740
1397, 4743
2524, 4744
1271, 4747
1417, 4749
3940, 4750
401, 4751
2251, 4752
4256, 4753
3090, 4755
4017, 4756
4570, 4758
4764, 4940
2537, 4766
4762, 4771
4774, 4964
4431, 4779
4416, 4780
4736, 4782
1988, 4785
1253, 4787
1411, 4789
4795, 4935
1493, 4796
2801, 4799
3202, 4801
1017, 4802
1487, 4804
4806, 4957
3437, 4810
236, 4811
3471, 4812
1688, 4813
1153, 4815
1586, 4817
2179, 4821
1665, 4823
119, 4826
3091, 4829
3162, 4833
4834, 4916
1154, 4836
2231, 4841
2189, 4846
3068, 4849
3820, 4850
2803, 4853
2867, 4855
4527, 4856
2909, 4858
2088, 4859
4793, 4863
3987, 4864
4865, 4955
2161, 4867
3405, 4870
1020, 4871
4872, 4875
4651, 4873
2893, 4874
397, 4875
4876, 4987
527, 4878
614, 4879
913, 4883
3894, 4887
3223, 4889
2883, 4890
4244, 4893
221, 4898
2030, 4899
1056, 4900
1263, 4901
3836, 4904
1748, 4905
3806, 4906
2163, 4907
443, 4909
3659, 4910
947, 4911
546, 4915
2270, 4916
1190, 4919
3789, 4921
1746, 4927
3010, 4928
3885, 4929
4930, 4996
3908, 4933
307, 4936
2774, 4937
4631, 4941
537, 4943
236, 4944
4057, 4945
1522, 4948
1502, 4949
409, 4950
3598, 4952
4560, 4953
2710, 4954
3310, 4959
3987, 4960
284, 4961
4581, 4963
2563, 4965
4705, 4967
2472, 4968
280, 4970
4098, 4972
2435, 4974
3393, 4975
284, 4976
4309, 4981
4775, 4983
4519, 4987
793, 4988
2258, 4990
3229, 4991
329, 4992
3451, 4993
3943, 4994
738, 4995
3004, 4997
2326, 4999
241, 2184
726, 2151
4, 2905
1619, 4635
1981, 4262
3227, 3979
2038, 4962
11, 3979
13, 1693
338, 4182
85, 3166
2230, 3656
1056, 3423
3336, 4133
1580, 4438
2027, 4521
3333, 4408
595, 1162
2007, 2567
3439, 4103
1772, 4006
38, 1284
1144, 1421
772, 4047
755, 1907
779, 2935
40, 1156
41, 809
1613, 3815
3224, 4502
2520, 3772
65, 3303
772, 2037
49, 1444
50, 3400
1184, 2620
1056, 4252
1644, 2973
1593, 2089
56, 4981
57, 2548
872, 1641
61, 1731
62, 1450
63, 4933
282, 2123
2347, 4813
3710, 4520
70, 2181
365, 2789
1444, 4069
1944, 4776
867, 4532
1488, 4281
628, 3059
3188, 3484
2111, 4572
2062, 4738
286, 1335
1305, 2621
1982, 2232
1487, 3015
89, 4811
209, 2425
354, 3942
718, 1094
3681, 4942
1078, 4626
98, 850
1632, 3337
2666, 2692
1331, 4101
659, 1681
105, 1010
367, 4100
1386, 1735
109, 4739
392, 3749
2504, 3058
113, 1688
1880, 2429
760, 3618
2976, 3457
1793, 2235
2912, 4644
3362, 3541
2338, 4206
125, 1338
996, 2260
128, 4975
650, 1402
2515, 3727
1849, 4587
133, 539
786, 4047
138, 3975
2025, 2782
337, 1746
1116, 2615
1097, 1731
1377, 1993
2782, 4720
150, 1657
670, 3799
2255, 3179
154, 4436
1032, 3679
156, 4134
242, 4572
159, 846
715, 3129
3541, 4867
3008, 3159
163, 4818
3011, 4332
1208, 1243
2040, 2493
166, 3321
2427, 3629
268, 2171
499, 1260
176, 1228
179, 2662
1684, 4936
357, 2488
1041, 2641
2972, 3112
2490, 3390
128, 187
189, 4078
190, 1312
1167, 4908
193, 2656
3852, 4652
135, 4369
2104, 4940
3940, 4611
3017, 3281
2677, 4058
203, 3970
205, 2658
206, 2855
207, 4083
821, 3786
2742, 3099
1347, 2920
214, 4725
3102, 3825
217, 4854
280, 2925
1503, 1534
224, 2069
2553, 3553
1676, 3668
1730, 3212
232, 768
233, 1161
234, 2218
646, 2517
1444, 3622
1510, 1711
240, 2486
300, 758
1154, 4234
4277, 4405
253, 4005
4207, 4218
1733, 4971
588, 4297
254, 3965
1486, 4284
2078, 2304
697, 1833
258, 3695
2466, 2924
2147, 4663
1497, 3411
267, 4565
1164, 2757
270, 4560
2681, 4770
435, 4774
542, 681
2028, 3239
276, 1448
278, 2904
3004, 3628
3764, 4675
2802, 3044
1289, 2696
3845, 4200
1126, 3939
1458, 3242
292, 4638
2589, 2717
3577, 4934
3248, 4824
3274, 3539
301, 2658
1468, 2494
2600, 4596
478, 844
307, 1575
1617, 1677
309, 3511
1448, 1643
3125, 3183
316, 1331
317, 4411
3069, 4510
1868, 3427
2656, 2798
947, 3438
1403, 2584
330, 819
509, 2822
3000, 3504
1046, 2223
2555, 3838
364, 4792
342, 3654
4715, 4814
346, 2087
4848, 4957
1709, 3744
351, 4809
683, 3847
356, 484
1730, 2698
315, 3948
992, 3129
506, 4012
812, 3942
1734, 4526
2207, 3264
376, 3979
926, 2570
1399, 4348
2707, 4575
380, 3887
1128, 2731
616, 3864
384, 1468
884, 4269
388, 3520
623, 2980
2440, 4773
943, 1107
2873, 4585
398, 2812
2878, 4544
2237, 3009
689, 2321
477, 2720
3060, 3225
849, 1884
2227, 2435
1751, 3657
538, 3037
1915, 3802
3986, 4331
425, 3398
2813, 3702
4099, 4490
65, 2697
431, 4845
433, 3842
1662, 4722
533, 3071
143, 438
958, 3352
1483, 3559
938, 4298
1828, 4459
161, 1661
2290, 4956
1964, 2046
557, 754
3614, 4271
191, 4804
123, 3286
3237, 4425
463, 4392
2664, 3165
465, 4001
76, 468
469, 2046
2871, 3685
3241, 4764
474, 3790
2369, 4088
1210, 2576
479, 963
1390, 4828
2052, 2620
696, 1368
1731, 2698
492, 1308
1332, 4047
1954, 3066
854, 3725
508, 1617
4206, 4908
808, 3219
196, 517
513, 2915
620, 2363
384, 521
3280, 4672
1198, 3201
955, 1161
530, 1485
531, 1507
1207, 4602
545, 4663
547, 2065
2671, 4813
4184, 4894
553, 4339
555, 3773
1987, 2239
2240, 4375
559, 860
560, 4311
1032, 3537
700, 4593
2116, 4607
289, 1252
2740, 4021
3154, 3791
1978, 2976
2201, 3479
576, 1153
3010, 4332
321, 578
581, 3874
3912, 4825
583, 3585
2837, 4194
823, 4975
1441, 4638
4582, 4781
2589, 4676
1811, 2207
3422, 4362
3564, 4750
1727, 4651
734, 2137
604, 1754
642, 2996
948, 4912
1434, 1630
2147, 4530
1376, 3447
535, 3879
2489, 3533
589, 2735
3397, 3789
1586, 2251
631, 2776
136, 1560
1897, 4732
3335, 3689
637, 3544
2546, 2598
639, 1187
904, 4222
1884, 3646
1290, 3561
648, 3859
649, 4973
651, 3812
1991, 3334
397, 3345
663, 4262
533, 664
667, 3371
1678, 2635
1300, 3269
581, 2010
6, 676
678, 2869
680, 1745
3612, 4697
2310, 2933
3106, 3285
1392, 1892
691, 2201
735, 2872
1655, 3219
1540, 3410
562, 971
698, 2141
698, 4753
327, 3018
274, 2358
2268, 4441
2339, 4516
1591, 4526
738, 3399
2569, 3211
1523, 3807
1882, 3210
729, 4958
3529, 4937
761, 829
177, 2806
741, 3943
745, 4489
4576, 4977
3477, 3984
1656, 1800
725, 756
26, 760
762, 3942
1151, 1283
774, 3266
846, 3869
4741, 4930
784, 4143
785, 3227
787, 1841
791, 4986
1186, 2994
1611, 3825
1992, 2104
2887, 4224
2386, 3705
798, 1008
2218, 4039
6, 2335
819, 3880
983, 1867
822, 4848
827, 1905
1913, 2944
1170, 1831
1288, 1813
1538, 3706
3642, 4483
368, 3080
2032, 2849
114, 3744
2015, 4665
2482, 3510
424, 2521
843, 4781
222, 847
1552, 3692
1479, 1837
2627, 3462
855, 2039
1136, 1537
2420, 3645
2942, 4978
862, 3227
2416, 4373
512, 866
2004, 2562
2191, 2707
1768, 3825
876, 4351
3231, 4727
817, 2122
173, 1738
2341, 3139
2212, 4833
2401, 4482
2899, 4485
3446, 4757
1204, 2930
892, 2714
895, 1293
897, 4413
4438, 4496
2877, 3784
3631, 4019
1322, 4032
906, 3645
4699, 4903
3496, 3588
2370, 3635
1368, 4349
1373, 3034
2384, 4838
2061, 2137
3518, 4718
145, 4489
4180, 4575
3000, 3923
1598, 2718
937, 3051
3629, 3927
943, 2916
1940, 4022
2305, 3686
1206, 1945
952, 2250
3641, 4609
960, 3147
963, 3012
1747, 4097
563, 967
2032, 2833
969, 3602
218, 3778
977, 4183
1695, 3995
1207, 2828
4605, 4897
1048, 4839
987, 2492
989, 2838
1442, 1868
62, 991
4043, 4254
4118, 4159
4634, 4637
123, 1695
2126, 2496
463, 1680
1463, 3304
484, 934
704, 2824
2270, 2668
131, 1013
979, 1111
1016, 4820
1411, 2332
1667, 4510
1026, 4478
1877, 2888
2029, 3794
3563, 4264
1022, 2755
1037, 2577
1038, 3848
1384, 2937
3748, 4931
3387, 3663
869, 2406
72, 4353
1053, 2153
1057, 1539
1064, 1844
1065, 3639
1423, 4487
1075, 3898
2065, 4680
2776, 3344
2415, 4415
1033, 3090
1570, 4574
142, 1191
364, 3259
2991, 4531
2699, 3859
1122, 1809
1172, 4978
1130, 3973
581, 4118
1337, 2263
2008, 2307
2791, 4746
2990, 3589
1387, 4072
1150, 1396
655, 4347
887, 1443
1584, 1945
714, 4025
2156, 3490
1179, 4204
50, 2974
1231, 2455
4059, 4596
2176, 2316
1519, 1906
1276, 4334
1209, 2916
646, 2773
1690, 2640
1223, 3438
3813, 4808
2271, 3354
1559, 4760
1234, 4010
1390, 4248
256, 1239
975, 4797
2621, 3905
2886, 3518
1699, 3510
529, 2356
3114, 4355
1701, 4446
2032, 4313
1256, 3218
1266, 2488
2664, 4955
760, 4366
2723, 4272
1279, 2628
1389, 3600
2332, 3019
2222, 4479
1325, 4289
2627, 4614
1294, 3998
1685, 3547
1301, 2128
4765, 4774
1818, 1842
2458, 4167
522, 1307
1309, 3961
349, 3330
2747, 4798
3670, 4119
2587, 3714
3816, 4812
3038, 3474
1305, 1329
1333, 3783
3543, 3974
2091, 3665
3021, 4896
331, 3915
2228, 4125
2983, 3842
3058, 4913
1360, 3312
2460, 2461
155, 1365
1366, 3009
2667, 4586
1424, 3511
2896, 4536
1388, 3396
419, 4359
2768, 3866
67, 3387
2547, 3663
668, 2532
4625, 4660
3282, 4553
1718, 4384
1509, 1712
2908, 3502
1426, 4626
1427, 3127
1885, 4231
1667, 4094
2896, 3259
1969, 4765
1552, 2001
1448, 4336
16, 3534
2097, 3294
1459, 1665
2332, 3828
1470, 1768
4754, 4777
2291, 3653
3012, 4137
1618, 4588
535, 2616
1993, 3402
1879, 2890
3343, 3922
2218, 4620
773, 2158
4274, 4351
1504, 2911
1507, 2931
1508, 1876
2205, 4085
1581, 3914
1525, 3563
3004, 4962
2341, 4641
3466, 4134
2330, 4610
1540, 4184
1534, 1548
1349, 3593
652, 3107
1562, 3932
3465, 4088
1061, 4792
597, 4584
1576, 2620
4302, 4463
3165, 3751
1425, 1582
1814, 4034
71, 2345
1592, 4226
2606, 3294
94, 4716
4063, 4453
486, 4550
2275, 4471
2458, 4024
1612, 2129
63, 4595
813, 2177
499, 1628
2367, 2780
1642, 3546
1813, 2851
1741, 2583
4728, 4761
1664, 2151
1787, 2935
3289, 4310
3953, 4397
1823, 2077
2709, 4788
182, 2798
3151, 3212
657, 1703
2572, 4505
3175, 4475
1715, 3616
248, 1392
297, 1736
1623, 3174
1756, 2421
1149, 4718
2891, 3932
758, 2832
1766, 2659
1876, 2848
1775, 3363
2925, 4008
1790, 4173
2190, 3102
1625, 3651
3777, 4738
4072, 4304
1810, 2738
1386, 1812
973, 3454
1821, 4526
3120, 4670
4951, 4989
1111, 4028
2880, 4880
620, 3978
172, 2099
3723, 4735
3377, 3776
2082, 2256
1871, 4939
2767, 3566
1875, 3243
1886, 4099
2164, 4046
3363, 4908
1937, 2282
2046, 3137
1900, 4017
2483, 4309
3279, 4053
208, 3555
1917, 4936
1468, 1919
3909, 4057
307, 3425
1188, 1938
361, 1151
3091, 4680
1955, 3773
1956, 3120
1277, 3887
3012, 4191
119, 1965
4269, 4612
225, 3600
1971, 1973
1976, 2280
3451, 4448
3478, 3881
1767, 2250
1998, 3045
1705, 4392
1484, 2013
2049, 4248
2098, 3492
3338, 4160
2927, 3366
3126, 3201
4039, 4403
2072, 3495
2600, 3446
2750, 2927
4177, 4969
854, 2114
2690, 2917
263, 4769
3142, 4278
2134, 3688
770, 4030
2140, 4909
2246, 3960
3642, 3653
94, 4992
1945, 2847
2502, 3484
1357, 2172
4316, 4436
2182, 4387
1845, 3047
1954, 3814
1779, 2200
2209, 4413
3077, 3797
1363, 2277
2246, 4663
3616, 3758
2019, 2254
2261, 2716
1082, 3835
2263, 2529
907, 2265
3437, 4405
3856, 4119
1021, 1180
2297, 3641
2514, 2716
652, 2301
3001, 3777
307, 3572
2445, 3086
1310, 3313
3264, 3648
2636, 4854
4297, 4662
4259, 4733
2397, 4350
2407, 2743
4296, 4492
63, 2430
2431, 4199
1643, 2433
2439, 4992
1490, 2444
2470, 4481
2471, 3822
4800, 4987
1419, 3854
755, 3361
1380, 2481
2219, 3173
2692, 4512
3997, 4594
1529, 4229
2551, 4641
1711, 4363
2723, 2814
2586, 3891
2787, 3807
1564, 4583
2645, 4049
2389, 2641
1616, 2642
3147, 3372
561, 4784
518, 3050
2724, 4307
2652, 2682
2685, 4347
3162, 3168
1147, 4360
2911, 3598
2488, 2715
2045, 2905
1116, 2842
2351, 2915
1401, 2779
732, 2904
595, 4734
3255, 3452
173, 3840
1874, 4549
415, 3779
2138, 4291
1046, 2861
1155, 2869
2239, 2868
653, 3124
2892, 3539
1826, 4882
2902, 2948
1221, 2010
4391, 4485
3192, 3868
1385, 4208
1474, 2960
270, 2962
1655, 4650
1335, 2982
1193, 2998
4178, 4247
4124, 4137
2148, 4529
227, 4567
1139, 3664
3057, 3369
3077, 4142
1235, 3082
2030, 3088
14, 3468
372, 3117
126, 3132
3134, 3987
3163, 4794
1897, 3178
2194, 4477
1412, 3145
560, 4580
3200, 3284
2973, 3992
93, 3999
2587, 3715
790, 4990
3661, 4483
319, 939
776, 3652
2677, 3359
1997, 3545
2036, 3380
3370, 4826
602, 3812
1925, 3719
3417, 4754
2771, 4693
3508, 4595
3550, 4492
498, 4377
2647, 3609
2699, 3904
1845, 4546
3611, 3660
1837, 3729
3730, 4175
1231, 3806
904, 3742
3582, 3756
3211, 3260
3771, 4349
513, 4174
240, 3926
2752, 4649
1227, 3176
1502, 4958
3917, 4440
1640, 4742
1818, 4016
4036, 4523
1839, 4509
2326, 4055
2255, 4966
925, 4361
1838, 4135
4496, 4803
2944, 4917
740, 4230
3105, 4607
4263, 4946
1549, 4319
3598, 4398
3339, 4423
193, 4470
499, 4524
3401, 4852
2183, 4819
726, 2537
2128, 4318
16, 989
1054, 3215
3336, 3598
3066, 4496
581, 4158
1588, 4375
996, 3553
3165, 3815
353, 3201
74, 1742
293, 4702
3184, 3801
1803, 2123
2783, 3118
67, 4864
4461, 4626
1402, 2782
1826, 3337
614, 2692
104, 2660
523, 2145
367, 1885
4313, 4616
392, 1964
888, 1666
1310, 1355
3476, 4812
2025, 3907
209, 337
4775, 4837
294, 668
3389, 3422
3537, 4808
2101, 3362
3931, 4891
1713, 2782
796, 4315
996, 3748
2691, 4652
185, 321
2490, 4739
190, 208
1584, 2798
1283, 2912
570, 1805
350, 2436
4083, 4978
3786, 4733
1611, 3266
4188, 4854
2522, 4732
2979, 4503
521, 2665
1593, 4405
1171, 2247
4218, 4513
588, 1518
3452, 4777
960, 1155
501, 3411
935, 2395
1461, 2757
1677, 4073
69, 3443
237, 3377
937, 1247
2589, 2851
1782, 2016
898, 2464
4296, 4501
57, 2528
1651, 3833
1087, 4628
1667, 3051
1211, 3438
1752, 4479
450, 4101
2090, 4265
2745, 4848
786, 2885
1729, 4095
377, 4095
2845, 4385
2849, 2980
132, 2212
669, 3060
1884, 2522
2741, 4663
2035, 3351
2352, 2463
1035, 3116
1981, 3539
2208, 3169
3641, 3757
385, 938
445, 1487
2991, 3824
2863, 2915
4929, 4986
1295, 3614
3484, 4804
461, 2765
1176, 4859
1486, 2572
706, 1966
2245, 4188
2411, 3792
3576, 4256
53, 3725
1667, 4619
89, 572
975, 2535
1207, 2858
2332, 4593
776, 3305
354, 3178
2843, 3001
254, 1962
455, 2152
1539, 3583
930, 4651
3863, 4325
339, 604
2457, 3989
2183, 2335
2893, 3499
2367, 3905
1903, 4183
2940, 3059
1269, 4382
1300, 2907
2384, 3612
1609, 1734
2750, 2874
1598, 3723
3104, 3576
1158, 3665
2228, 3487
1003, 4930
1753, 4144
1520, 1791
1867, 2401
2441, 3344
1421, 1944
1771, 2004
1565, 2935
3290, 4000
2391, 3531
1231, 2401
1071, 1234
527, 1349
1779, 2209
3213, 4866
907, 4353
3612, 3635
658, 1373
2405, 2992
788, 4420
1979, 3072
2712, 2772
1962, 3105
1447, 4734
1511, 3382
372, 1384
2427, 4692
2415, 3174
3259, 4247
621, 1059
270, 1806
2467, 4354
1201, 4259
1208, 2262
718, 1234
1305, 4313
1757, 3648
1231, 4849
1817, 2932
1482, 2497
3176, 4586
2104, 3315
2282, 3994
1135, 1279
1916, 4339
215, 3191
1027, 4728
223, 4846
963, 1674
2469, 4213
1766, 3908
2266, 4202
1047, 4203
2260, 4880
2147, 3585
2483, 4065
2170, 2270
57, 2900
3250, 4177
854, 3160
1100, 3394
302, 4995
1128, 2743
2648, 3789
419, 3918
655, 3223
4138, 4490
2231, 4024
1459, 4789
4735, 4942
2089, 4560
13, 4792
132, 2801
1829, 3598
911, 2553
1715, 1729
381, 3178
628, 2147
215, 3551
73, 2131
1626, 2497
4094, 4266
2326, 4423
1087, 4359
2969, 3266
2352, 2604
1622, 2451
2631, 2639
2558, 4369
570, 1398
209, 2891
1638, 4056
3447, 4405
464, 1692
2464, 3234
2611, 2635
3669, 4812
1258, 4808
3885, 4651
277, 4856
1966, 2287
2297, 4892
53, 2895
89, 563
1103, 1162
1, 4555
3212, 4838
3723, 4253
1003, 4451
2625, 2977
114, 3933
2736, 2904
1851, 3686
1172, 4116
701, 3268
1371, 1465
1224, 3107
1486, 3917
3697, 4081
2326, 4656
382, 595
2783, 3936
604, 3961
1623, 3270
1167, 1442
2441, 3267
