1.342238
0, 1765
1, 3455
2, 2913
3, 625
4, 4865
5, 2179
6, 637
7, 2894
8, 3743
9, 2729
10, 3898
11, 4048
12, 4401
13, 2436
14, 2738
15, 2538
16, 2815
17, 2994
18, 293
19, 1169
20, 4625
21, 1862
22, 3685
23, 4161
24, 4610
25, 3631
26, 4135
27, 830
28, 1652
29, 3884
30, 4299
31, 3389
32, 1983
33, 1897
34, 4014
35, 1630
36, 3158
37, 3057
38, 3951
39, 258
40, 4457
41, 4980
42, 4806
43, 298
44, 2199
45, 181
46, 1307
47, 3410
48, 2528
49, 2769
50, 2939
51, 2745
52, 3847
53, 2521
54, 1269
55, 2532
56, 336
57, 75
58, 1125
59, 3497
60, 3756
61, 4092
62, 1251
63, 2873
64, 559
65, 791
52, 66
67, 4412
68, 4470
69, 2358
70, 1613
71, 3193
72, 1057
73, 810
74, 3283
75, 4666
76, 1714
77, 3678
78, 1474
79, 515
80, 2660
81, 153
82, 2039
83, 3864
84, 3065
85, 3960
86, 4204
87, 3837
88, 251
89, 111
90, 3109
91, 3329
92, 4725
93, 1583
94, 2106
95, 3587
96, 998
97, 189
98, 626
99, 2424
100, 2164
101, 4866
102, 4934
103, 3453
104, 496
105, 2914
106, 1569
107, 781
108, 3437
109, 3802
110, 437
112, 1246
113, 2867
114, 1118
115, 3662
116, 4079
117, 3757
118, 2603
119, 571
120, 1849
121, 3214
122, 1656
123, 4554
124, 4587
125, 3151
126, 1478
127, 4503
128, 983
129, 3070
130, 2757
131, 4676
132, 3344
133, 4396
134, 2818
135, 2362
136, 709
137, 1260
138, 3323
139, 3067
140, 4839
141, 4719
142, 4503
143, 2858
144, 4962
145, 2312
146, 2433
147, 2947
148, 4526
149, 3202
150, 1817
151, 2144
152, 4556
154, 2475
155, 4043
156, 2140
157, 2851
158, 1817
159, 911
160, 4361
161, 3793
162, 912
163, 471
164, 734
165, 4547
166, 3329
167, 3074
168, 4568
169, 1538
170, 4274
171, 1974
172, 2189
173, 2506
174, 4324
175, 4113
176, 3031
177, 2621
178, 3754
179, 2458
180, 3544
182, 272
183, 672
184, 4979
185, 4935
186, 2361
187, 296
188, 3182
189, 3478
190, 4145
191, 218
192, 2869
193, 614
194, 1448
195, 3962
196, 1956
197, 3206
198, 4924
199, 1628
200, 4070
201, 1644
202, 876
203, 1697
175, 204
205, 854
206, 3299
207, 815
208, 1638
83, 209
210, 4861
211, 3046
212, 3926
213, 3481
214, 2060
215, 1918
216, 3130
217, 535
219, 4957
220, 2061
221, 2163
222, 328
223, 4937
224, 4980
225, 2425
226, 3761
227, 3142
228, 4312
229, 4851
230, 2390
231, 3973
232, 756
233, 2499
234, 2135
235, 1103
236, 863
237, 1840
238, 4122
239, 4136
240, 2628
241, 4515
242, 4858
243, 4981
244, 2022
245, 2925
246, 3586
247, 4530
248, 3063
249, 1702
250, 4472
251, 2096
252, 2013
253, 3718
254, 4488
255, 4163
256, 2576
257, 1789
258, 3541
259, 2548
260, 1000
261, 4105
262, 2862
263, 4485
264, 3978
265, 1842
266, 943
267, 3594
268, 1667
269, 4914
270, 3418
271, 861
273, 1288
274, 2293
275, 1070
276, 4654
277, 1421
278, 2153
279, 1211
280, 786
281, 3296
200, 282
283, 4403
284, 3003
213, 285
286, 4108
287, 787
288, 3455
289, 4579
290, 3337
291, 2099
292, 4926
293, 4189
294, 3050
295, 4754
296, 1805
297, 4109
299, 2106
300, 1634
301, 1538
302, 3338
303, 1141
304, 1231
305, 2361
306, 3423
307, 4379
308, 4818
309, 942
310, 3952
311, 3089
312, 3662
313, 2569
314, 3057
315, 1990
316, 3879
317, 4790
318, 2936
319, 2583
320, 4404
321, 951
322, 4499
323, 3018
324, 3657
325, 3200
326, 1329
327, 1413
328, 4703
329, 421
330, 948
331, 4501
332, 1818
333, 3273
334, 486
335, 2460
233, 337
338, 883
339, 4944
340, 4041
341, 2020
342, 2862
343, 4769
344, 1754
345, 1392
346, 686
347, 2344
348, 1256
349, 2875
350, 817
351, 3854
352, 2401
353, 3088
354, 3593
355, 2972
356, 3542
357, 658
358, 4075
359, 3045
360, 3698
361, 3955
362, 3741
363, 2358
364, 4304
365, 2314
366, 1981
367, 1467
368, 1006
369, 4613
370, 2128
371, 1802
372, 3819
373, 2858
374, 3883
375, 3888
376, 1435
377, 3367
378, 4790
379, 2906
380, 482
381, 3963
382, 535
383, 1802
384, 4225
385, 3462
386, 2435
387, 2150
388, 4762
389, 635
86, 390
391, 1298
392, 901
393, 2106
394, 2245
395, 2821
396, 2745
397, 4378
398, 1282
399, 2325
400, 1849
401, 1203
402, 1326
403, 4861
404, 1336
405, 2126
406, 3875
407, 792
408, 3972
409, 1321
410, 2886
411, 4050
412, 2998
413, 2945
414, 2122
415, 3110
416, 3397
417, 3000
383, 418
419, 4480
420, 3779
421, 2240
422, 2182
423, 4917
424, 850
425, 4597
426, 4653
427, 4679
428, 2886
429, 1585
254, 430
431, 4410
432, 4070
433, 2437
434, 547
435, 4347
436, 3141
438, 1064
439, 4913
440, 2669
441, 3723
442, 4302
443, 4598
444, 2533
445, 1481
446, 1722
447, 2212
448, 3055
449, 2517
450, 2379
451, 2603
452, 4429
453, 2415
454, 966
455, 1095
456, 2498
457, 3613
458, 2660
459, 4069
460, 1079
461, 1694
462, 4322
178, 463
464, 1065
465, 4371
466, 2853
467, 4566
468, 937
469, 4850
470, 3581
472, 4946
473, 2448
474, 4774
163, 475
476, 3019
477, 2177
478, 3189
479, 3959
480, 1230
481, 1775
482, 2827
483, 1641
484, 2921
485, 1739
487, 4827
488, 2661
489, 2330
490, 2171
491, 1071
492, 706
493, 2037
494, 902
495, 693
497, 4598
498, 649
499, 3425
500, 3855
501, 3670
502, 1265
503, 3861
504, 1283
505, 1560
506, 2126
193, 507
508, 3456
509, 2539
510, 2817
511, 4100
512, 526
513, 1237
514, 3350
516, 3760
517, 1367
518, 1946
519, 1115
520, 1090
521, 4217
522, 2753
523, 3079
524, 3123
525, 4625
526, 4370
527, 2370
528, 1297
529, 2898
530, 2505
531, 3724
532, 2307
533, 4417
534, 4535
535, 2762
536, 595
537, 3568
538, 2407
92, 539
540, 2224
541, 958
542, 1879
543, 1274
544, 2533
545, 1172
546, 2688
548, 4374
549, 2584
550, 1704
551, 2849
552, 2310
553, 1730
554, 3349
555, 3483
556, 797
557, 643
558, 852
559, 2980
560, 1973
561, 1521
174, 562
563, 1680
564, 4085
565, 3041
566, 3902
567, 1784
568, 2815
569, 4484
570, 1426
571, 1587
572, 2273
573, 3719
574, 1167
575, 4951
576, 2149
577, 2883
578, 1946
579, 1744
580, 3616
581, 1049
582, 1813
583, 1074
584, 4285
28, 585
22, 586
587, 1554
588, 4192
589, 934
590, 3351
591, 2160
592, 4114
593, 3124
184, 594
595, 3475
596, 2774
597, 2438
598, 879
599, 4131
600, 3419
601, 1025
602, 4625
603, 4708
604, 1673
605, 722
606, 2441
607, 3345
608, 768
609, 2181
610, 3304
611, 806
612, 652
613, 4036
615, 3077
616, 3048
617, 2872
418, 618
619, 657
620, 2759
621, 3238
622, 2987
623, 4768
624, 4110
626, 4956
627, 4463
628, 1700
629, 2841
630, 4519
631, 4643
632, 3881
633, 1516
634, 4446
636, 4361
66, 638
639, 4851
640, 733
641, 4694
642, 1598
644, 1501
645, 675
646, 3586
647, 4530
648, 941
649, 4480
650, 1541
651, 3287
653, 3520
654, 3214
655, 4616
656, 4069
659, 4684
660, 4136
661, 1942
662, 3694
663, 4922
664, 3654
665, 4433
666, 1530
667, 3472
668, 2091
669, 4472
670, 1934
671, 3273
672, 3770
673, 2589
674, 1414
676, 971
677, 3681
678, 3372
679, 713
680, 1394
681, 3724
682, 919
683, 3512
684, 1288
685, 3263
686, 3618
687, 2253
688, 4587
689, 3489
690, 4254
691, 2117
692, 2182
694, 1074
695, 3637
696, 3716
697, 3781
698, 1200
699, 2670
700, 1079
622, 701
604, 702
703, 3092
704, 4467
705, 4646
664, 706
707, 3727
708, 2427
709, 3528
710, 2797
711, 1667
587, 712
714, 4484
715, 2838
716, 2083
717, 2296
517, 718
719, 1416
720, 1123
721, 2010
723, 2532
724, 1304
725, 2925
726, 4759
727, 4366
728, 2671
729, 3666
730, 2588
731, 1466
732, 4783
733, 2877
734, 3843
735, 860
736, 1472
96, 737
738, 1922
22, 739
740, 3980
741, 2529
742, 4024
391, 743
744, 1442
745, 4517
746, 4307
747, 2700
748, 2976
749, 4486
750, 2820
751, 2801
752, 4180
753, 4629
754, 3221
755, 3858
756, 806
757, 2856
758, 880
759, 4134
760, 2296
761, 3500
762, 2046
763, 2196
764, 2275
765, 816
766, 2848
767, 1507
769, 4881
770, 2568
771, 1915
772, 2925
773, 1158
774, 3009
775, 2505
776, 4441
777, 2064
778, 1558
779, 4903
780, 1959
782, 3454
783, 2268
784, 4324
785, 811
788, 3386
789, 4713
790, 1265
792, 4415
793, 1795
794, 4447
795, 1332
796, 3500
77, 798
799, 931
800, 837
258, 801
802, 4507
803, 4349
804, 3084
805, 2876
807, 1872
808, 3095
809, 3277
811, 1920
812, 3797
813, 3083
814, 2134
815, 2657
816, 4766
818, 2121
819, 3725
253, 820
821, 2238
822, 4491
823, 850
824, 3714
825, 1426
826, 4375
827, 3476
828, 3509
829, 4961
18, 831
832, 3277
833, 1545
834, 4782
835, 2324
836, 3549
837, 1141
838, 2031
839, 4347
840, 2100
841, 3354
842, 858
843, 3065
844, 3413
845, 3499
846, 2693
847, 919
848, 3491
849, 3550
850, 1286
851, 4950
852, 1855
853, 1705
854, 1738
743, 855
856, 2765
857, 4895
859, 2030
860, 3573
683, 862
814, 863
864, 3342
865, 4281
866, 1372
867, 3503
868, 3638
869, 4910
870, 3352
871, 3218
267, 872
679, 873
874, 3978
875, 4965
877, 1377
182, 878
881, 4124
882, 2806
884, 3083
885, 1425
886, 1521
887, 3080
888, 4234
889, 1128
890, 1811
891, 3567
892, 2818
893, 2693
894, 1355
895, 2758
896, 1747
897, 4605
898, 1140
899, 4469
900, 3196
901, 3664
902, 4967
903, 1564
904, 1850
905, 931
265, 906
907, 2533
908, 4650
909, 4281
910, 2044
912, 4748
913, 3490
914, 2512
915, 4268
916, 2985
917, 2418
918, 1915
920, 2463
921, 3184
922, 3639
923, 3435
924, 2800
925, 1767
926, 2111
927, 2371
766, 928
929, 4549
930, 3757
931, 2930
257, 932
933, 2164
935, 2058
936, 4227
937, 3608
938, 4970
939, 4965
218, 940
941, 3909
944, 4772
945, 3927
59, 946
947, 1625
948, 1054
949, 1403
950, 4171
952, 4409
953, 2437
954, 2773
955, 2998
956, 4065
957, 4214
958, 4626
959, 2109
960, 1306
961, 2253
962, 1561
963, 2826
964, 2793
410, 965
966, 3535
967, 2260
968, 4804
969, 1012
250, 970
972, 2536
973, 1309
27, 974
975, 2719
976, 1199
238, 977
978, 2864
452, 979
980, 2554
981, 3605
982, 3264
984, 3036
985, 2118
986, 3696
987, 3808
988, 2773
989, 1384
990, 3121
991, 4307
992, 1810
993, 3564
994, 1960
995, 2363
996, 3201
997, 2255
999, 2091
1001, 1580
1002, 1812
1003, 2736
1004, 4495
1005, 4051
1007, 3829
1008, 1222
604, 1009
1010, 4430
1011, 2843
1013, 3266
1014, 2453
1015, 2954
1016, 4952
1017, 2424
1018, 3760
1019, 3988
1020, 4396
1021, 4774
1022, 2043
77, 1023
1024, 4293
1026, 4860
1027, 3368
1028, 4264
1029, 2146
1030, 2684
885, 1031
1032, 3892
1033, 3586
1034, 3509
1035, 3432
1036, 3662
1037, 1062
1038, 3476
1039, 2941
1040, 1329
1041, 2524
1042, 1969
331, 1043
1044, 4597
1045, 1733
1046, 4079
1047, 1570
1048, 1862
1050, 3481
1051, 3374
1052, 4648
1053, 2656
1055, 1393
1056, 3258
1057, 2192
104, 1058
1059, 2539
1060, 3061
1061, 1497
1062, 3043
1063, 3586
374, 1064
1066, 2205
131, 1067
1068, 1941
910, 1069
1070, 3044
1072, 4997
1073, 1733
1075, 2184
1076, 2673
1077, 2716
1078, 1299
1080, 1936
1081, 2904
1082, 3474
1083, 2068
1084, 1591
1085, 2413
1086, 3281
1087, 2394
1088, 2577
1089, 3365
1090, 1324
1091, 2305
1092, 2353
1093, 2734
1094, 4044
1095, 1252
1096, 4330
1097, 1469
1098, 3721
1099, 4880
1100, 1718
270, 1101
1102, 1332
1103, 4249
1104, 4649
1105, 4412
1106, 1934
1107, 2937
1108, 3810
1109, 1677
1110, 1304
1111, 4400
1112, 1789
1113, 2003
1114, 1750
1115, 2967
1116, 3283
1117, 2015
1119, 1526
1120, 3826
1121, 4582
1122, 4429
1123, 2250
1124, 2727
1125, 2917
1126, 1921
1127, 2164
1128, 2815
1129, 3360
1130, 1982
1131, 3564
1132, 1663
1133, 3137
1134, 2054
1135, 3809
1136, 4294
1137, 3047
1138, 4562
1139, 2524
1141, 2111
1142, 2845
1143, 1865
1144, 3837
1145, 4920
1146, 1321
1147, 1567
1148, 4629
1149, 2554
1150, 3459
1151, 2386
1152, 2036
1153, 3058
1154, 2358
1155, 4519
314, 1156
1157, 1531
1159, 2671
1160, 4227
144, 1161
1162, 4436
1163, 2793
1164, 4669
571, 1165
1166, 4509
1167, 3277
1168, 4937
1170, 3337
1171, 1394
1173, 3547
1174, 2489
697, 1175
1176, 4927
1177, 4964
70, 1178
1179, 4963
1180, 1755
1181, 3371
1182, 3457
1183, 2686
1184, 4554
1185, 4724
1186, 4273
1187, 4726
1188, 2486
22, 1189
1190, 1572
1191, 4117
1192, 4046
1193, 3161
1194, 3473
1195, 2266
1196, 2621
1197, 4680
1198, 4907
1201, 4437
1202, 1735
1204, 1500
1205, 2576
1206, 3866
1207, 3495
1208, 2970
1209, 2999
1210, 3588
1211, 3299
1212, 2894
167, 1213
1214, 3429
1215, 4825
471, 1216
1217, 4114
1218, 3233
1219, 2631
1220, 3590
1141, 1221
1222, 3937
1223, 3612
1224, 1719
1225, 2022
747, 1226
1227, 3838
1228, 3423
1229, 4466
1231, 3535
1232, 3113
1233, 2193
1234, 2095
1235, 4219
1236, 4862
1238, 4911
1239, 4340
1240, 1917
1241, 3517
1242, 2658
1243, 2325
1244, 4898
958, 1245
1246, 2382
1247, 3090
1248, 3937
1249, 1544
1250, 1904
1253, 2463
1254, 4250
1255, 3061
1256, 2636
1257, 4789
1258, 2178
1259, 4249
1261, 3301
1262, 2662
974, 1263
104, 1264
1266, 2904
1267, 3357
298, 1268
1270, 1335
830, 1271
1272, 3763
1273, 4261
1274, 3823
1275, 2830
1276, 4475
1277, 2439
1278, 2556
532, 1279
1280, 2666
1281, 2895
277, 1284
1285, 2152
1286, 3126
1287, 3117
1288, 2041
79, 1289
1290, 1829
1291, 3209
1292, 4542
1293, 2749
1294, 2101
1295, 3376
433, 1296
1297, 2339
1298, 2998
1299, 1461
1300, 3682
1301, 1363
1302, 4782
1303, 3527
1305, 2011
1308, 3838
1310, 1690
149, 1311
1312, 1548
1313, 2644
1314, 1732
1315, 1555
1316, 2266
1317, 1731
400, 1318
729, 1319
1319, 1320
1321, 4717
1322, 3262
1323, 1651
1325, 4781
1326, 4255
1327, 2754
1328, 1531
1330, 4495
1331, 1703
1332, 3505
1333, 3388
1334, 2517
923, 1337
87, 1338
1339, 2558
1006, 1340
1341, 4173
1342, 2300
1343, 3069
1344, 4247
1345, 2914
1346, 4692
1347, 1549
957, 1348
1349, 4317
1350, 3419
1351, 2053
1352, 2960
1353, 4430
1354, 3665
1356, 3007
1357, 3058
1358, 3190
1359, 1641
1360, 2134
1361, 1943
1362, 2225
1364, 3047
1365, 3851
1366, 2893
1367, 1736
1368, 4091
1369, 2865
1370, 1747
1371, 4511
1373, 1579
1374, 4760
1375, 2712
339, 1376
1378, 2868
1379, 4614
99, 1380
1381, 4077
1382, 4104
418, 1383
1384, 4871
239, 1385
1386, 2672
1387, 3262
1388, 2641
1389, 4597
1390, 4329
435, 1391
1392, 2029
1394, 3517
1395, 3520
1396, 2413
1296, 1397
1398, 2294
1399, 3003
1400, 1663
1401, 3118
1402, 3264
1403, 2669
1404, 4555
45, 1405
1406, 3344
1407, 1480
1408, 3415
1409, 1541
1410, 4488
95, 1411
1412, 4467
1250, 1413
1414, 3814
1415, 3114
1417, 3624
1163, 1418
1419, 2182
1420, 2144
1422, 4925
1423, 4402
1074, 1424
1426, 1685
1427, 1814
1428, 1744
1429, 3894
1430, 1792
515, 1431
1432, 2135
1433, 3824
1434, 3217
1436, 4082
1437, 1653
1438, 3272
1439, 4989
1216, 1440
169, 1441
1442, 2601
179, 1443
1444, 1450
1445, 3342
1446, 2076
1447, 3873
1449, 1533
1451, 3502
1452, 4605
1453, 2732
1454, 2766
1455, 4884
1456, 2882
1457, 4908
1458, 1780
725, 1459
1460, 2206
1462, 4949
724, 1463
995, 1464
1465, 4673
1466, 3268
1468, 4842
1470, 4548
1471, 3056
851, 1473
1474, 3328
1475, 1547
1476, 3079
1477, 4358
1478, 2464
1479, 2915
395, 1481
1482, 4606
1483, 1839
567, 1484
1173, 1485
1486, 2092
1487, 3053
1488, 3778
1489, 4365
1490, 3097
1491, 3524
1492, 2593
31, 1493
1494, 2283
1495, 2641
1496, 2131
1497, 3179
1498, 1883
1499, 3515
1500, 3563
1501, 4975
1502, 1697
1435, 1503
1504, 3182
1505, 1514
1506, 3566
1507, 2586
1508, 4595
1509, 3659
1510, 4408
1511, 4645
74, 1512
1513, 2190
1308, 1514
1515, 2261
1517, 1842
1518, 2298
1519, 2425
1520, 4110
1522, 3146
1523, 3189
1524, 1900
1525, 2534
1526, 2216
1527, 3177
1528, 2038
110, 1529
1530, 4932
503, 1532
1534, 3927
1535, 3720
213, 1536
1537, 2016
1539, 2570
310, 1540
1541, 3114
1542, 4812
549, 1543
1544, 4234
1545, 1870
1546, 4621
1547, 2952
1548, 3164
1549, 2183
1550, 3816
1551, 1785
1552, 2789
1553, 2442
1556, 3459
1557, 3294
1558, 2874
286, 1559
1561, 2898
1491, 1562
1563, 3996
1564, 1724
1565, 1608
1566, 1650
1567, 4233
1568, 2558
1571, 3386
1573, 4763
1574, 1973
1575, 4468
1576, 3017
1577, 2985
1578, 2893
1581, 2952
1582, 3722
1402, 1583
1584, 4524
1585, 2490
1586, 2708
1588, 3616
1589, 2337
1590, 3063
705, 1591
1592, 4127
1076, 1593
1594, 3249
1595, 2945
1596, 4930
1402, 1597
1598, 3059
1599, 3775
1600, 2267
1601, 3553
1602, 4436
1603, 2642
412, 1604
936, 1605
1606, 4784
1607, 4435
1608, 2439
1609, 3543
756, 1610
1611, 1960
1612, 1662
1614, 4896
1615, 2395
1616, 4805
1617, 3508
1618, 4876
1229, 1619
1620, 4251
1621, 3147
1622, 4977
1623, 2244
1124, 1624
1626, 4706
1627, 3367
1629, 2947
1630, 2689
1631, 2525
1632, 2683
1633, 3992
557, 1634
1635, 4912
1636, 3543
1637, 4143
1638, 4008
1363, 1639
1640, 3654
1642, 1929
1643, 4456
1644, 4763
1615, 1645
1646, 4626
1647, 4703
1648, 2518
1649, 3493
1650, 3800
1651, 4983
1654, 3058
1655, 4281
1656, 3947
1657, 2133
1658, 3572
1659, 4597
1660, 4029
1661, 4359
400, 1663
1664, 4395
1665, 2354
670, 1666
1668, 4878
1669, 4479
1670, 2514
1671, 1690
1672, 3225
1674, 2289
1675, 4218
1676, 3183
1677, 2646
1678, 4917
1679, 2136
1680, 1707
1681, 3644
135, 1682
1462, 1683
1684, 2863
1042, 1686
1687, 3141
1688, 2317
1689, 4913
1690, 4183
1691, 4947
1692, 3641
932, 1693
1695, 4492
1696, 2583
1698, 4258
1699, 4201
1560, 1701
1702, 3576
1703, 3719
1704, 2157
1705, 4719
1706, 2455
1707, 3484
1708, 1751
1709, 1741
1710, 2575
597, 1711
1712, 4094
1713, 3748
435, 1714
1715, 4477
473, 1716
72, 1717
1718, 2948
1117, 1720
1721, 2520
1722, 4856
1723, 4198
547, 1725
1726, 3826
1727, 3702
1728, 4449
1641, 1729
1731, 4720
1732, 3710
1733, 4640
1734, 4763
1737, 4593
1738, 2675
540, 1740
1742, 4060
1743, 3482
1745, 3632
1746, 4464
1748, 3688
1749, 2791
1750, 4891
1752, 4991
871, 1753
1754, 2650
1755, 2438
1469, 1756
1113, 1757
1758, 3688
1759, 4574
1760, 4211
1761, 4232
1762, 2238
1696, 1763
1764, 3731
1766, 2759
1767, 3595
1768, 3575
1769, 4699
1770, 4380
1771, 4010
1772, 2544
1773, 3455
1774, 3542
1776, 3951
1777, 3428
28, 1778
1779, 3403
1781, 3756
522, 1782
321, 1783
1786, 2910
1787, 4648
1788, 2309
1790, 2080
1791, 2740
1793, 4005
1794, 3959
1796, 4171
1797, 4376
1798, 2494
1799, 2908
1800, 3435
1801, 3114
1803, 3992
1804, 3521
1805, 3212
1806, 4447
1807, 2592
1808, 4376
1809, 4639
1810, 3343
1811, 2841
1812, 4974
1059, 1815
1816, 2598
1466, 1819
1820, 2041
1821, 3845
910, 1822
1823, 1859
1824, 3569
1825, 4508
1826, 4645
1827, 2223
1828, 3420
1049, 1830
1831, 4778
1216, 1832
1833, 2525
1834, 4900
444, 1835
1836, 4023
1837, 3685
1838, 3283
1840, 1872
42, 1841
1843, 1901
1844, 4298
151, 1845
1846, 3441
1847, 4881
1848, 4973
1851, 2399
1852, 3873
1853, 2564
1854, 4373
1855, 2395
155, 1856
1857, 4375
545, 1858
1860, 3925
1861, 4694
1863, 4230
1864, 3449
1866, 1978
1867, 4861
355, 1868
1290, 1869
1871, 2688
1872, 2673
1873, 4345
1689, 1874
1875, 4850
1876, 3634
1877, 4899
672, 1878
1880, 1954
1881, 3194
137, 1882
1884, 2716
1885, 2265
1886, 2764
1887, 3172
1888, 3819
1889, 4083
410, 1890
1207, 1891
1892, 4032
1893, 2773
1894, 2042
812, 1895
1896, 4269
1898, 3259
1899, 2760
1900, 2089
1902, 4533
1903, 3239
1905, 3168
1534, 1906
1907, 4715
1655, 1908
1812, 1909
1910, 3641
1588, 1911
1912, 2626
1913, 2719
1914, 3947
1059, 1916
1918, 4127
1919, 3340
1921, 2581
1923, 3398
1924, 2018
167, 1925
1926, 2730
1927, 4200
1928, 2036
1930, 3075
1931, 4154
1932, 3902
1933, 2422
1935, 2402
1936, 3448
1937, 2405
772, 1938
735, 1939
1940, 3434
1943, 2405
1944, 3738
1945, 3089
196, 1947
1948, 4771
1949, 2367
1950, 3299
1951, 3173
218, 1952
1953, 4310
1954, 2486
1955, 2089
1957, 4974
1052, 1958
1959, 3075
1961, 2692
1962, 3796
1963, 2911
1964, 2398
1965, 3867
1966, 2589
1967, 3859
1968, 4474
1970, 4900
1971, 4694
1972, 4952
1973, 4731
1802, 1975
1486, 1976
1977, 2511
1979, 2505
1980, 2709
1982, 2916
359, 1983
1984, 2741
1985, 3872
567, 1986
1987, 2265
1988, 2336
1989, 4301
1990, 4277
1991, 4131
1992, 2404
231, 1993
1994, 3862
1995, 4184
675, 1996
1997, 3339
1998, 2781
1999, 2745
2000, 3302
682, 2001
2002, 4500
2003, 4002
905, 2004
1572, 2005
2006, 3818
725, 2007
265, 2008
902, 2009
391, 2012
2014, 4989
2015, 3134
598, 2017
2018, 2287
1755, 2019
2020, 4221
1252, 2021
2023, 4699
2024, 3503
148, 2025
2026, 2911
2027, 2736
2028, 2221
2031, 3645
2032, 4162
2033, 3150
335, 2034
2035, 2677
2037, 4886
2038, 2089
2039, 3221
2040, 3069
2041, 4964
1365, 2045
2047, 3937
2048, 3074
2049, 3798
2050, 4481
362, 2051
2052, 2721
2053, 3501
2054, 4841
2055, 3059
2056, 4081
2057, 2910
2059, 2091
133, 2062
2063, 4096
2064, 3074
2065, 3697
1059, 2066
1833, 2067
2068, 2710
2069, 3007
2070, 4596
2071, 4071
2072, 4415
2073, 4804
373, 2074
722, 2075
1033, 2077
2078, 4408
1251, 2079
2081, 2720
2082, 4919
2083, 3251
2084, 2720
2085, 3951
1855, 2086
2087, 3233
2088, 3723
2090, 4648
2091, 4647
2093, 4757
2013, 2094
2097, 2434
2098, 4268
2102, 2116
1325, 2103
1231, 2104
2105, 4129
2106, 2832
2107, 3441
2108, 4728
2110, 4482
2112, 3466
2113, 4140
2114, 3308
2115, 2283
2118, 4892
2119, 2323
2120, 3323
1651, 2123
2124, 4491
2125, 2997
1790, 2127
2128, 2165
357, 2129
2130, 4601
2131, 3090
2132, 3999
2134, 4804
2135, 3834
2136, 3726
2137, 3816
2138, 4591
881, 2139
2140, 4051
2141, 2983
2142, 3502
1364, 2143
2145, 3894
2147, 3275
1639, 2148
2149, 4569
2150, 4899
1027, 2151
364, 2152
2061, 2153
218, 2154
1112, 2155
2156, 3335
2158, 4607
1990, 2159
2160, 4718
2161, 2681
2162, 4355
1476, 2165
2166, 2238
2167, 4884
2168, 4393
2169, 3130
2170, 4362
2172, 4711
2014, 2173
2174, 3361
2175, 4138
2176, 4846
1585, 2178
2180, 4091
2181, 2921
2185, 2196
1325, 2186
2187, 2987
2188, 4676
1579, 2190
2191, 2333
1250, 2193
1439, 2194
2195, 3472
2197, 4201
2198, 3147
2200, 3355
2201, 3990
2202, 2737
260, 2203
881, 2204
2206, 4461
2207, 4883
2208, 2458
2209, 4528
2210, 4647
2005, 2211
1537, 2213
1467, 2214
2215, 2769
2193, 2217
1647, 2218
549, 2219
2095, 2220
2222, 3768
2226, 3087
2227, 4788
2228, 3126
2229, 2689
2230, 4786
727, 2231
2232, 3285
2233, 4575
2234, 2987
2235, 3522
2236, 4665
2237, 4450
2239, 3919
555, 2240
2241, 3212
2242, 2495
1457, 2243
2245, 3910
2246, 3105
2247, 2830
2248, 4841
2249, 3474
374, 2251
2252, 3207
2253, 2521
2254, 3364
2255, 2311
2256, 4648
2257, 3191
2258, 3238
1650, 2259
688, 2261
2262, 2801
2263, 3889
2264, 3701
2266, 2468
1059, 2267
2268, 4498
2269, 3627
2270, 3584
473, 2271
2272, 2883
1366, 2273
1184, 2274
2275, 4033
2276, 4828
1452, 2277
501, 2278
2279, 4917
1238, 2280
2281, 2649
2282, 3950
2284, 3118
2285, 2590
2286, 2938
2118, 2288
2289, 4845
2290, 4715
662, 2291
2292, 4326
2294, 4799
2295, 4389
2297, 4635
1622, 2298
2299, 3252
1366, 2301
2302, 4276
2303, 3928
1454, 2304
2305, 4011
2306, 2318
1804, 2307
367, 2308
2309, 4244
2310, 4715
2313, 2432
2315, 2879
779, 2316
2317, 3795
1993, 2319
2320, 2438
1200, 2321
2322, 3724
2323, 4228
739, 2324
2325, 3199
2127, 2326
2327, 3449
2328, 3898
2329, 4580
2331, 3956
2332, 2552
2334, 2544
2335, 2521
2310, 2337
2338, 3203
2340, 3384
2341, 3446
2342, 3038
2343, 4045
2345, 3501
2346, 4879
2347, 2905
2348, 3592
2349, 3139
2350, 3573
2351, 4736
2352, 3017
2353, 3552
2355, 2615
123, 2356
2357, 2655
2358, 4171
1873, 2359
2360, 3996
1015, 2364
2365, 3744
730, 2366
127, 2368
2369, 3871
2372, 4262
2373, 4000
2374, 4390
2375, 2394
2376, 2555
2377, 3657
2378, 4982
2379, 3070
1363, 2380
1583, 2381
2382, 2519
2383, 2869
2384, 3235
2385, 3787
2386, 3219
10, 2387
1417, 2388
2389, 2914
2390, 2626
2391, 3938
2392, 4417
440, 2393
2396, 2762
2397, 3163
2398, 4702
2400, 4128
2367, 2401
2403, 2692
2406, 3980
2205, 2408
1234, 2409
2410, 2700
413, 2411
2412, 4153
84, 2414
2415, 4853
2330, 2416
2417, 3950
2419, 2680
2420, 4326
2421, 2748
2423, 3637
2020, 2426
2428, 3762
2429, 3835
2430, 3216
1379, 2431
2432, 2810
1754, 2440
2441, 3804
344, 2443
2444, 2450
2445, 3299
108, 2446
2216, 2447
2448, 2997
2449, 4054
2451, 3641
2452, 3063
2454, 3719
2456, 4819
2242, 2457
2459, 4152
1844, 2461
2462, 3013
1543, 2463
2465, 3889
2466, 3651
2287, 2467
2469, 4696
2470, 4141
1910, 2471
2472, 2996
2473, 4353
2474, 4790
2475, 3781
2476, 2897
973, 2477
2478, 2965
626, 2479
1041, 2480
1942, 2481
2482, 4155
2483, 4578
779, 2484
2485, 3789
2487, 3803
2488, 4318
2491, 3954
2492, 3758
2493, 4166
1060, 2496
2497, 4371
2498, 3808
806, 2500
1884, 2501
2502, 3426
2503, 4882
2504, 3678
552, 2507
2508, 2900
1027, 2509
2510, 4560
2513, 3297
2514, 2518
2515, 4942
2516, 4659
2520, 2731
1534, 2522
2523, 2899
2524, 2636
1968, 2526
1499, 2527
2528, 4710
2529, 4933
2530, 4639
2531, 3315
2533, 2733
2535, 2848
2536, 4335
2537, 4838
323, 2540
2541, 2950
2542, 3756
2123, 2543
2545, 4753
2546, 2907
2547, 3004
2549, 3666
2550, 4401
1997, 2551
92, 2553
2555, 3249
2556, 4233
2557, 3011
628, 2559
2560, 3059
2561, 2871
2562, 2623
2563, 4108
2565, 3976
307, 2566
2567, 4965
2568, 3835
1541, 2571
1919, 2572
2573, 3745
1181, 2574
2575, 4448
1779, 2576
1662, 2577
2578, 4086
1344, 2579
2580, 3043
2582, 3266
2585, 3893
2587, 3237
2468, 2589
141, 2590
2591, 2924
2594, 4301
2595, 4468
2596, 4797
2597, 4744
2586, 2599
126, 2600
2602, 4020
2604, 3239
2605, 4929
486, 2606
2607, 4910
2608, 3135
2609, 4243
2610, 2706
1381, 2611
2612, 4390
2613, 3538
2614, 2901
2615, 3119
2616, 4901
2617, 2897
2618, 2964
2619, 3839
2620, 3321
2622, 4959
2624, 4098
2625, 3969
2627, 4476
1009, 2629
2630, 4894
2631, 2633
2632, 2820
2634, 3597
2274, 2635
2221, 2637
59, 2638
2639, 2879
2640, 3213
359, 2642
2150, 2643
2644, 4780
2645, 4821
66, 2647
2648, 4418
2649, 3567
2651, 4380
1913, 2652
2653, 3927
657, 2654
1857, 2655
2564, 2657
2659, 4362
2660, 2714
1050, 2661
28, 2662
1283, 2663
2664, 4480
2646, 2665
2581, 2667
2668, 4172
2670, 4938
2674, 3024
420, 2676
2678, 3863
1328, 2679
1487, 2680
2682, 3536
2685, 3464
2687, 3900
167, 2690
2234, 2691
2694, 3840
2695, 4541
2696, 3941
2697, 4429
2698, 3696
2699, 4838
2212, 2701
2702, 4442
1734, 2703
2704, 3299
2705, 4902
2707, 2971
1930, 2710
2711, 4674
2712, 3763
2510, 2713
1221, 2715
26, 2717
749, 2718
2719, 4633
2722, 4164
1552, 2723
1167, 2724
2725, 4819
2726, 3116
1109, 2728
2382, 2729
2730, 3575
2734, 2834
2735, 3393
566, 2737
2233, 2739
2740, 4041
2741, 3879
2742, 3457
1542, 2743
2744, 3411
1738, 2746
2747, 4463
62, 2748
1914, 2750
2751, 4707
643, 2752
2755, 3245
2756, 3168
2761, 4182
2763, 3483
2764, 4044
103, 2765
2767, 4835
1738, 2768
2770, 4141
2771, 3224
1988, 2772
2775, 4791
2776, 2828
2777, 3759
2778, 4119
2779, 4451
2780, 4544
2782, 4830
445, 2783
2784, 2845
2785, 4719
2786, 4004
1730, 2787
13, 2788
2790, 3755
2791, 4413
184, 2792
2395, 2793
2794, 3728
2795, 2804
2796, 4331
2798, 4720
2799, 3350
2801, 3019
1081, 2802
2803, 4823
2590, 2805
2807, 3067
2404, 2808
2137, 2809
2811, 4056
2812, 4401
2027, 2813
2814, 4384
1998, 2816
2819, 4059
2822, 4745
1744, 2823
431, 2824
2825, 3252
2826, 3619
2827, 4730
2828, 3296
2829, 3938
1705, 2831
2833, 3575
2834, 3612
135, 2835
57, 2836
1928, 2837
489, 2838
1794, 2839
2840, 2874
2841, 3678
1794, 2842
2843, 3894
2844, 3069
637, 2846
2847, 4100
2850, 3444
2852, 4753
2854, 3185
726, 2855
2857, 3127
2859, 3924
652, 2860
2000, 2861
851, 2866
2867, 4015
2868, 4443
2870, 3341
2873, 4851
2876, 3920
265, 2877
2323, 2878
1250, 2880
2723, 2881
2883, 4939
2884, 4886
2043, 2885
2887, 3621
1192, 2888
2889, 4400
2890, 4267
2891, 3176
2892, 4101
2894, 3851
2116, 2895
1050, 2896
2899, 3147
218, 2900
1867, 2901
2902, 4030
2903, 3379
2908, 4344
373, 2909
2588, 2912
2915, 3015
2368, 2918
1498, 2919
2920, 3530
2922, 3153
2923, 4903
1960, 2926
2927, 3247
2928, 4934
77, 2929
2931, 4247
2932, 4037
1689, 2933
2934, 3353
1565, 2935
233, 2939
2940, 4914
2942, 3027
693, 2943
2944, 3240
2371, 2946
2948, 3416
2949, 3064
762, 2950
2951, 3740
2953, 4222
1647, 2954
2955, 3649
2956, 3794
1124, 2957
2071, 2958
2959, 3412
1187, 2961
2759, 2962
113, 2963
2966, 4408
1530, 2968
2969, 3477
1665, 2970
902, 2971
2972, 4110
2973, 4694
2974, 3391
1706, 2975
2976, 4139
2977, 4948
1358, 2978
1591, 2979
2980, 3499
1765, 2981
2026, 2982
2984, 3661
2986, 3052
2988, 4430
1110, 2989
919, 2990
546, 2991
2992, 3245
952, 2993
270, 2994
2995, 3964
1698, 3001
3002, 4753
3004, 3041
3005, 4361
425, 3006
3008, 4770
222, 3009
3010, 4667
748, 3011
3012, 4718
624, 3014
2101, 3016
3020, 4592
303, 3021
3022, 3689
3023, 3521
3024, 3808
907, 3025
3026, 4442
324, 3028
2214, 3029
1840, 3030
3031, 4707
2905, 3032
3033, 4194
3034, 4483
197, 3035
628, 3037
2912, 3039
3040, 4990
3042, 3940
3048, 4870
2189, 3049
567, 3051
3054, 4281
260, 3059
3060, 4826
3061, 4950
2367, 3062
3065, 4194
224, 3066
1383, 3068
2527, 3071
1732, 3072
1935, 3073
1230, 3076
596, 3078
3080, 3839
3081, 3157
750, 3082
1554, 3083
3085, 3714
3086, 3217
2914, 3087
296, 3091
3093, 4896
3094, 4980
3096, 4273
3098, 3509
1099, 3099
727, 3100
3101, 4636
3102, 3642
952, 3103
3104, 4967
2546, 3105
3106, 3677
1809, 3107
3108, 4870
3109, 4109
3110, 4944
2818, 3111
2872, 3112
2779, 3113
3115, 3476
3117, 4230
3120, 4762
3122, 4793
1638, 3125
3128, 4648
2392, 3129
2950, 3131
3132, 4870
1447, 3133
1005, 3136
2817, 3138
979, 3140
3142, 4227
2429, 3143
867, 3144
3145, 4145
2621, 3146
3148, 3473
1552, 3149
3151, 3371
1262, 3152
3154, 4446
3155, 4589
2584, 3156
2213, 3157
1618, 3158
775, 3159
3160, 3670
1111, 3161
3162, 3316
729, 3165
3166, 4958
3167, 4952
3168, 4320
3169, 4615
3170, 3436
3171, 4912
911, 3173
3174, 3451
2145, 3175
2510, 3176
3178, 3300
3180, 3780
3181, 3256
3184, 4001
1462, 3185
3186, 4066
1355, 3187
3188, 4640
1363, 3190
3030, 3192
3193, 3297
3195, 4669
2816, 3197
3198, 4394
1904, 3203
3204, 4359
3205, 4252
3208, 4710
2958, 3210
3211, 3217
1918, 3215
3218, 4274
537, 3220
1495, 3222
3223, 3308
3225, 4674
3226, 4598
2039, 3227
1842, 3228
138, 3229
3230, 4705
2158, 3231
3232, 4695
957, 3233
3234, 3526
772, 3236
1533, 3239
2089, 3240
1169, 3241
2413, 3242
2921, 3243
3244, 3931
709, 3246
3248, 4537
3250, 3444
3252, 4431
2378, 3253
3254, 3332
3255, 4381
3257, 3453
3258, 3448
2040, 3259
3260, 3742
3261, 3863
3265, 4157
3266, 4009
3267, 4050
3269, 4832
2356, 3270
3271, 4037
3273, 4196
2839, 3274
3276, 3694
3278, 3715
3279, 4567
2163, 3280
1676, 3281
3282, 4548
3113, 3284
3070, 3286
3288, 3722
3289, 3842
3290, 3810
535, 3291
1009, 3292
1396, 3293
1594, 3295
3296, 4805
3109, 3298
3300, 4923
3301, 4821
3303, 4468
3304, 4663
3305, 4769
3306, 4380
386, 3307
3309, 3689
3310, 3519
2973, 3311
1207, 3312
1521, 3313
3314, 4240
3317, 3345
1440, 3318
739, 3319
1019, 3320
3321, 4964
2759, 3322
3323, 3419
1419, 3324
116, 3325
3326, 4115
3327, 3485
3314, 3330
1982, 3331
3332, 4816
344, 3333
3334, 4043
495, 3336
1036, 3338
2072, 3341
3343, 3603
3345, 3958
1445, 3346
3347, 3987
2024, 3348
1292, 3351
163, 3352
1042, 3353
911, 3356
3358, 3523
3359, 4549
3361, 3993
3362, 4377
3363, 4318
3365, 3681
3366, 3852
3368, 4936
3173, 3369
681, 3370
3371, 3649
3373, 3905
2769, 3374
1949, 3375
573, 3376
3377, 3853
3378, 3687
3379, 4473
345, 3380
3381, 3875
3382, 3580
2377, 3383
1406, 3384
3385, 4201
2169, 3387
1679, 3390
3392, 3786
3393, 4918
1178, 3394
2436, 3395
694, 3396
3071, 3399
3400, 4078
2798, 3401
3402, 3874
3404, 3573
1542, 3405
3406, 4828
1054, 3407
3408, 4147
3409, 4398
3410, 3885
1784, 3412
3414, 3502
2706, 3415
3417, 3996
374, 3421
3422, 3572
2521, 3424
373, 3425
753, 3426
1684, 3427
2853, 3429
3430, 3922
3431, 3704
1875, 3433
3437, 4923
3438, 4536
3079, 3439
2043, 3440
3441, 4696
3442, 4428
1743, 3443
427, 3445
3447, 4146
3450, 4485
1292, 3451
3452, 4715
3456, 4363
2873, 3458
3037, 3460
1970, 3461
3462, 4198
776, 3463
3465, 4414
3466, 3802
1673, 3467
3468, 3859
3469, 4050
2161, 3470
1315, 3471
3474, 4659
2053, 3477
3478, 3636
3017, 3479
1610, 3480
3481, 4348
3482, 3618
3484, 3599
527, 3485
2036, 3486
362, 3487
3488, 3959
3043, 3489
3492, 4881
3493, 3516
3384, 3494
1918, 3496
3498, 4029
3502, 4772
2055, 3504
1270, 3506
3507, 4675
3510, 4365
3511, 4021
2534, 3513
1, 3514
2111, 3518
3523, 3897
1794, 3525
3528, 4824
3529, 4015
3484, 3531
3532, 4290
970, 3533
3105, 3534
3537, 4416
979, 3539
676, 3540
3545, 3576
1188, 3546
1467, 3547
1813, 3548
2054, 3551
1666, 3554
1097, 3555
3280, 3556
3548, 3557
2629, 3558
1161, 3559
486, 3560
2575, 3561
3562, 4102
3186, 3565
3566, 4371
3570, 3614
3571, 4690
3574, 4425
295, 3576
2534, 3577
3578, 3990
3579, 4067
3582, 3939
3508, 3583
3585, 4663
3115, 3587
2639, 3588
3589, 4514
2448, 3591
2199, 3594
3595, 3934
3056, 3596
2518, 3598
2823, 3600
2573, 3601
3150, 3602
1296, 3604
1124, 3606
3607, 4607
1121, 3608
3609, 4875
1722, 3610
3611, 3749
1042, 3613
3615, 4862
112, 3617
2196, 3620
3622, 4125
3623, 3814
3625, 4414
412, 3626
1587, 3627
3628, 3829
2521, 3629
3630, 4998
1288, 3631
1328, 3633
1827, 3635
19, 3640
1301, 3642
816, 3643
3644, 4995
2785, 3646
1333, 3647
3648, 4441
3650, 4119
3651, 4439
3405, 3652
1019, 3653
3655, 4414
646, 3656
866, 3658
854, 3659
3660, 3911
850, 3663
3377, 3665
2146, 3667
732, 3668
3384, 3669
1624, 3670
3671, 4436
3378, 3672
3673, 4688
154, 3674
3675, 4973
3151, 3676
2184, 3677
3277, 3679
3680, 4798
2760, 3683
3684, 4087
3686, 3847
1987, 3688
3689, 4204
538, 3690
600, 3691
3123, 3692
1331, 3693
801, 3695
3696, 4484
3697, 3699
3700, 4985
3703, 4126
1177, 3704
3705, 4423
2639, 3706
3707, 4583
2725, 3708
548, 3709
3710, 3741
517, 3711
1304, 3712
771, 3713
691, 3714
1152, 3717
2893, 3721
241, 3722
3725, 3829
3728, 4018
3417, 3729
869, 3730
233, 3732
3733, 4645
3078, 3734
3735, 4361
155, 3736
2347, 3737
1474, 3739
3741, 4632
3746, 3916
431, 3747
1330, 3750
2594, 3751
323, 3752
3753, 4985
3755, 4516
3759, 4423
3764, 4981
3765, 4714
896, 3766
1877, 3767
1207, 3769
3770, 3939
3771, 4715
368, 3772
3773, 4937
643, 3774
787, 3775
1541, 3776
1168, 3777
3781, 4144
3782, 3821
3304, 3783
135, 3784
934, 3785
123, 3786
1256, 3788
540, 3790
2490, 3791
3792, 4943
187, 3794
3796, 4941
3515, 3798
3799, 4659
3564, 3801
3726, 3804
3002, 3805
1129, 3806
3310, 3807
1727, 3809
3729, 3811
3812, 3920
3573, 3813
593, 3815
2810, 3817
2692, 3818
3076, 3820
3821, 4741
1677, 3822
3043, 3825
3407, 3827
3828, 4481
3830, 4299
2633, 3831
2432, 3832
3455, 3833
2817, 3836
3840, 3936
1864, 3841
3842, 4720
2399, 3844
3845, 3952
3467, 3846
1482, 3848
3849, 4142
410, 3850
435, 3851
1577, 3852
3856, 4521
3857, 4995
2135, 3860
3865, 4317
3866, 4194
3790, 3867
2688, 3868
3741, 3869
988, 3870
3871, 4893
3873, 4817
2333, 3874
1291, 3875
565, 3876
1990, 3877
3878, 4063
3880, 4955
1585, 3881
3882, 4296
3883, 4722
3886, 4055
3887, 4472
1131, 3890
2748, 3891
3895, 4305
3896, 4954
702, 3899
3901, 4656
3377, 3902
1709, 3903
908, 3904
3238, 3906
3685, 3907
3908, 4827
3912, 4883
3758, 3913
1722, 3914
1801, 3915
2096, 3917
1475, 3918
3919, 4435
2053, 3921
3923, 4878
3243, 3925
3067, 3928
3929, 4806
864, 3930
2766, 3932
1778, 3933
3124, 3935
3938, 4997
3940, 4416
2056, 3942
478, 3943
3435, 3944
942, 3945
3946, 4715
3948, 4579
3212, 3949
1853, 3950
1154, 3953
1979, 3954
3955, 4740
1454, 3957
3218, 3961
3670, 3962
544, 3963
3207, 3965
3966, 4306
3000, 3967
2866, 3968
1547, 3969
478, 3970
928, 3971
3888, 3974
2815, 3975
1639, 3976
555, 3977
1902, 3979
13, 3981
3982, 4222
3983, 4343
3984, 4302
3985, 4125
3793, 3986
3432, 3987
1826, 3989
1792, 3991
3834, 3994
2138, 3995
3996, 4381
2030, 3997
3998, 4554
3999, 4479
4001, 4404
4003, 4826
1342, 4004
4005, 4862
4006, 4759
3006, 4007
3832, 4012
2882, 4013
768, 4014
45, 4016
4017, 4632
1511, 4019
1409, 4022
318, 4025
1987, 4026
4027, 4286
1776, 4028
404, 4031
4034, 4477
4035, 4978
2683, 4038
2485, 4039
4040, 4354
4041, 4453
1772, 4042
1220, 4045
663, 4047
4049, 4458
4052, 4616
1628, 4053
4054, 4649
2366, 4057
4058, 4756
3225, 4061
602, 4062
2304, 4063
4064, 4251
411, 4068
1670, 4072
358, 4073
4074, 4825
4076, 4271
821, 4080
4084, 4599
408, 4088
4089, 4296
198, 4090
4093, 4346
4094, 4860
13, 4095
1841, 4097
804, 4098
3296, 4099
4102, 4479
4103, 4865
1724, 4104
3056, 4106
216, 4107
20, 4111
1648, 4112
4113, 4409
447, 4116
604, 4117
3800, 4118
305, 4120
2869, 4121
4122, 4696
1324, 4123
3478, 4127
1847, 4129
212, 4130
4132, 4653
2512, 4133
2564, 4135
4136, 4826
1686, 4137
4140, 4617
1426, 4143
251, 4145
4147, 4470
985, 4148
3300, 4149
4150, 4374
4151, 4999
646, 4153
4141, 4155
4156, 4357
2146, 4158
2223, 4159
1005, 4160
3204, 4162
4163, 4566
2416, 4164
4165, 4912
4167, 4302
257, 4168
4169, 4517
2193, 4170
4173, 4225
4140, 4174
3742, 4175
3138, 4176
4177, 4620
1410, 4178
998, 4179
1824, 4180
4181, 4577
4182, 4970
4185, 4468
1242, 4186
1610, 4187
780, 4188
2991, 4190
141, 4191
1826, 4192
843, 4193
3117, 4195
410, 4196
624, 4197
4127, 4199
2585, 4200
4201, 4462
4202, 4275
2166, 4203
52, 4205
3685, 4206
2883, 4207
1616, 4208
3153, 4209
3655, 4210
2066, 4211
841, 4212
1477, 4213
220, 4215
3830, 4216
995, 4217
1363, 4218
4220, 4484
2106, 4223
4224, 4376
636, 4226
888, 4227
4229, 4722
4011, 4231
2296, 4235
1660, 4236
1595, 4237
1853, 4238
1260, 4239
1555, 4240
1754, 4241
1428, 4242
1411, 4243
4245, 4534
1581, 4246
4248, 4775
2753, 4250
2874, 4251
885, 4253
2330, 4256
4257, 4516
4138, 4259
3409, 4260
2016, 4263
1442, 4265
3177, 4266
4267, 4712
4270, 4851
2736, 4272
4276, 4771
873, 4278
3879, 4279
4280, 4668
4282, 4705
3186, 4283
1828, 4284
2818, 4286
783, 4287
1482, 4288
843, 4289
4227, 4291
1214, 4292
4293, 4883
2387, 4295
1268, 4297
4300, 4420
1836, 4303
4305, 4402
3455, 4308
4309, 4384
4311, 4805
624, 4312
2522, 4313
2696, 4314
3342, 4315
2004, 4316
2217, 4318
915, 4319
4321, 4408
2038, 4322
412, 4323
369, 4325
1781, 4327
4328, 4627
1738, 4332
3432, 4333
2674, 4334
3810, 4336
510, 4337
4338, 4730
3596, 4339
4340, 4366
976, 4341
4342, 4983
4037, 4343
3940, 4350
96, 4351
4352, 4749
372, 4353
2103, 4356
1472, 4360
583, 4364
45, 4367
1545, 4368
1860, 4369
3755, 4370
4198, 4372
1987, 4382
2983, 4383
4384, 4755
4094, 4385
2013, 4386
3670, 4387
2801, 4388
3636, 4391
2810, 4392
4251, 4397
3763, 4399
771, 4405
4193, 4406
2253, 4407
812, 4411
4419, 4566
445, 4421
4408, 4422
3354, 4424
4426, 4843
2859, 4427
3226, 4428
3263, 4432
4393, 4433
2931, 4434
2552, 4438
336, 4439
4440, 4888
4442, 4731
2968, 4444
617, 4445
2086, 4452
1103, 4453
613, 4454
2165, 4455
2876, 4458
1229, 4459
1223, 4460
3241, 4461
723, 4463
4428, 4465
2070, 4470
2089, 4471
4475, 4983
4477, 4728
2785, 4478
4487, 4985
1140, 4489
3756, 4490
2472, 4493
3619, 4494
1301, 4496
2876, 4497
4124, 4500
1200, 4502
1040, 4504
1039, 4505
2696, 4506
1274, 4510
2708, 4512
4346, 4513
2804, 4518
4464, 4520
3043, 4522
2796, 4523
2778, 4525
3396, 4527
1560, 4528
913, 4529
1548, 4531
1097, 4532
544, 4536
2790, 4538
3902, 4539
4540, 4651
2503, 4543
3812, 4544
3946, 4545
2325, 4546
4047, 4547
4548, 4641
4119, 4550
2370, 4551
1947, 4552
1938, 4553
3946, 4557
4558, 4882
2036, 4559
4561, 4642
689, 4563
4230, 4564
3888, 4565
1152, 4568
4018, 4570
4571, 4752
3877, 4572
3685, 4573
930, 4576
3240, 4579
148, 4580
4581, 4858
1495, 4583
2358, 4584
2999, 4585
1741, 4586
4588, 4774
2196, 4590
1638, 4594
4461, 4595
2752, 4599
2043, 4600
2725, 4602
1660, 4603
1568, 4604
2649, 4605
3063, 4608
1924, 4609
2681, 4610
4501, 4611
4612, 4804
3588, 4615
3875, 4616
505, 4618
4552, 4619
1217, 4622
433, 4623
4130, 4624
4420, 4628
3002, 4630
702, 4631
2168, 4634
1111, 4636
1932, 4637
4638, 4712
2261, 4644
1876, 4651
219, 4652
2192, 4655
4216, 4656
71, 4657
15, 4658
1836, 4660
4661, 4685
959, 4662
1849, 4664
2030, 4665
1606, 4667
4668, 4772
4526, 4669
4198, 4670
1641, 4671
2952, 4672
4675, 4751
4486, 4677
64, 4678
4681, 4917
1116, 4682
4113, 4683
2089, 4685
1967, 4686
4687, 4828
2557, 4689
3754, 4690
3149, 4691
1733, 4693
4655, 4697
2662, 4698
3771, 4700
1058, 4701
248, 4704
2539, 4709
4710, 4711
11, 4714
4715, 4839
3776, 4716
1462, 4721
315, 4723
4727, 4791
1606, 4729
1115, 4732
3512, 4733
4653, 4734
1480, 4735
3280, 4737
1019, 4738
2538, 4739
831, 4740
1207, 4741
2071, 4742
3589, 4743
4744, 4754
2605, 4745
1104, 4746
257, 4747
4146, 4749
4734, 4750
1383, 4751
2146, 4756
1059, 4757
762, 4758
1622, 4761
3397, 4764
295, 4765
2394, 4767
2618, 4773
2310, 4776
2021, 4777
4778, 4825
4130, 4779
4781, 4964
203, 4785
3407, 4787
4651, 4788
4426, 4789
810, 4792
460, 4793
4542, 4794
3500, 4795
425, 4796
260, 4797
4346, 4798
1670, 4800
1175, 4801
3314, 4802
2305, 4803
2134, 4807
4461, 4808
1924, 4809
4810, 4840
4201, 4811
4813, 4875
612, 4814
2713, 4815
1259, 4820
2931, 4821
3688, 4822
4825, 4970
449, 4827
4829, 4848
1825, 4830
4094, 4831
3444, 4832
4462, 4833
1043, 4834
4714, 4836
4468, 4837
2201, 4842
262, 4844
4847, 4924
2291, 4849
3988, 4850
2673, 4852
291, 4854
2523, 4855
3502, 4857
4392, 4859
3321, 4863
37, 4864
1140, 4867
3601, 4868
131, 4869
1478, 4872
4091, 4873
470, 4874
4772, 4877
98, 4879
1547, 4882
1294, 4885
1010, 4887
448, 4889
1269, 4890
1759, 4893
1250, 4895
2031, 4896
4823, 4897
3366, 4902
2874, 4904
2678, 4905
948, 4906
3478, 4909
1946, 4910
646, 4912
830, 4915
1971, 4916
4198, 4920
2616, 4921
1429, 4926
2511, 4928
497, 4931
2478, 4934
3186, 4940
3460, 4942
3003, 4945
2472, 4946
4414, 4951
4493, 4953
2840, 4954
4268, 4955
284, 4957
3996, 4960
3286, 4966
4037, 4968
3871, 4969
1874, 4971
4972, 4976
2425, 4976
2586, 4978
1640, 4981
3436, 4984
2231, 4986
553, 4987
4645, 4988
2902, 4991
4763, 4992
762, 4993
2221, 4994
1674, 4996
0, 3705
1773, 2950
2367, 2913
3, 3307
980, 4865
903, 2179
2846, 3173
3391, 3851
8, 4900
1616, 2729
10, 1185
158, 2550
2436, 4875
14, 1947
3122, 4739
270, 2222
2716, 4625
1048, 2860
2042, 4161
2161, 2765
974, 3650
1652, 3884
31, 1541
359, 1948
33, 2190
608, 1204
1630, 3376
567, 4876
37, 277
4028, 4276
39, 3733
1487, 4457
2833, 3094
3645, 4097
43, 1454
181, 3868
46, 2528
1929, 3410
2461, 4711
233, 410
2745, 4798
52, 2673
54, 3218
4474, 4666
1125, 1633
946, 4587
822, 3756
2995, 4092
4270, 4574
559, 2305
791, 1467
2061, 4412
69, 3126
1178, 3749
71, 1779
508, 2192
73, 3316
3209, 3283
78, 1929
79, 4071
1569, 2714
81, 2534
2650, 3221
209, 947
339, 4289
85, 3356
87, 527
89, 4986
297, 4898
3329, 4791
92, 131
3264, 3290
2832, 4240
827, 3059
96, 388
748, 2424
933, 3682
101, 2333
2922, 4934
496, 1403
781, 1673
3437, 4495
437, 4516
2867, 4978
114, 4067
116, 2208
117, 3755
118, 4024
121, 1871
1656, 4963
2922, 3371
2464, 3927
127, 1445
983, 3574
2757, 4537
2188, 2657
2044, 4396
53, 2362
3528, 3868
137, 775
3691, 4625
144, 482
28, 145
414, 2433
147, 4265
149, 2370
376, 2144
3596, 4556
697, 2559
1920, 3334
1876, 4051
157, 4480
636, 2007
3793, 4704
2151, 4748
734, 3126
663, 1730
2637, 3486
169, 3096
1974, 2426
2189, 4790
173, 1458
1298, 4324
598, 4409
2751, 3948
1443, 2245
3544, 4580
182, 2894
3582, 4227
3276, 4979
1165, 4935
193, 2361
1504, 2280
412, 2096
2183, 2383
194, 4293
3206, 4109
198, 2706
420, 1628
432, 1759
1734, 2941
876, 1039
1502, 4941
3423, 4238
1202, 4008
211, 2069
212, 3481
214, 3114
45, 3636
3130, 4541
1133, 3291
622, 1399
268, 2163
411, 1168
226, 342
492, 888
1912, 3824
1993, 4930
806, 1476
1179, 2135
2876, 4612
3303, 4826
502, 2628
4690, 4858
1225, 4925
772, 3040
647, 4649
3448, 4744
3174, 3887
3407, 4386
3681, 3718
254, 725
3506, 4566
1231, 2576
1789, 4229
2548, 3898
3275, 4105
1652, 2862
4032, 4485
3303, 3978
266, 1675
2586, 3594
1607, 1667
1554, 4914
861, 2286
4451, 4964
1511, 2293
1070, 2496
276, 3537
1421, 4903
729, 2061
3299, 3759
280, 437
3511, 4403
2556, 2563
775, 3337
291, 1468
3050, 4861
643, 4348
838, 3662
2104, 4249
96, 307
308, 734
309, 2562
1652, 3089
313, 3710
1371, 3877
1349, 2936
375, 1696
331, 1783
322, 2533
573, 3018
2377, 2498
3200, 3607
1040, 1251
1904, 2363
2335, 3977
330, 1185
332, 3188
410, 3944
486, 1074
2460, 2710
883, 3830
2020, 2671
343, 2876
1253, 1392
347, 4906
349, 3320
350, 529
351, 3300
1895, 2367
898, 3088
354, 831
624, 2156
3542, 4096
658, 4515
2042, 4075
360, 3371
365, 4904
366, 1819
496, 1340
369, 4971
2165, 4249
376, 3808
377, 642
379, 4494
2827, 4034
4536, 4583
500, 3462
1400, 3307
1877, 3070
635, 3868
702, 901
397, 3749
1066, 1282
3199, 3384
401, 1560
1326, 1364
1336, 4530
1094, 2126
367, 3972
2533, 4717
1595, 2166
2122, 3253
1997, 4944
482, 3397
1180, 3000
420, 4956
729, 1419
2882, 4917
416, 425
1512, 4653
19, 4679
703, 2824
433, 2930
547, 2937
1687, 2932
1689, 3960
1794, 2088
3428, 4167
395, 2784
1722, 4392
447, 1096
448, 3342
1187, 3286
452, 1657
4585, 4853
1095, 4583
987, 2858
4069, 4810
1694, 4974
1065, 3887
1451, 3608
4059, 4850
412, 470
2420, 2996
473, 522
2775, 4588
477, 3836
3189, 4404
881, 3525
1230, 3601
1775, 2686
1641, 4699
1444, 1739
2517, 4273
559, 2171
491, 542
3266, 3654
2758, 4886
693, 2932
419, 1838
2951, 3855
1624, 3159
503, 3928
126, 504
3139, 3836
4100, 4349
513, 1954
514, 844
1018, 2671
1736, 4247
3794, 4732
1324, 1587
1944, 3123
2339, 3597
2322, 4964
871, 2307
482, 3129
3687, 4535
2910, 3475
537, 602
3690, 3852
3522, 4626
542, 3540
1525, 3823
1858, 2084
548, 4168
2157, 4195
551, 2046
2190, 3946
787, 1730
2778, 3349
323, 797
1855, 2517
561, 4995
3410, 3484
3060, 4085
1366, 2555
3501, 3679
3625, 3741
2004, 2149
4244, 4939
1652, 2823
1911, 4134
1830, 3918
1543, 3548
584, 1832
4691, 4988
589, 3923
2160, 2197
3088, 4114
593, 2370
2774, 4081
879, 3406
1991, 3692
601, 3128
1530, 4708
317, 605
1617, 3804
1414, 3345
897, 2921
529, 3585
612, 2641
749, 4036
615, 1062
3512, 4870
723, 2872
657, 2118
1766, 2652
621, 1137
2234, 2631
623, 851
630, 3117
631, 3742
1516, 1750
956, 4446
3228, 4235
1384, 1861
260, 1451
1501, 2068
645, 3040
941, 1509
2655, 3114
651, 2208
318, 1395
483, 4684
1942, 3938
662, 4699
1005, 4634
667, 911
2091, 4692
1608, 1934
1735, 2266
1414, 2549
2250, 3540
2020, 3372
713, 2394
1394, 3332
919, 1587
1867, 3512
685, 4030
98, 2253
3504, 4522
690, 1400
695, 3569
696, 732
698, 1929
699, 4484
1412, 4258
199, 3727
708, 1194
100, 710
715, 3546
2083, 4111
719, 1811
721, 2618
1463, 3654
1601, 4006
2588, 2958
486, 3268
732, 1267
3271, 3573
736, 896
1922, 2993
2406, 3497
2529, 4514
2623, 4024
2606, 4517
2011, 4307
2490, 2700
3009, 4486
2104, 2632
2801, 4891
755, 1535
757, 4218
880, 2549
1159, 4134
796, 3699
2196, 2475
764, 3526
225, 4766
2848, 4808
3835, 4638
956, 1915
1158, 3180
484, 776
2064, 3985
1132, 2316
2166, 3454
783, 3937
1293, 3386
789, 3401
1795, 2133
1806, 4167
1332, 4249
1003, 1221
2882, 4507
808, 2958
812, 4875
712, 1488
818, 3360
1007, 2874
3209, 3714
1034, 2662
829, 2894
1545, 4163
834, 1462
22, 1296
3161, 3549
316, 840
1855, 4424
858, 2635
893, 3975
1293, 3491
186, 849
2590, 4034
1426, 2765
864, 4947
1655, 4601
866, 1940
2564, 3503
3638, 4674
518, 2354
212, 1440
3449, 4274
939, 2206
1377, 4734
882, 1435
551, 885
658, 3080
626, 2815
1719, 1811
1355, 4821
549, 4469
900, 4814
695, 1850
0, 4650
466, 4529
2512, 2767
917, 2080
1569, 3184
3639, 4784
180, 3944
2800, 4392
437, 1767
927, 2993
3029, 4549
935, 1920
626, 954
2109, 2386
179, 1306
529, 2930
963, 3829
2260, 3034
400, 1012
2536, 3884
973, 1494
975, 1041
388, 976
420, 2864
980, 3627
1930, 3605
1197, 3036
400, 3696
1963, 3121
3343, 4064
3310, 3564
1960, 3307
2166, 3201
1404, 2311
1580, 2114
4272, 4375
1149, 1222
1010, 2479
1751, 2145
1014, 4464
1647, 3255
1016, 2058
1022, 2930
1028, 1394
2233, 2684
310, 3892
1047, 3880
1506, 2769
1052, 1422
1053, 1277
1393, 3883
3225, 3448
1255, 2709
1061, 4843
1346, 1941
508, 1299
1081, 3415
192, 3474
3255, 4646
1396, 4117
1086, 3244
960, 1662
3365, 4296
2353, 2354
1514, 4460
3256, 4330
1097, 1342
3780, 4880
2894, 2948
3275, 3290
3588, 3822
1113, 3738
1750, 2222
224, 3134
1526, 2523
2332, 3826
2581, 3941
2325, 2916
1133, 3159
2175, 2248
907, 1135
1136, 3193
3047, 3832
2418, 4562
1143, 1481
3258, 3459
3219, 3476
2012, 3058
3633, 4030
1162, 2404
1166, 2696
1174, 3188
172, 1176
1749, 2438
3457, 4202
1190, 4392
1391, 2888
2016, 4907
2692, 4437
1735, 4908
1095, 1500
2354, 3884
1209, 3271
466, 3153
4214, 4296
2948, 4466
1234, 2832
3503, 4219
4024, 4340
1917, 4389
342, 1242
4043, 4843
429, 1886
1273, 3778
1275, 1715
1651, 3889
1241, 1567
1280, 2147
2464, 2895
4304, 4816
3117, 4999
1829, 4780
3016, 4299
1303, 2136
1305, 4105
33, 1690
1548, 2419
1807, 3869
68, 3262
2754, 3745
3128, 3719
3388, 4326
2558, 3391
4225, 4640
1347, 2748
1349, 3124
156, 1352
1301, 1994
951, 2405
1362, 3501
228, 4873
936, 1369
1374, 3114
1457, 3763
304, 2868
567, 4614
2672, 4077
1564, 1571
1386, 4065
3705, 4329
3225, 4799
2284, 4274
1407, 2233
2288, 3624
1814, 4692
126, 3991
1026, 1434
4082, 4590
1181, 1653
1438, 4784
178, 4989
1446, 2974
3133, 4572
723, 2732
1266, 4884
1458, 4950
1465, 4565
859, 4842
3523, 4548
1471, 2257
702, 4358
2915, 4790
1482, 4624
1047, 1839
2092, 3464
2049, 4365
1490, 1504
1491, 3511
702, 1492
3090, 3618
1498, 3393
3151, 3566
1509, 2066
3988, 4321
1622, 3142
1522, 2731
1527, 4676
2897, 4579
540, 2570
1542, 2252
1708, 4621
1902, 2137
1551, 3844
2442, 2676
888, 3294
2252, 3996
1593, 4118
2352, 4381
1778, 4524
1807, 2708
2267, 4791
3159, 3553
1636, 4353
4306, 4896
815, 1617
1623, 1883
1626, 2487
714, 2525
2683, 4516
1643, 2626
1649, 3041
654, 3422
180, 3498
2063, 4395
2514, 2833
158, 4845
1684, 3645
2317, 4966
2273, 3641
4030, 4492
990, 1698
1706, 4601
1709, 4785
1798, 2575
1713, 4949
1728, 4429
4423, 4593
2253, 4060
1296, 3632
3371, 3688
1749, 4183
1761, 2153
1764, 3722
4380, 4978
40, 1771
1678, 4042
3428, 3874
1788, 2594
4005, 4530
827, 1808
1428, 2908
1807, 3121
2886, 3107
1369, 1816
310, 2819
1841, 1859
2223, 4678
2601, 3420
1215, 3320
1970, 4508
1836, 2662
1901, 2925
3163, 3441
288, 3675
2399, 2915
628, 1854
1866, 3582
2359, 3823
1954, 2091
1881, 2546
2808, 3172
3184, 4083
59, 4269
3069, 3449
2760, 4789
179, 1533
2893, 4320
525, 3340
3398, 3413
1035, 2018
3893, 4066
2337, 4154
1933, 2209
895, 1935
1953, 4222
700, 2398
1344, 3859
208, 4474
2511, 4712
486, 2741
3872, 3874
1928, 2336
660, 1989
1057, 2404
198, 3862
2082, 4184
1998, 2696
3302, 3799
998, 1961
382, 1661
2033, 2838
2035, 2695
1313, 3515
2154, 3828
1571, 2721
4096, 4584
3023, 4071
1957, 2081
633, 4919
2097, 3995
2657, 4881
372, 2110
2112, 2555
3265, 4617
3308, 3364
2323, 4209
306, 4479
4525, 4591
2983, 4560
969, 3231
96, 2162
62, 4362
80, 3361
1457, 4138
845, 2176
334, 3355
566, 3303
265, 4528
1345, 1571
108, 4786
884, 2232
2233, 4315
4450, 4583
1346, 2457
3534, 4571
3364, 3758
3519, 3701
2270, 4871
3947, 4828
1472, 2286
2295, 4051
2717, 4635
189, 2825
2318, 2432
2115, 2810
672, 3956
2552, 4841
3446, 4424
3038, 3059
862, 4045
1037, 2347
3127, 3592
999, 2349
2351, 3443
3119, 3927
2675, 3744
2372, 3357
917, 2373
276, 4390
2555, 4485
2384, 3320
2385, 3625
3696, 4997
2400, 2407
2412, 4250
3762, 4774
3216, 4617
2450, 4196
3939, 4819
2191, 2459
2462, 4810
2795, 4439
2770, 3672
58, 4578
317, 3789
126, 3803
969, 2492
2649, 4166
4324, 4629
940, 2333
1700, 3830
2899, 3181
3315, 3948
1840, 4838
762, 1850
1304, 2852
3876, 4457
748, 2255
2561, 4432
110, 2573
3880, 4086
3237, 3483
2924, 3742
2254, 2602
634, 2608
2613, 4415
2901, 3486
1391, 4921
2232, 2622
804, 2764
2538, 3969
1315, 2627
2887, 4894
2640, 3778
2648, 2864
4172, 4475
1608, 3863
2682, 4483
3749, 3900
760, 2694
11, 560
1224, 3104
3116, 4690
2080, 3411
1826, 3245
1050, 3224
1342, 1829
3570, 3728
2795, 3666
2796, 3368
1798, 4823
2811, 3535
2646, 2814
1166, 4745
3185, 4130
3924, 4397
1789, 4415
2235, 2887
2713, 3023
433, 2892
1579, 4473
661, 3530
707, 2927
1969, 3432
643, 3027
1454, 3064
413, 2953
2241, 3917
4243, 4948
2882, 2984
3052, 3185
1534, 4770
1606, 3619
1322, 4592
2182, 4204
2016, 3417
2029, 3677
4589, 4900
2643, 4958
2638, 3436
1250, 3186
3878, 4394
670, 3205
1311, 3230
3725, 4695
2533, 3244
2208, 4537
3443, 3742
3265, 4915
2785, 3250
2673, 3715
3234, 3279
1731, 2574
1200, 3326
87, 3358
2427, 3362
1888, 2985
3213, 3373
3382, 4238
2524, 3400
1691, 2070
788, 4398
3922, 4364
4286, 4598
3068, 3990
1573, 4290
1313, 4425
3727, 4067
2206, 4514
2382, 4998
226, 3660
3673, 4995
4087, 4954
429, 4985
1281, 4126
3746, 4157
1744, 3495
3792, 4484
1971, 4142
1832, 3856
126, 4268
3255, 4055
1423, 4768
1053, 4027
2970, 4978
2807, 4040
1029, 4924
1549, 4271
1786, 4357
33, 4620
4051, 4577
4245, 4443
4453, 4775
637, 4300
3495, 4328
3447, 3588
486, 4440
66, 4651
4066, 4642
2768, 4829
2525, 4461
525, 919
1714, 4974
3774, 4508
770, 3617
158, 4760
14, 3417
358, 2606
1637, 1980
1652, 2085
338, 1784
3328, 4720
2494, 2528
4087, 4639
1803, 3118
60, 3669
2995, 4605
639, 4069
2305, 4722
1459, 1613
2810, 3316
3823, 4536
754, 4992
907, 947
595, 3110
297, 2301
2188, 4247
366, 4105
2716, 4772
1300, 3266
437, 4495
2562, 3421
3149, 4396
482, 3107
310, 414
147, 1928
987, 2853
3191, 4996
2766, 4942
496, 3847
2007, 3146
4658, 4704
1027, 4750
787, 2860
233, 4950
1103, 4963
3240, 4268
1186, 1729
3926, 4120
1504, 3589
3384, 4323
1573, 4780
1697, 1861
3046, 3609
45, 1291
871, 3387
668, 4957
1667, 1963
3777, 4296
664, 4333
788, 2626
1596, 2769
3786, 4544
1265, 1918
1080, 3637
555, 4787
833, 2339
663, 736
641, 3704
0, 1957
239, 3524
1861, 4130
760, 1036
2741, 4277
3235, 3485
1763, 2749
2217, 3441
3524, 3629
2436, 2894
611, 1140
2154, 2156
2228, 2562
18, 3320
2175, 3356
1050, 1495
1052, 3855
2040, 2961
2205, 3509
3832, 4037
2232, 2544
703, 2085
1107, 4002
1794, 3478
191, 2325
1181, 1481
832, 4429
3987, 4810
1333, 2841
1033, 1492
2686, 3205
1450, 3521
2517, 2696
1123, 3005
2758, 4815
775, 3083
511, 3902
1876, 3413
3253, 3692
871, 1296
902, 2290
1308, 3644
2982, 3450
2475, 3679
3760, 3802
1665, 4878
817, 4542
3993, 4811
2774, 4427
2187, 4444
2153, 4293
2585, 2921
780, 3405
1928, 3884
4546, 4892
1033, 2719
1009, 2532
436, 679
902, 1267
3148, 4290
668, 1539
3406, 4773
3122, 3768
1449, 1535
3699, 4227
2275, 2304
1813, 3180
3832, 4125
335, 862
1129, 3144
1786, 4954
2455, 3391
374, 3434
3731, 4420
914, 2660
917, 3676
349, 2682
473, 4680
3310, 4953
3894, 3947
1014, 1410
3633, 4293
4315, 4749
1437, 2974
2249, 3403
902, 2245
339, 2404
408, 650
2358, 3457
702, 3011
836, 4711
3657, 3736
3084, 3136
1736, 1921
3946, 4475
276, 4304
4009, 4999
728, 1733
3650, 3862
331, 919
956, 3181
848, 4925
858, 4665
1486, 2098
1798, 3618
1883, 3834
299, 2775
2071, 2261
1902, 3163
1851, 4431
739, 3094
1434, 4715
247, 1422
4008, 4222
96, 2669
1097, 1491
733, 3834
2907, 3928
2745, 3861
788, 3592
3378, 3432
3147, 3822
956, 2419
1646, 3983
4322, 4731
2841, 2931
1645, 3614
1255, 4482
74, 1934
178, 2949
816, 4786
1779, 4461
2931, 4779
1977, 3181
1604, 3684
1439, 4472
430, 3606
334, 3201
2554, 3874
29, 3843
1628, 2723
3240, 3449
709, 2054
3654, 3779
868, 2892
2607, 4419
1036, 1475
2894, 3424
1872, 4343
1327, 3314
1260, 3313
1150, 3168
587, 3165
1902, 4739
473, 2910
3029, 3424
2486, 4481
593, 2651
312, 2512
1168, 2281
4669, 4816
1301, 2038
3129, 4615
719, 1345
3142, 3997
1018, 4736
1509, 2897
3520, 4324
3544, 4513
2154, 3780
45, 4830
190, 2844
1581, 4632
1365, 1555
4012, 4915
1715, 2182
568, 4079
